,mass A,,
t,x,y,
0.000,8.158E-3,-9.494E-2
0.044,7.978E-3,-9.471E-2
0.087,7.874E-3,-9.393E-2
0.131,8.349E-3,-9.299E-2
0.174,-1.854E-3,-9.636E-2
0.218,7.541E-3,-9.484E-2
0.261,8.071E-5,-9.465E-2
0.305,6.522E-3,-9.598E-2
0.348,6.542E-3,-9.885E-2
0.392,6.764E-3,-0.101
0.435,-5.984E-3,-0.107
0.479,-8.847E-3,-0.110
0.522,-8.836E-3,-0.112
0.566,-5.226E-4,-0.100
0.610,-7.199E-3,-0.112
0.653,7.498E-3,-0.101
0.697,7.433E-3,-9.988E-2
0.740,7.444E-3,-9.954E-2
0.784,6.792E-3,-0.105
0.827,6.718E-3,-9.457E-2
0.871,6.737E-3,-9.329E-2
0.914,6.706E-3,-9.208E-2
0.958,6.323E-3,-8.697E-2
1.001,5.298E-3,-7.604E-2
1.045,-1.155E-4,-4.753E-2
1.089,4.652E-3,-7.750E-2
1.132,-7.976E-5,-4.819E-2
1.176,3.976E-3,-9.851E-2
1.219,3.880E-3,-9.944E-2
1.263,3.430E-3,-9.991E-2
1.306,3.035E-3,-0.101
1.350,-7.733E-4,-0.103
1.393,-6.251E-4,-0.105
1.437,4.004E-3,-0.103
1.480,-5.565E-3,-0.101
1.524,4.150E-3,-9.951E-2
1.567,-9.017E-3,-8.665E-2
1.611,5.986E-4,-8.586E-2
1.655,5.496E-3,-8.141E-2
1.698,4.620E-3,-8.037E-2
1.742,1.379E-3,-6.983E-2
1.785,2.801E-3,-7.773E-2
1.829,1.195E-4,-6.354E-2
1.872,6.522E-4,-6.692E-2
1.916,-3.540E-3,-6.051E-2
1.959,5.994E-4,-5.968E-2
2.003,1.393E-3,-6.538E-2
2.046,1.050E-3,-6.265E-2
2.090,2.698E-3,-7.835E-2
2.134,-1.203E-3,-7.776E-2
2.177,-6.154E-3,-7.695E-2
2.221,-1.368E-3,-7.241E-2
2.264,-1.754E-3,-7.579E-2
2.308,5.999E-4,-5.046E-2
2.351,-6.917E-5,-4.747E-2
2.395,-2.412E-5,-4.692E-2
2.438,-8.890E-3,-0.104
2.482,-5.554E-3,-0.114
2.525,2.924E-3,-0.111
2.569,2.506E-3,-0.111
2.612,1.923E-3,-0.111
2.656,1.613E-3,-0.111
2.700,1.371E-3,-0.111
2.743,1.804E-3,-0.111
2.787,1.125E-3,-0.111
2.830,8.235E-4,-0.108
2.874,3.745E-4,-0.104
2.917,2.126E-4,-9.823E-2
2.961,4.016E-4,-9.132E-2
3.004,8.857E-4,-8.369E-2
3.048,1.377E-3,-7.507E-2
3.091,3.413E-3,-6.787E-2
3.135,1.957E-3,-6.403E-2
3.178,-4.616E-3,-4.746E-2
3.222,-4.547E-3,-4.660E-2
3.266,4.480E-4,-6.419E-2
3.309,-8.741E-3,-8.312E-2
3.353,9.043E-4,-7.979E-2
3.396,-5.275E-3,-9.925E-2
3.440,-6.713E-3,-0.104
3.483,-7.433E-3,-0.107
3.527,-4.011E-4,-7.126E-2
3.570,-4.470E-3,-6.402E-2
3.614,-9.730E-4,-6.241E-2
3.657,8.101E-4,-0.101
3.701,-3.299E-3,-4.257E-2
3.745,-2.772E-3,-4.302E-2
3.788,-2.649E-3,-4.371E-2
3.832,-7.597E-4,-9.627E-2
3.875,-4.717E-3,-3.819E-2
3.919,1.343E-3,-5.827E-2
3.962,2.721E-4,-6.008E-2
4.006,-5.369E-3,-4.004E-2
4.049,-8.223E-4,-0.118
4.093,-5.803E-3,-0.120
4.136,-3.631E-3,-0.119
4.180,-4.483E-3,-0.119
4.223,-5.030E-3,-0.117
4.267,-8.840E-3,-0.112
4.311,-2.440E-3,-7.822E-2
4.354,-5.361E-3,-9.411E-2
4.398,1.872E-3,-8.846E-2
4.441,-6.722E-3,-8.758E-2
4.485,4.070E-5,-8.723E-2
4.528,-7.585E-5,-8.755E-2
4.572,9.987E-4,-8.989E-2
4.615,1.359E-3,-9.164E-2
4.659,2.645E-3,-6.925E-2
4.702,2.038E-3,-8.032E-2
4.746,1.739E-3,-8.010E-2
4.790,-8.943E-3,-9.679E-2
4.833,3.137E-4,-0.101
4.877,-6.819E-3,-8.495E-2
4.920,6.291E-3,-0.101
4.964,6.609E-3,-9.882E-2
5.007,2.666E-3,-9.720E-2
5.051,5.930E-3,-9.934E-2
5.094,5.280E-3,-9.999E-2
5.138,5.730E-3,-0.102
5.181,5.526E-3,-0.104
5.225,-1.541E-3,-0.106
5.268,-1.044E-4,-0.109
5.312,-1.839E-3,-0.112
5.356,-1.564E-3,-0.114
5.399,1.423E-3,-5.913E-2
5.443,-4.657E-3,-0.117
5.486,3.169E-3,-0.113
5.530,-2.955E-3,-0.108
5.573,-8.883E-3,-0.105
5.617,-1.896E-3,-0.104
5.660,-1.011E-3,-0.104
5.704,-2.258E-3,-0.105
5.747,-2.148E-3,-0.107
5.791,4.297E-4,-6.053E-2
5.834,-8.251E-3,-0.116
5.878,-7.439E-3,-0.117
5.922,-5.152E-3,-0.118
5.965,2.628E-3,-6.847E-2
6.009,3.732E-3,-0.113
6.052,3.743E-3,-0.111
6.096,1.938E-3,-6.566E-2
6.139,4.121E-3,-0.106
6.183,3.904E-3,-0.104
6.226,3.417E-3,-0.102
6.270,2.815E-3,-0.102
6.313,2.618E-3,-9.976E-2
6.357,3.549E-3,-9.661E-2
6.401,3.917E-3,-9.045E-2
6.444,4.719E-3,-8.767E-2
6.488,-5.411E-4,-6.851E-2
6.531,4.762E-3,-8.383E-2
6.575,4.193E-3,-7.972E-2
6.618,3.067E-3,-7.589E-2
6.662,6.908E-4,-6.164E-2
6.705,-8.564E-5,-8.358E-2
6.749,-6.067E-3,-8.977E-2
6.792,-1.382E-3,-4.748E-2
6.836,3.907E-5,-8.750E-2
6.879,-7.451E-3,-9.378E-2
6.923,-4.196E-3,-4.195E-2
6.967,-6.345E-3,-0.105
7.010,-8.877E-3,-0.106
7.054,-1.408E-3,-4.721E-2
7.097,-6.956E-3,-7.627E-2
7.141,2.969E-3,-0.101
7.184,-8.002E-3,-8.543E-2
7.228,-9.063E-3,-8.122E-2
7.271,-5.484E-3,-8.032E-2
7.315,1.069E-3,-7.809E-2
7.358,4.108E-3,-7.649E-2
7.402,-2.005E-3,-5.816E-2
7.446,-3.968E-3,-5.222E-2
7.489,-6.643E-3,-4.534E-2
7.533,2.363E-3,-7.501E-2
7.576,-2.994E-3,-0.109
7.620,-8.854E-3,-0.110
7.663,-8.943E-4,-0.100
7.707,-8.449E-3,-0.102
7.750,-6.021E-3,-9.669E-2
7.794,1.701E-3,-8.297E-2
7.837,-3.289E-3,-5.624E-2
7.881,-6.026E-4,-6.485E-2
7.924,-6.264E-4,-6.354E-2
7.968,-3.308E-4,-6.568E-2
8.012,-1.929E-3,-6.027E-2
8.055,-5.977E-3,-4.152E-2
8.099,-8.920E-3,-9.964E-2
8.142,2.766E-3,-9.625E-2
8.186,-8.933E-3,-9.786E-2
8.229,3.607E-3,-9.025E-2
8.273,1.377E-3,-6.154E-2
8.316,-8.864E-3,-0.107
8.360,1.389E-3,-9.601E-2
8.403,3.064E-3,-0.106
8.447,3.010E-3,-0.110
8.490,2.501E-3,-0.113
8.534,2.193E-3,-0.114
8.578,2.491E-3,-0.114
8.621,3.233E-3,-0.112
8.665,4.411E-3,-0.108
8.708,5.256E-3,-0.104
8.752,5.318E-3,-0.101
8.795,1.331E-3,-0.103
8.839,-7.684E-3,-9.756E-2
8.882,1.525E-3,-9.871E-2
8.926,-3.140E-3,-3.949E-2
8.969,-4.118E-3,-3.670E-2
9.013,-4.074E-3,-3.802E-2
9.057,1.314E-3,-0.100
9.100,-4.083E-3,-3.793E-2
9.144,-4.064E-3,-3.791E-2
9.187,-4.574E-3,-3.820E-2
9.231,-4.620E-3,-8.835E-2
9.274,-5.248E-3,-3.512E-2
9.318,-4.751E-3,-3.701E-2
9.361,-8.364E-5,-5.277E-2
9.405,2.499E-4,-5.551E-2
9.448,-5.702E-3,-3.746E-2
9.492,-3.754E-3,-0.104
9.535,-2.970E-3,-0.105
9.579,-2.183E-3,-0.103
9.623,2.452E-4,-9.397E-2
9.666,8.729E-4,-9.102E-2
9.710,1.445E-3,-8.619E-2
9.753,1.537E-3,-8.251E-2
9.797,2.170E-3,-7.932E-2
9.840,2.931E-3,-7.808E-2
9.884,3.560E-3,-7.798E-2
9.927,4.012E-3,-7.950E-2
9.971,4.374E-3,-8.260E-2
10.014,4.755E-3,-8.671E-2
10.058,-8.219E-3,-6.186E-2
10.102,5.833E-3,-9.595E-2
10.145,5.938E-3,-9.965E-2
10.189,5.801E-3,-0.102
10.232,-8.879E-3,-0.105
10.276,-5.717E-3,-0.105
10.319,-6.333E-3,-0.104
10.363,3.952E-3,-0.103
10.406,2.802E-3,-0.102
10.450,1.842E-3,-0.102
10.493,9.860E-4,-0.103
10.537,-4.952E-3,-4.514E-2
10.580,-2.762E-3,-4.483E-2
10.624,3.534E-4,-0.109
10.668,8.925E-4,-0.113
10.711,-6.762E-3,-0.119
10.755,-6.749E-3,-0.123
10.798,-1.519E-3,-0.116
10.842,-8.262E-3,-6.307E-2
10.885,-7.025E-4,-5.365E-2
10.929,-1.005E-4,-9.570E-2
10.972,-6.697E-5,-9.172E-2
11.016,-4.787E-3,-0.102
11.059,-3.936E-3,-9.674E-2
11.103,-3.963E-3,-9.181E-2
11.146,-6.138E-3,-8.585E-2
11.190,-2.425E-3,-7.084E-2
11.234,-2.112E-3,-7.191E-2
11.277,-7.865E-4,-7.962E-2
11.321,9.151E-4,-8.614E-2
11.364,-6.318E-3,-3.012E-2
11.408,-8.856E-3,-0.109
11.451,3.812E-3,-0.105
11.495,-6.200E-3,-0.106
11.538,-8.304E-3,-0.102
11.582,-8.921E-3,-9.953E-2
11.625,-7.960E-3,-9.776E-2
11.669,-8.944E-3,-9.790E-2
11.713,-3.940E-4,-6.297E-2
11.756,-1.109E-3,-6.301E-2
11.800,-2.621E-3,-6.327E-2
11.843,-4.112E-3,-3.833E-2
11.887,2.592E-3,-0.107
11.930,-2.154E-3,-0.113
11.974,8.773E-6,-8.819E-2
12.017,3.207E-3,-0.106
12.061,-2.914E-3,-0.107
12.104,-6.682E-3,-6.919E-2
12.148,-1.213E-3,-0.111
12.191,-2.185E-3,-0.106
12.235,-3.856E-3,-9.891E-2
12.279,-5.186E-3,-9.532E-2
12.322,-6.303E-3,-9.189E-2
12.366,-7.050E-3,-9.065E-2
12.409,-7.248E-3,-9.185E-2
12.453,-8.286E-3,-9.161E-2
12.496,-8.960E-3,-9.420E-2
12.540,2.807E-3,-9.316E-2
12.583,1.396E-3,-9.342E-2
12.627,-5.603E-3,-9.894E-2
12.670,-5.494E-3,-9.462E-2
12.714,8.476E-4,-7.997E-2
12.758,1.291E-3,-7.777E-2
12.801,3.288E-3,-7.393E-2
12.845,3.866E-3,-6.848E-2
12.888,-2.937E-3,-8.032E-2
12.932,-2.788E-3,-8.022E-2
12.975,-2.443E-3,-8.251E-2
13.019,-2.396E-3,-8.291E-2
13.062,-2.655E-3,-8.423E-2
13.106,-2.981E-3,-8.486E-2
13.149,2.828E-3,-6.265E-2
13.193,7.984E-4,-5.884E-2
13.236,-3.059E-4,-5.480E-2
13.280,-2.086E-3,-5.043E-2
13.324,-3.247E-3,-4.602E-2
13.367,-5.384E-3,-8.680E-2
13.411,-9.217E-3,-5.747E-2
13.454,-9.218E-3,-5.685E-2
13.498,-8.363E-3,-5.778E-2
13.541,-8.395E-3,-5.793E-2
13.585,-8.697E-3,-5.798E-2
13.628,-9.210E-3,-5.838E-2
13.672,-1.433E-2,-4.279E-2
13.715,-1.320E-2,-4.754E-2
13.759,-1.309E-3,-5.764E-2
13.802,-6.788E-4,-5.768E-2
13.846,-5.641E-5,-6.050E-2
13.890,1.257E-5,-5.999E-2
13.933,8.247E-6,-5.897E-2
13.977,-4.738E-5,-5.733E-2
14.020,-8.847E-3,-0.110
14.064,-8.828E-3,-0.113
14.107,2.837E-4,-6.018E-2
14.151,6.080E-3,-0.111
14.194,4.690E-3,-7.640E-2
14.238,4.788E-3,-0.109
14.281,-3.364E-3,-5.477E-2
14.325,-9.240E-3,-5.496E-2
14.369,-7.122E-3,-0.115
14.412,-7.606E-3,-0.116
14.456,1.719E-3,-0.115
14.499,1.924E-3,-0.118
14.543,-7.093E-3,-0.122
14.586,-5.596E-3,-4.576E-2
14.630,-6.317E-3,-4.499E-2
14.673,-5.571E-3,-0.117
14.717,9.188E-4,-0.105
14.760,-6.631E-3,-4.132E-2
14.804,-4.984E-3,-4.462E-2
14.847,-8.961E-3,-9.391E-2
14.891,-8.967E-3,-9.264E-2
14.935,-8.966E-3,-9.292E-2
14.978,-6.731E-3,-9.416E-2
15.022,1.117E-3,-9.170E-2
15.065,2.001E-4,-9.488E-2
15.109,-9.741E-4,-9.489E-2
15.152,-2.090E-3,-8.989E-2
15.196,-2.193E-3,-8.356E-2
15.239,-2.838E-3,-7.911E-2
15.283,-3.441E-3,-7.699E-2
15.326,3.401E-4,-5.806E-2
15.370,-4.365E-3,-7.897E-2
15.414,-3.288E-3,-7.893E-2
15.457,-1.755E-3,-8.898E-2
15.501,6.707E-4,-9.573E-2
15.544,-9.875E-4,-0.107
15.588,-1.296E-3,-0.111
15.631,-1.877E-3,-0.112
15.675,-2.767E-3,-0.111
15.718,-3.475E-3,-0.108
15.762,6.479E-4,-6.130E-2
15.805,-2.054E-3,-9.850E-2
15.849,-4.462E-3,-8.163E-2
15.892,2.217E-3,-8.488E-2
15.936,4.390E-3,-7.814E-2
15.980,4.416E-3,-7.426E-2
16.023,3.939E-3,-7.356E-2
16.067,3.897E-3,-7.498E-2
16.110,4.087E-3,-7.787E-2
16.154,4.378E-3,-8.147E-2
16.197,4.769E-3,-8.471E-2
16.241,4.975E-3,-8.975E-2
16.284,-5.292E-5,-5.729E-2
16.328,-5.537E-4,-5.370E-2
16.371,-7.406E-4,-5.245E-2
16.415,-7.423E-4,-5.228E-2
16.458,-7.261E-4,-5.238E-2
16.502,5.952E-4,-6.072E-2
16.546,9.848E-4,-6.126E-2
16.589,3.500E-3,-0.102
16.633,2.797E-3,-9.943E-2
16.676,2.178E-3,-9.728E-2
16.720,1.284E-3,-9.661E-2
16.763,4.776E-4,-9.790E-2
16.807,7.132E-4,-5.549E-2
16.850,-1.486E-3,-0.101
16.894,-7.083E-5,-5.266E-2
16.937,-7.473E-4,-4.840E-2
16.981,-7.697E-4,-4.947E-2
17.025,-2.171E-3,-4.558E-2
17.068,-2.550E-3,-4.563E-2
17.112,2.304E-3,-6.945E-2
17.155,2.131E-3,-6.947E-2
17.199,-8.726E-3,-0.114
17.242,2.195E-3,-6.829E-2
17.286,1.873E-3,-6.826E-2
17.329,1.967E-3,-6.851E-2
17.373,1.909E-3,-0.116
17.416,3.170E-3,-0.113
17.460,3.900E-3,-0.113
17.503,-1.207E-3,-9.605E-2
17.547,4.592E-3,-8.554E-2
17.591,4.247E-3,-0.110
17.634,4.145E-3,-0.109
17.678,3.976E-3,-0.108
17.721,3.676E-3,-0.108
17.765,3.251E-3,-0.110
17.808,2.535E-3,-0.113
17.852,1.596E-3,-0.116
17.895,8.489E-4,-0.121
17.939,-7.636E-4,-0.126
17.982,3.091E-4,-0.129
18.026,-3.352E-4,-0.131
18.070,-1.011E-3,-0.132
18.113,-1.610E-3,-0.132
18.157,-1.794E-3,-0.134
18.200,-2.207E-3,-0.136
18.244,-3.093E-3,-0.138
18.287,-4.092E-3,-0.138
18.331,-3.248E-3,-0.137
18.374,-3.628E-3,-0.135
18.418,-7.457E-4,-0.129
18.461,-2.353E-4,-0.123
18.505,2.116E-3,-0.119
18.548,4.083E-3,-0.113
18.592,4.396E-3,-0.105
18.636,5.115E-3,-0.101
18.679,5.253E-3,-9.727E-2
18.723,5.615E-3,-9.643E-2
18.766,5.626E-3,-9.808E-2
18.810,4.007E-3,-0.102
18.853,-3.743E-3,-0.110
18.897,-3.677E-3,-0.114
18.940,3.353E-3,-0.113
18.984,2.479E-3,-0.119
19.027,2.304E-3,-0.120
19.071,3.238E-3,-0.123
19.114,2.675E-3,-0.121
19.158,3.099E-3,-0.120
19.202,5.027E-3,-0.117
19.245,-1.654E-2,-0.117
19.289,2.452E-3,-0.115
19.332,2.646E-3,-0.117
19.376,1.925E-3,-0.118
19.419,8.406E-4,-0.120
19.463,-1.169E-3,-0.120
19.506,-1.664E-2,-0.103
19.550,-3.428E-3,-0.120
19.593,-3.245E-3,-0.115
19.637,-2.132E-3,-0.110
19.681,3.687E-4,-0.105
19.724,-5.730E-5,-9.837E-2
19.768,3.752E-3,-9.169E-2
19.811,3.714E-3,-8.620E-2
19.855,4.066E-3,-8.418E-2
19.898,3.687E-3,-8.236E-2
19.942,3.301E-3,-7.943E-2
19.985,2.559E-3,-7.797E-2
20.029,1.102E-3,-7.890E-2
20.072,1.657E-3,-7.981E-2
20.116,1.133E-3,-8.329E-2
20.159,-2.142E-3,-8.587E-2
20.203,7.142E-3,-0.102
20.247,-3.568E-3,-9.119E-2
20.290,-3.783E-3,-8.662E-2
20.334,-2.001E-3,-7.984E-2
20.377,-3.805E-4,-7.617E-2
20.421,-5.839E-4,-7.324E-2
20.464,6.378E-4,-6.482E-2
20.508,-1.977E-3,-5.715E-2
20.551,-1.424E-4,-5.787E-2
20.595,-1.400E-3,-6.117E-2
20.638,1.018E-3,-6.683E-2
20.682,1.779E-3,-7.103E-2
20.726,3.274E-3,-7.559E-2
20.769,2.348E-3,-7.395E-2
20.813,1.299E-4,-7.067E-2
20.856,3.393E-3,-6.644E-2
20.900,3.210E-3,-6.645E-2
20.943,1.170E-3,-6.244E-2
20.987,1.556E-3,-6.536E-2
21.030,-1.666E-2,-0.102
21.074,-2.372E-4,-7.049E-2
21.117,2.194E-3,-7.816E-2
21.161,2.761E-3,-8.072E-2
21.204,3.466E-3,-0.103
21.248,4.593E-3,-0.107
21.292,3.503E-3,-0.108
21.335,-1.657E-2,-0.112
21.379,1.668E-3,-0.108
21.422,1.251E-3,-0.105
21.466,8.876E-4,-0.101
21.509,3.838E-4,-9.766E-2
21.553,2.268E-4,-9.411E-2
21.596,6.477E-4,-9.244E-2
21.640,-3.014E-4,-8.751E-2
21.683,-8.514E-4,-8.733E-2
21.727,-3.755E-3,-9.064E-2
21.770,-3.139E-3,-9.725E-2
21.814,-4.342E-3,-0.105
21.858,-4.201E-3,-0.110
21.901,-4.682E-3,-0.115
21.945,-6.850E-3,-0.119
21.988,-6.480E-3,-0.120
22.032,-7.761E-3,-0.117
22.075,-7.045E-3,-0.113
22.119,-5.792E-3,-0.107
22.162,-3.448E-3,-9.866E-2
22.206,-1.505E-3,-9.057E-2
22.249,9.331E-4,-8.091E-2
22.293,-1.840E-3,-7.672E-2
22.337,-2.157E-3,-8.368E-2
22.380,-3.206E-3,-9.064E-2
22.424,2.826E-3,-0.102
22.467,9.354E-4,-0.107
22.511,2.440E-3,-0.113
22.554,2.464E-3,-0.117
22.598,3.384E-3,-0.117
22.641,2.258E-3,-0.113
22.685,3.624E-3,-0.112
22.728,4.398E-3,-0.108
22.772,5.396E-3,-0.103
22.815,5.802E-3,-9.698E-2
22.859,5.074E-3,-9.753E-2
22.903,4.176E-3,-9.992E-2
22.946,-1.925E-3,-0.105
22.990,-3.129E-3,-0.109
23.033,5.121E-3,-0.107
23.077,5.525E-3,-0.112
23.120,5.597E-3,-0.117
23.164,4.152E-3,-0.123
23.207,5.249E-3,-0.123
23.251,5.235E-3,-0.121
23.294,4.372E-3,-0.122
23.338,4.915E-3,-0.118
23.382,5.830E-3,-0.114
23.425,6.704E-3,-0.110
23.469,8.428E-3,-0.106
23.512,6.948E-3,-0.104
23.556,6.931E-3,-0.102
23.599,6.747E-3,-0.101
23.643,6.212E-3,-0.103
23.686,7.491E-3,-0.103
23.730,6.043E-3,-0.105
23.773,6.958E-3,-0.105
23.817,6.417E-3,-0.106
23.860,5.332E-3,-0.108
23.904,4.580E-3,-0.105
23.948,5.525E-3,-0.106
23.991,6.765E-3,-0.104
24.035,5.824E-3,-0.100
24.078,5.465E-3,-0.101
24.122,4.197E-3,-0.103
24.165,4.570E-3,-0.104
24.209,4.801E-3,-8.825E-2
24.252,5.680E-3,-0.106
24.296,3.791E-3,-9.467E-2
24.339,2.987E-3,-0.110
24.383,3.030E-3,-0.107
24.427,3.548E-3,-0.102
24.470,3.827E-3,-9.739E-2
24.514,3.904E-3,-9.269E-2
24.557,4.655E-3,-9.003E-2
24.601,1.190E-3,-9.152E-2
24.644,-1.042E-2,-9.687E-2
24.688,1.324E-3,-9.483E-2
24.731,-1.125E-2,-9.429E-2
24.775,-1.494E-4,-0.104
24.818,-3.635E-3,-0.108
24.862,-1.068E-3,-0.109
24.905,-1.672E-2,-9.310E-2
24.949,-4.172E-3,-0.109
24.993,-6.951E-3,-0.102
25.036,-6.663E-3,-9.687E-2
25.080,1.548E-3,-8.773E-2
25.123,-3.255E-3,-8.369E-2
25.167,-1.174E-2,-7.314E-2
25.210,-9.154E-3,-7.714E-2
25.254,-1.674E-2,-9.029E-2
25.297,-1.670E-2,-9.428E-2
25.341,-1.056E-2,-9.690E-2
25.384,1.309E-3,-9.412E-2
25.428,-1.657E-2,-0.118
25.471,-4.385E-4,-0.109
25.515,-1.558E-2,-0.126
25.559,-1.663E-2,-0.109
25.602,-1.666E-2,-0.104
25.646,-1.657E-2,-0.115
25.689,-1.425E-2,-0.107
25.733,-2.739E-3,-9.933E-2
25.776,-6.230E-4,-9.307E-2
25.820,1.059E-3,-8.703E-2
25.863,-2.201E-3,-7.746E-2
25.907,-3.664E-3,-7.747E-2
25.950,-1.559E-2,-9.037E-2
25.994,-1.670E-2,-9.622E-2
26.038,-8.986E-3,-9.783E-2
26.081,-3.760E-3,-0.102
26.125,4.035E-3,-0.103
26.168,3.503E-3,-0.108
26.212,1.689E-3,-0.111
26.255,3.527E-3,-0.112
26.299,3.715E-3,-0.113
26.342,4.442E-3,-0.112
26.386,5.528E-3,-0.110
26.429,-1.679E-2,-8.126E-2
26.473,-1.658E-2,-0.112
26.516,-9.115E-3,-0.110
26.560,3.885E-3,-0.103
26.604,-1.671E-2,-9.470E-2
26.647,4.139E-3,-9.461E-2
26.691,2.097E-3,-9.042E-2
26.734,2.299E-3,-9.316E-2
26.778,-7.757E-5,-9.336E-2
26.821,-8.029E-4,-9.956E-2
26.865,-2.791E-3,-0.107
26.908,-7.268E-3,-0.112
26.952,-9.476E-3,-0.110
26.995,-8.369E-3,-0.111
27.039,-1.050E-2,-0.107
27.083,-1.041E-2,-9.953E-2
27.126,-3.151E-3,-9.430E-2
27.170,-4.010E-3,-8.040E-2
27.213,-7.893E-3,-7.439E-2
27.257,-6.060E-3,-7.493E-2
27.300,-1.673E-2,-9.289E-2
27.344,-1.545E-2,-9.815E-2
27.387,-1.663E-2,-0.107
27.431,-1.222E-2,-0.116
27.474,-1.521E-2,-0.127
27.518,-1.613E-2,-0.126
27.561,-1.507E-2,-0.121
27.605,-4.828E-3,-0.106
27.649,-2.170E-3,-9.942E-2
27.692,-1.326E-2,-9.338E-2
27.736,1.811E-5,-8.602E-2
27.779,-1.118E-2,-7.569E-2
27.823,-1.674E-2,-8.998E-2
27.866,-1.187E-2,-8.155E-2
27.910,-1.620E-2,-0.101
27.953,-1.623E-2,-0.106
27.997,-1.091E-2,-0.111
28.040,-3.556E-3,-0.115
28.084,-1.299E-2,-0.126
28.127,-4.450E-3,-0.122
28.171,-4.813E-3,-0.122
28.215,-1.541E-3,-0.120
28.258,-1.623E-3,-0.122
28.302,2.405E-5,-0.118
28.345,7.834E-3,-9.989E-2
28.389,9.818E-3,-9.585E-2
28.432,7.956E-3,-9.111E-2
28.476,8.689E-3,-9.129E-2
28.519,8.512E-3,-9.220E-2
28.563,7.965E-3,-9.239E-2
28.606,7.053E-3,-9.276E-2
28.650,6.703E-3,-9.514E-2
28.694,7.644E-3,-9.879E-2
28.737,6.543E-3,-9.844E-2
28.781,7.649E-3,-9.953E-2
28.824,6.372E-3,-0.100
28.868,6.926E-3,-0.101
28.911,-2.785E-3,-0.106
28.955,6.403E-3,-0.104
28.998,5.132E-3,-0.106
29.042,5.516E-3,-0.109
29.085,4.435E-3,-0.111
29.129,5.740E-3,-0.114
29.172,3.367E-3,-0.115
29.216,3.542E-3,-0.114
29.260,3.334E-3,-0.110
29.303,3.821E-3,-0.110
29.347,4.412E-3,-0.107
29.390,4.994E-3,-0.103
29.434,7.472E-3,-0.100
29.477,6.002E-3,-9.954E-2
29.521,7.279E-3,-9.898E-2
29.564,4.717E-3,-9.881E-2
29.608,4.727E-3,-0.100
29.651,5.474E-3,-0.102
29.695,5.121E-3,-0.104
29.739,4.385E-3,-0.104
29.782,5.845E-3,-0.103
29.826,3.826E-3,-0.102
29.869,-1.552E-3,-0.107
29.913,5.482E-3,-0.104
29.956,4.069E-3,-0.111
30.000,3.860E-3,-0.107
30.043,2.951E-3,-0.108
30.087,3.871E-3,-0.109
30.130,4.036E-3,-0.106
30.174,3.123E-3,-0.106
30.217,5.984E-3,-9.698E-2
30.261,5.222E-3,-9.259E-2
30.305,5.396E-3,-9.131E-2
30.348,5.756E-3,-9.039E-2
30.392,5.014E-3,-8.893E-2
30.435,5.387E-3,-9.003E-2
30.479,5.222E-3,-9.259E-2
30.522,4.863E-3,-9.351E-2
30.566,4.884E-3,-9.662E-2
30.609,4.167E-3,-9.863E-2
30.653,5.099E-3,-0.101
30.696,6.024E-3,-0.103
30.740,4.392E-3,-0.105
30.783,4.935E-3,-0.104
30.827,3.257E-3,-9.937E-2
30.871,5.996E-3,-9.862E-2
30.914,6.531E-3,-9.661E-2
30.958,-3.087E-3,-0.102
31.001,5.802E-3,-9.698E-2
31.045,4.912E-3,-0.101
31.088,4.177E-3,-0.100
31.132,4.742E-3,-0.102
31.175,5.814E-3,-9.881E-2
31.219,-1.661E-2,-0.109
31.262,4.171E-3,-9.918E-2
31.306,3.079E-3,-0.100
31.350,3.638E-3,-0.102
31.393,4.213E-3,-0.105
31.437,3.136E-3,-0.108
31.480,3.877E-3,-0.110
31.524,-1.654E-2,-0.119
31.567,3.153E-3,-0.111
31.611,3.354E-3,-0.113
31.654,4.436E-3,-0.111
31.698,3.895E-3,-0.112
31.741,4.825E-3,-0.114
31.785,-1.651E-2,-0.123
31.828,-1.023E-2,-0.120
31.872,-4.693E-3,-0.116
31.916,6.601E-4,-0.111
31.959,5.709E-3,-0.107
32.003,5.958E-3,-0.104
32.046,6.154E-3,-0.100
32.090,6.175E-3,-9.804E-2
32.133,6.175E-3,-9.807E-2
32.177,7.247E-3,-9.441E-2
32.220,5.418E-3,-9.442E-2
32.264,-1.644E-3,-9.789E-2
32.307,3.958E-3,-9.498E-2
32.351,4.314E-3,-9.351E-2
32.395,4.316E-3,-9.388E-2
32.438,1.198E-3,-9.262E-2
32.482,2.877E-3,-9.736E-2
32.525,-1.463E-2,-0.105
32.569,-1.107E-2,-0.107
32.612,-5.735E-3,-0.110
32.656,2.394E-4,-0.113
32.699,-8.198E-4,-0.118
32.743,-6.471E-4,-0.117
32.786,-1.654E-2,-0.117
32.830,-5.373E-3,-0.117
32.873,-2.482E-3,-0.112
32.917,-1.769E-3,-0.106
32.961,-7.075E-5,-9.903E-2
33.004,1.937E-3,-9.371E-2
33.048,1.381E-3,-9.262E-2
33.091,-1.496E-3,-9.977E-2
33.135,-1.853E-3,-0.100
33.178,2.893E-3,-8.930E-2
33.222,-3.773E-3,-0.114
33.265,-5.244E-3,-0.113
33.309,-3.927E-3,-0.118
33.352,-8.861E-3,-0.119
33.396,-6.512E-3,-0.115
33.439,-4.823E-3,-0.118
33.483,-4.719E-3,-0.110
33.527,-4.493E-3,-0.110
33.570,1.287E-3,-0.101
33.614,-8.651E-5,-9.208E-2
33.657,3.594E-3,-8.970E-2
33.701,1.335E-3,-8.603E-2
33.744,-1.672E-2,-9.211E-2
33.788,-1.436E-2,-9.491E-2
33.831,-1.464E-2,-0.100
33.875,-7.712E-3,-0.102
33.918,2.413E-4,-0.104
33.962,-3.896E-3,-0.111
34.006,1.551E-3,-0.113
34.049,-3.451E-4,-0.107
34.093,-7.336E-6,-0.103
34.136,5.095E-4,-9.884E-2
34.180,4.929E-4,-9.647E-2
34.223,3.765E-3,-9.352E-2
34.267,-2.370E-3,-0.105
34.310,-2.706E-3,-9.896E-2
34.354,-4.017E-3,-9.526E-2
34.397,2.625E-3,-8.749E-2
34.441,4.314E-3,-9.351E-2
34.484,3.980E-3,-9.809E-2
34.528,3.424E-3,-9.699E-2
34.572,2.712E-3,-9.993E-2
34.615,-1.664E-2,-0.105
34.659,-4.423E-3,-0.105
34.702,2.102E-3,-9.960E-2
34.746,2.574E-3,-9.534E-2
34.789,2.857E-3,-9.444E-2
34.833,2.049E-3,-8.347E-2
34.876,2.596E-3,-8.328E-2
34.920,2.632E-3,-8.840E-2
34.963,-1.526E-2,-9.819E-2
35.007,-9.721E-3,-0.102
35.051,-6.689E-3,-0.107
35.094,4.370E-3,-0.102
35.138,5.869E-3,-0.107
35.181,5.341E-3,-0.110
35.225,5.487E-3,-0.104
35.268,6.579E-3,-0.104
35.312,5.828E-3,-0.101
35.355,6.752E-3,-0.102
35.399,5.291E-3,-0.102
35.442,9.127E-3,-0.102
35.486,8.199E-3,-9.970E-2
35.529,7.637E-3,-9.788E-2
35.573,6.543E-3,-9.844E-2
35.617,5.795E-3,-9.606E-2
35.660,5.777E-3,-9.350E-2
35.704,3.581E-3,-9.333E-2
35.747,5.610E-3,-9.570E-2
35.791,4.870E-3,-9.461E-2
35.834,3.961E-3,-9.534E-2
35.878,3.972E-3,-9.699E-2
35.921,4.724E-3,-9.991E-2
35.965,3.285E-3,-0.103
36.008,1.657E-3,-0.106
36.052,1.132E-3,-0.109
36.095,2.261E-3,-0.114
36.139,-1.149E-4,-0.114
36.183,4.594E-4,-0.118
36.226,-6.432E-4,-0.117
36.270,-1.654E-2,-0.118
36.313,3.011E-3,-8.895E-2
36.357,7.467E-4,-0.108
36.400,-1.497E-3,-0.104
36.444,3.097E-3,-9.849E-2
36.487,4.378E-3,-9.317E-2
36.531,4.860E-3,-9.314E-2
36.574,4.465E-3,-8.894E-2
36.618,-1.668E-2,-9.815E-2
36.662,-1.621E-2,-0.103
36.705,-8.035E-3,-0.106
36.749,-4.231E-3,-0.111
36.792,4.306E-3,-9.241E-2
36.836,1.144E-3,-0.111
36.879,1.549E-3,-0.117
36.923,1.162E-3,-0.114
36.966,1.985E-3,-0.113
37.010,3.203E-3,-0.108
37.053,4.901E-3,-0.103
37.097,7.099E-3,-9.935E-2
37.140,5.979E-3,-9.624E-2
37.184,5.067E-3,-9.662E-2
37.228,4.893E-3,-9.790E-2
37.271,3.809E-3,-9.973E-2
37.315,-2.686E-4,-0.100
37.358,4.360E-3,-0.100
37.402,4.567E-3,-0.104
37.445,4.747E-3,-0.103
37.489,4.202E-3,-0.104
37.532,4.201E-3,-0.104
37.576,3.837E-3,-0.104
37.619,3.053E-3,-9.626E-2
37.663,3.417E-3,-9.608E-2
37.707,3.765E-3,-9.352E-2
37.750,4.446E-3,-8.619E-2
37.794,5.316E-3,-7.978E-2
37.837,6.215E-3,-7.758E-2
37.881,2.723E-3,-7.523E-2
37.924,1.483E-3,-8.109E-2
37.968,2.953E-3,-8.200E-2
38.011,2.801E-3,-8.639E-2
38.055,3.734E-3,-8.913E-2
38.098,4.662E-3,-9.095E-2
38.142,4.479E-3,-9.095E-2
38.185,5.406E-3,-9.277E-2
38.229,3.024E-3,-9.224E-2
38.273,2.996E-3,-8.822E-2
38.316,4.265E-4,-8.695E-2
38.360,8.128E-4,-8.988E-2
38.403,9.931E-4,-8.951E-2
38.447,4.494E-3,-9.314E-2
38.490,2.875E-3,-9.700E-2
38.534,3.829E-3,-0.103
38.577,3.995E-3,-0.100
38.621,4.339E-3,-9.717E-2
38.664,5.241E-3,-9.533E-2
38.708,5.042E-3,-9.296E-2
38.751,5.576E-3,-9.094E-2
38.795,4.841E-3,-9.040E-2
38.839,5.722E-3,-8.564E-2
38.882,3.869E-3,-8.217E-2
38.926,3.871E-3,-0.103
38.969,2.753E-3,-7.962E-2
39.013,3.640E-3,-7.559E-2
39.056,1.816E-3,-7.633E-2
39.100,-2.737E-3,-7.929E-2
39.143,-1.522E-2,-9.877E-2
39.187,-1.160E-2,-0.103
39.230,-3.135E-3,-0.106
39.274,6.598E-3,-0.107
39.318,3.330E-3,-0.110
39.361,6.074E-3,-0.110
39.405,4.806E-3,-0.112
39.448,3.432E-3,-0.106
39.492,3.953E-3,-0.102
39.535,4.223E-3,-0.107
39.579,6.898E-3,-9.679E-2
39.622,6.899E-3,-9.697E-2
39.666,6.881E-3,-9.441E-2
39.709,7.458E-3,-9.843E-2
39.753,7.106E-3,-0.100
39.796,6.926E-3,-0.101
39.840,8.593E-3,-0.104
39.884,8.765E-3,-0.102
39.927,7.485E-3,-0.102
39.971,7.470E-3,-0.100
40.014,-1.681E-2,-7.993E-2
40.058,-1.678E-2,-8.368E-2
40.101,7.821E-3,-9.806E-2
40.145,,
40.188,4.869E-3,-9.442E-2
40.232,7.449E-3,-9.715E-2
40.275,4.705E-3,-9.717E-2
40.319,5.251E-3,-9.680E-2
40.363,5.798E-3,-9.643E-2
40.406,5.044E-3,-9.332E-2
40.450,5.424E-3,-9.533E-2
40.493,3.200E-3,-9.114E-2
40.537,5.589E-3,-9.277E-2
40.580,3.773E-3,-9.461E-2
40.624,2.889E-3,-9.901E-2
40.667,3.809E-3,-9.973E-2
40.711,2.175E-3,-0.102
40.754,2.565E-3,-0.105
40.798,1.827E-3,-0.104
40.841,-3.860E-4,-0.102
40.885,1.960E-3,-9.700E-2
40.929,2.124E-3,-9.426E-2
40.972,4.299E-3,-9.132E-2
41.016,3.576E-3,-9.260E-2
41.059,2.499E-3,-9.554E-2
41.103,2.155E-3,-9.865E-2
41.146,2.921E-3,-0.104
41.190,3.688E-3,-0.109
41.233,6.080E-3,-0.111
41.277,3.688E-3,-0.109
41.320,5.144E-3,-0.108
41.364,4.225E-3,-0.107
41.407,3.130E-3,-0.107
41.451,2.409E-3,-0.109
41.495,2.440E-3,-0.113
41.538,1.556E-3,-0.118
41.582,1.194E-3,-0.118
41.625,-4.590E-4,-0.117
41.669,-4.884E-4,-0.113
41.712,-1.272E-3,-0.106
41.756,-2.399E-3,-0.101
41.799,-5.299E-3,-0.113
41.843,-2.540E-3,-0.105
41.886,-9.518E-4,-9.603E-2
41.930,-6.303E-4,-8.906E-2
41.974,5.341E-3,-8.427E-2
42.017,2.036E-3,-8.164E-2
42.061,-1.540E-2,-9.821E-2
42.104,-1.406E-2,-0.103
42.148,-7.961E-3,-0.107
42.191,-5.549E-3,-0.111
42.235,5.508E-3,-0.107
42.278,7.191E-3,-0.113
42.322,5.929E-3,-0.115
42.365,5.942E-3,-0.117
42.409,5.952E-3,-0.119
42.452,5.754E-3,-0.116
42.496,5.719E-3,-0.111
42.540,5.895E-3,-0.110
42.583,7.522E-3,-0.108
42.627,5.315E-3,-0.106
42.670,4.758E-3,-0.105
42.714,4.925E-3,-0.102
42.757,2.246E-3,-9.917E-2
42.801,2.465E-3,-9.755E-2
42.844,-1.662E-2,-0.106
42.888,6.374E-4,-9.987E-2
42.931,-5.780E-3,-0.111
42.975,2.415E-3,-0.107
43.019,1.305E-3,-0.113
43.062,1.802E-3,-0.118
43.106,-1.300E-2,-0.119
43.149,8.845E-4,-0.119
43.193,2.439E-3,-0.110
43.236,2.409E-3,-0.106
43.280,2.840E-3,-0.102
43.323,2.812E-3,-9.778E-2
43.367,-1.665E-2,-0.103
43.410,2.179E-3,-8.960E-2
43.454,2.466E-4,-9.342E-2
43.497,-2.199E-3,-8.975E-2
43.541,-1.959E-3,-9.113E-2
43.585,-3.589E-3,-8.883E-2
43.628,-4.277E-3,-8.930E-2
43.672,-2.495E-3,-8.041E-2
43.715,-1.943E-3,-7.695E-2
43.759,-3.721E-4,-7.083E-2
43.802,-1.437E-3,-6.681E-2
43.846,-2.599E-3,-6.555E-2
43.889,-7.258E-4,-6.968E-2
43.933,-2.244E-3,-6.681E-2
43.976,-2.459E-3,-6.900E-2
44.020,-1.398E-3,-7.245E-2
44.063,-1.662E-2,-0.107
44.107,-1.771E-3,-8.502E-2
44.151,-4.079E-4,-9.872E-2
44.194,3.440E-3,-0.105
44.238,3.812E-3,-0.109
44.281,3.822E-3,-0.110
44.325,-2.150E-3,-0.115
44.368,-2.001E-3,-0.119
44.412,-2.751E-4,-0.118
44.455,-1.078E-3,-0.118
44.499,-1.860E-3,-0.122
44.542,-2.671E-3,-0.121
44.586,-2.680E-3,-0.120
44.630,-4.304E-3,-0.118
44.673,-5.104E-3,-0.119
44.717,-5.682E-3,-0.119
44.760,-5.587E-3,-0.116
44.804,-1.490E-2,-0.121
44.847,-1.388E-2,-0.111
44.891,-9.833E-3,-0.102
44.934,-7.884E-3,-9.403E-2
44.978,1.042E-3,-7.532E-2
45.021,-1.672E-2,-9.276E-2
45.065,-1.670E-2,-9.586E-2
45.108,-4.559E-4,-7.533E-2
45.152,-1.480E-3,-7.718E-2
45.196,-2.814E-3,-8.422E-2
45.239,-2.123E-3,-8.410E-2
45.283,-4.117E-3,-7.916E-2
45.326,-2.678E-3,-8.721E-2
45.370,-1.090E-3,-0.100
45.413,-2.037E-3,-9.654E-2
45.457,-4.152E-3,-9.068E-2
45.500,-5.741E-3,-9.415E-2
45.544,-1.664E-2,-0.104
45.587,-1.661E-2,-0.108
45.631,-1.658E-2,-0.114
45.675,-6.931E-3,-0.115
45.718,-6.278E-3,-0.122
45.762,-6.663E-3,-0.127
45.805,-5.769E-3,-0.131
45.849,-1.659E-2,-0.110
45.892,-1.663E-2,-0.106
45.936,-6.314E-3,-0.130
45.979,-5.564E-3,-0.125
46.023,-6.503E-3,-0.119
46.066,-1.434E-3,-0.113
46.110,5.291E-4,-0.108
46.153,5.664E-3,-0.103
46.197,6.904E-3,-0.102
46.241,5.417E-3,-9.911E-2
46.284,5.767E-3,-0.103
46.328,6.444E-3,-0.106
46.371,6.286E-3,-0.107
46.415,4.335E-3,-0.107
46.458,1.746E-3,-0.110
46.502,2.397E-3,-0.110
46.545,1.911E-3,-0.110
46.589,4.289E-4,-0.108
46.632,-5.647E-4,-0.106
46.676,1.548E-3,-0.105
46.719,-2.514E-3,-0.107
46.763,-1.480E-2,-0.111
46.807,-3.157E-3,-0.108
46.850,-1.185E-3,-0.110
46.894,-1.653E-2,-0.123
46.937,-1.652E-2,-0.126
46.981,-8.111E-3,-0.122
47.024,-1.697E-2,-5.621E-2
47.068,-1.203E-2,-0.121
47.111,-1.374E-2,-0.120
47.155,-1.089E-2,-6.324E-2
47.198,-9.381E-3,-0.107
47.242,-5.386E-3,-9.848E-2
47.286,-2.124E-4,-8.628E-2
47.329,3.950E-4,-7.992E-2
47.373,1.889E-4,-7.373E-2
47.416,3.859E-4,-7.862E-2
47.460,1.054E-3,-8.089E-2
47.503,9.009E-4,-8.236E-2
47.547,-6.565E-3,-6.703E-2
47.590,-4.071E-3,-0.106
47.634,1.062E-3,-0.105
47.677,7.570E-5,-0.104
47.721,-1.227E-3,-0.104
47.764,-1.244E-3,-0.102
47.808,-3.830E-3,-0.105
