,mass A,,
t,x,y,
0.000,-1.840E-3,-0.111
0.042,-3.375E-3,-0.114
0.084,3.821E-3,-0.104
0.126,-1.181E-2,-0.116
0.168,-1.750E-3,-0.102
0.210,-4.988E-3,-0.105
0.252,-1.027E-2,-9.254E-2
0.294,-1.958E-2,-0.102
0.336,-1.383E-2,-0.101
0.378,-3.807E-2,-0.125
0.420,-2.251E-2,-0.113
0.462,-1.516E-2,-9.290E-2
0.503,-1.728E-2,-0.116
0.545,-2.054E-2,-0.121
0.587,-2.838E-2,-0.113
0.629,-1.675E-2,-9.845E-2
0.671,-1.457E-2,-0.117
0.713,-1.744E-2,-0.124
0.755,-8.173E-3,-0.113
0.797,3.887E-3,-8.484E-2
0.839,5.012E-4,-9.025E-2
0.881,-2.088E-3,-9.770E-2
0.923,-2.719E-3,-0.101
0.965,-2.352E-2,-0.119
1.007,-2.490E-2,-0.120
1.049,-2.848E-2,-0.124
1.091,-3.162E-2,-0.115
1.133,-1.983E-2,-0.123
1.175,-2.391E-2,-0.126
1.217,-1.277E-2,-0.108
1.259,-1.064E-2,-8.668E-2
1.301,-1.401E-2,-0.117
1.343,-2.863E-2,-0.125
1.385,-2.185E-2,-0.115
1.427,-7.268E-3,-0.103
1.469,-6.893E-3,-0.117
1.510,-1.268E-3,-0.114
1.552,-3.957E-3,-0.110
1.594,5.706E-3,-8.722E-2
1.636,5.942E-3,-9.317E-2
1.678,-4.250E-4,-0.114
1.720,5.409E-3,-9.797E-2
1.762,-2.606E-2,-0.118
1.804,-6.981E-3,-0.108
1.846,-1.234E-2,-0.113
1.888,-2.327E-2,-0.116
1.930,-2.599E-2,-0.117
1.972,-2.286E-2,-0.110
2.014,-6.853E-3,-0.115
2.056,-9.029E-3,-0.121
2.098,-2.286E-2,-0.125
2.140,-1.830E-2,-0.110
2.182,-1.412E-2,-0.102
2.224,-9.543E-3,-0.119
2.266,-2.802E-2,-0.117
2.308,-3.134E-3,-8.793E-2
2.350,-5.693E-3,-9.479E-2
2.392,-5.009E-3,-0.113
2.434,-1.755E-2,-0.124
2.476,-1.123E-2,-8.609E-2
2.517,-1.968E-2,-0.104
2.559,-2.060E-2,-0.107
2.601,-2.833E-2,-7.312E-2
2.643,-2.863E-2,-0.126
2.685,-2.517E-2,-0.125
2.727,-2.972E-2,-0.108
2.769,-1.188E-2,-9.581E-2
2.811,-1.093E-2,-0.108
2.853,-4.674E-2,-0.143
2.895,-4.820E-3,-7.980E-2
2.937,-1.942E-2,-0.104
2.979,-8.406E-3,-0.110
3.021,-1.305E-2,-0.114
3.063,-3.246E-2,-0.115
3.105,-1.758E-2,-0.117
3.147,-1.104E-2,-9.242E-2
3.189,-2.615E-2,-9.432E-2
3.231,-2.571E-2,-0.121
3.273,-3.131E-2,-0.113
3.315,-2.269E-2,-8.742E-2
3.357,-3.495E-2,-0.124
3.399,-3.369E-2,-0.127
3.441,-4.270E-2,-0.115
3.482,-4.889E-2,-0.113
3.524,-3.434E-2,-0.123
3.566,-2.055E-2,-0.126
3.608,-1.745E-2,-0.112
3.650,-3.396E-2,-0.107
3.692,-2.208E-2,-0.112
3.734,-9.268E-3,-0.116
3.776,-1.239E-2,-0.118
3.818,-2.279E-2,-0.120
3.860,-1.833E-2,-9.160E-2
3.902,-2.224E-2,-0.117
3.944,-2.872E-2,-0.122
3.986,-5.495E-4,-0.112
4.028,1.722E-3,-8.333E-2
4.070,-1.600E-2,-0.129
4.112,-5.902E-3,-0.106
4.154,-4.457E-3,-0.104
4.196,-2.300E-2,-0.105
4.238,-1.455E-2,-0.111
4.280,-5.768E-3,-0.112
4.322,-2.058E-2,-0.110
4.364,-1.366E-2,-9.033E-2
4.406,-3.172E-2,-0.132
4.448,-3.324E-2,-0.117
4.489,-3.254E-2,-0.104
4.531,-2.688E-2,-0.118
4.573,-2.872E-2,-0.119
4.615,-4.913E-2,-0.112
4.657,-1.340E-2,-0.111
4.699,-1.677E-2,-0.110
4.741,-3.912E-2,-0.114
4.783,-3.816E-2,-0.115
4.825,-2.229E-2,-0.121
4.867,-2.070E-2,-0.114
4.909,-2.489E-2,-9.884E-2
4.951,-1.041E-2,-8.489E-2
4.993,-2.417E-2,-0.123
5.035,-2.080E-2,-0.116
5.077,-1.984E-2,-0.123
5.119,-2.375E-2,-0.128
5.161,-6.549E-3,-0.100
5.203,-1.574E-2,-0.103
5.245,-2.394E-2,-0.119
5.287,-2.671E-2,-0.119
5.329,-3.063E-2,-0.117
5.371,-1.791E-2,-0.118
5.413,-2.008E-2,-0.119
5.455,-9.437E-3,-0.112
5.496,-7.945E-3,-9.904E-2
5.538,-1.552E-2,-0.122
5.580,-1.410E-2,-0.123
5.622,-1.133E-2,-0.121
5.664,-9.474E-3,-0.113
5.706,-1.285E-2,-0.117
5.748,-1.033E-2,-0.115
5.790,-1.134E-2,-0.118
5.832,-1.627E-2,-0.114
5.874,-1.932E-2,-0.119
5.916,-3.591E-2,-0.122
5.958,-3.591E-2,-0.108
6.000,-3.267E-2,-0.131
6.042,-3.078E-2,-0.133
6.084,-3.608E-2,-0.130
6.126,-2.258E-2,-0.103
6.168,-1.954E-2,-0.123
6.210,-1.499E-2,-0.123
6.252,-7.398E-3,-0.117
6.294,-1.760E-3,-9.802E-2
6.336,-1.724E-2,-0.118
6.378,-1.310E-2,-0.100
6.420,-1.575E-2,-0.102
6.461,-3.352E-2,-0.120
6.503,-2.873E-2,-0.126
6.545,-3.579E-2,-0.125
6.587,-4.506E-3,-7.816E-2
6.629,-2.879E-2,-0.134
6.671,-1.414E-2,-0.108
6.713,-2.450E-2,-0.108
6.755,-1.680E-2,-0.113
6.797,-1.825E-2,-0.115
6.839,-2.901E-2,-0.116
6.881,-3.310E-2,-0.114
6.923,-2.396E-2,-0.122
6.965,-3.998E-2,-0.131
7.007,-1.669E-2,-8.867E-2
7.049,-1.802E-2,-0.115
7.091,-2.005E-2,-0.119
7.133,-1.435E-2,-0.116
7.175,-3.027E-2,-0.114
7.217,-3.272E-2,-0.127
7.259,-3.462E-2,-0.123
7.301,-7.294E-3,-7.662E-2
7.343,-4.374E-3,-9.706E-2
7.385,-1.665E-2,-0.124
7.427,-2.671E-2,-0.118
7.468,-1.721E-2,-9.365E-2
7.510,-1.452E-2,-0.115
7.552,-1.729E-2,-0.114
7.594,-3.237E-2,-0.112
7.636,-1.864E-2,-0.117
7.678,-1.734E-2,-0.106
7.720,-4.864E-2,-0.112
7.762,-1.761E-2,-0.115
7.804,-1.658E-2,-0.120
7.846,-3.224E-2,-0.120
7.888,-3.176E-2,-0.114
7.930,-1.316E-2,-0.119
7.972,-1.474E-2,-0.120
8.014,-9.364E-3,-9.661E-2
8.056,-1.292E-2,-0.114
8.098,-8.743E-3,-0.122
8.140,-9.772E-3,-0.117
8.182,-2.470E-3,-8.590E-2
8.224,-4.731E-2,-0.125
8.266,-3.824E-2,-0.128
8.308,-1.299E-2,-0.104
8.350,-4.914E-2,-9.749E-2
8.392,-1.536E-2,-8.647E-2
8.434,-1.210E-2,-0.110
8.475,-1.909E-2,-0.119
8.517,-4.775E-2,-0.113
8.559,-1.717E-2,-0.116
8.601,-1.365E-2,-0.120
8.643,-1.008E-2,-0.115
8.685,-9.508E-3,-0.109
8.727,-2.503E-2,-0.121
8.769,-1.132E-2,-0.113
8.811,-8.868E-3,-0.107
8.853,-3.115E-2,-0.141
8.895,8.202E-4,-7.632E-2
8.937,-2.917E-3,-9.183E-2
8.979,-3.420E-2,-0.139
9.021,-3.045E-2,-0.128
9.063,-1.690E-2,-0.119
9.105,-1.928E-2,-0.109
9.147,-2.375E-2,-0.126
9.189,-2.512E-2,-0.126
9.231,-3.225E-2,-0.119
9.273,-1.321E-2,-8.863E-2
9.315,-2.398E-2,-0.127
9.357,-5.133E-3,-0.109
9.399,-1.632E-2,-0.113
9.441,-1.203E-2,-0.121
9.482,-1.930E-2,-0.126
9.524,-3.247E-3,-0.100
9.566,-4.383E-3,-8.958E-2
9.608,-1.447E-2,-0.119
9.650,-1.371E-2,-0.117
9.692,-2.834E-2,-0.119
9.734,-1.106E-2,-0.120
9.776,-1.283E-2,-0.122
9.818,-5.403E-3,-0.109
9.860,-2.751E-3,-9.144E-2
9.902,-1.161E-2,-0.113
9.944,-1.320E-3,-0.111
9.986,-1.402E-2,-0.115
10.028,-1.379E-2,-9.997E-2
10.070,-1.904E-2,-0.116
10.112,-2.057E-2,-0.111
10.154,-2.374E-2,-9.921E-2
10.196,-1.831E-2,-0.103
10.238,-2.582E-2,-0.106
10.280,-2.120E-2,-0.103
10.322,-1.464E-2,-0.116
10.364,-1.911E-2,-0.122
10.406,-1.554E-2,-8.541E-2
10.447,-2.299E-2,-0.118
10.489,-1.048E-2,-0.112
10.531,-8.535E-3,-0.108
10.573,-3.813E-3,-9.001E-2
10.615,-4.641E-3,-0.101
10.657,-6.334E-3,-0.103
10.699,-1.014E-2,-7.568E-2
10.741,-1.559E-2,-0.116
10.783,-1.989E-2,-0.128
10.825,-2.065E-2,-0.126
10.867,-3.957E-2,-0.122
10.909,-1.567E-2,-0.123
10.951,-1.253E-2,-0.119
10.993,-1.981E-2,-0.120
11.035,-1.306E-2,-9.872E-2
11.077,-1.483E-2,-0.132
11.119,-1.183E-2,-0.126
11.161,4.082E-3,-0.106
11.203,3.450E-3,-9.734E-2
11.245,-2.202E-4,-0.115
11.287,-2.436E-3,-0.114
11.329,-1.208E-2,-0.111
11.371,-2.013E-2,-9.868E-2
11.413,-3.160E-2,-0.114
11.454,-3.197E-2,-0.112
11.496,-1.962E-2,-9.484E-2
11.538,-2.635E-2,-0.132
11.580,-3.249E-2,-0.131
11.622,-1.185E-2,-9.972E-2
11.664,-4.387E-3,-7.469E-2
11.706,-1.104E-2,-0.123
11.748,-7.769E-3,-0.119
11.790,-2.015E-3,-0.108
11.832,-1.130E-2,-0.115
11.874,-3.931E-3,-0.120
11.916,-1.917E-3,-0.103
11.958,-1.457E-2,-9.727E-2
12.000,-1.496E-2,-0.120
12.042,-1.631E-2,-0.119
12.084,-1.804E-2,-0.112
12.126,-1.323E-2,-8.633E-2
12.168,-1.818E-2,-0.127
12.210,-2.316E-2,-0.128
12.252,-3.805E-2,-0.128
12.294,-4.836E-2,-0.114
12.336,-3.853E-3,-8.618E-2
12.378,-3.099E-2,-0.136
12.420,-5.324E-3,-0.108
12.461,-2.989E-2,-9.964E-2
12.503,-8.571E-3,-0.103
12.545,-2.572E-3,-0.112
12.587,-1.498E-2,-0.116
12.629,4.485E-4,-8.758E-2
12.671,-2.674E-2,-0.135
12.713,-1.587E-2,-0.110
12.755,-4.617E-3,-8.838E-2
12.797,-1.859E-2,-0.114
12.839,-1.669E-2,-0.122
12.881,-1.858E-2,-0.116
12.923,-4.701E-3,-7.947E-2
12.965,-1.222E-2,-0.120
13.007,-1.406E-2,-0.128
13.049,-2.021E-2,-0.116
13.091,-1.246E-2,-9.421E-2
13.133,-1.350E-2,-0.108
13.175,-1.149E-2,-0.105
13.217,-1.448E-3,-9.020E-2
13.259,-2.392E-2,-0.121
13.301,-7.103E-3,-0.105
13.343,-2.970E-2,-0.101
13.385,-3.096E-2,-0.123
13.426,-1.935E-2,-0.113
13.468,-5.368E-3,-8.562E-2
13.510,-6.915E-3,-9.996E-2
13.552,-6.365E-3,-0.114
13.594,-1.500E-2,-0.116
13.636,4.006E-3,-8.364E-2
13.678,-1.704E-3,-8.731E-2
13.720,-9.424E-3,-0.107
13.762,-4.746E-3,-0.100
13.804,1.394E-3,-8.301E-2
13.846,-9.791E-3,-0.115
13.888,-2.701E-3,-0.119
13.930,-3.257E-3,-0.117
13.972,5.701E-3,-9.308E-2
14.014,-1.124E-2,-0.124
14.056,-3.673E-3,-0.106
14.098,-9.658E-4,-8.779E-2
14.140,-1.278E-2,-0.116
14.182,-1.897E-2,-0.119
14.224,-1.638E-3,-8.096E-2
14.266,-9.706E-3,-0.115
14.308,-7.561E-3,-0.117
14.350,-1.733E-2,-0.108
14.392,-1.274E-2,-0.106
14.433,-1.089E-2,-0.113
14.475,-1.357E-2,-0.109
14.517,-3.382E-2,-0.135
14.559,-2.834E-2,-0.127
14.601,-2.810E-2,-0.106
14.643,-1.494E-2,-7.661E-2
14.685,-2.475E-2,-0.120
14.727,-1.337E-2,-0.116
14.769,-6.589E-3,-0.107
14.811,-2.292E-2,-0.118
14.853,-1.651E-2,-0.120
14.895,-8.691E-3,-0.113
14.937,2.904E-3,-8.695E-2
14.979,-2.013E-2,-0.123
15.021,-1.637E-2,-0.103
15.063,-1.024E-2,-9.678E-2
15.105,-1.141E-2,-0.116
15.147,-1.775E-2,-0.121
15.189,-7.963E-3,-9.644E-2
15.231,-1.261E-2,-7.915E-2
15.273,-3.618E-2,-0.128
15.315,-1.069E-2,-0.113
15.357,-3.870E-2,-0.115
15.399,-1.788E-2,-0.121
15.440,-1.282E-2,-0.110
15.482,-6.926E-3,-0.105
15.524,-1.720E-2,-0.105
15.566,-6.352E-3,-0.111
15.608,-1.352E-2,-0.113
15.650,-3.220E-2,-0.105
15.692,-2.157E-2,-0.116
15.734,-2.413E-2,-0.115
15.776,-5.764E-3,-8.469E-2
15.818,-3.619E-2,-0.136
15.860,-1.497E-2,-0.112
15.902,-1.731E-2,-0.111
15.944,-4.270E-2,-0.122
15.986,-2.625E-2,-0.128
16.028,-2.503E-2,-0.123
16.070,-2.124E-2,-0.120
16.112,-4.936E-2,-0.118
16.154,-2.288E-2,-0.121
16.196,-1.974E-2,-0.124
16.238,-1.963E-2,-0.117
16.280,-4.964E-2,-0.112
16.322,-2.860E-2,-0.114
16.364,-2.290E-2,-0.118
16.405,-2.740E-2,-0.118
16.447,-1.030E-2,-0.105
16.489,-5.055E-2,-0.124
16.531,-3.730E-2,-0.129
16.573,-2.433E-2,-0.124
16.615,-9.534E-3,-0.109
16.657,-9.975E-3,-8.830E-2
16.699,-2.944E-2,-0.129
16.741,-2.552E-2,-0.122
16.783,-4.870E-2,-0.113
16.825,-3.173E-2,-0.119
16.867,-3.509E-2,-0.134
16.909,-1.975E-2,-0.130
16.951,-1.298E-2,-0.111
16.993,-1.761E-2,-0.100
17.035,-3.424E-3,-8.754E-2
17.077,-1.447E-2,-0.126
17.119,-2.351E-2,-0.110
17.161,-3.350E-2,-0.121
17.203,-2.502E-2,-0.125
17.245,-1.403E-2,-0.106
17.287,-1.809E-2,-9.227E-2
17.329,-9.975E-3,-8.830E-2
17.371,-2.655E-2,-0.141
17.412,-1.835E-3,-0.110
17.454,-2.393E-3,-0.101
17.496,-9.775E-3,-0.117
17.538,-1.254E-2,-0.123
17.580,-3.181E-3,-0.108
17.622,-1.054E-2,-0.103
17.664,-1.327E-2,-0.120
17.706,-4.772E-3,-9.980E-2
17.748,-1.256E-2,-9.954E-2
17.790,-1.568E-2,-0.111
17.832,-1.628E-2,-0.109
17.874,-8.580E-3,-0.101
17.916,-7.913E-3,-8.021E-2
17.958,-2.331E-2,-0.118
18.000,-4.461E-2,-0.102
18.042,-1.514E-2,-0.110
18.084,-1.654E-2,-0.118
18.126,-5.723E-3,-0.109
18.168,-7.621E-3,-9.872E-2
18.210,-2.132E-2,-0.117
18.252,-1.202E-2,-0.108
18.294,-2.191E-2,-0.105
18.336,-8.663E-3,-8.269E-2
18.378,-2.158E-2,-0.127
18.419,-3.131E-3,-0.108
18.461,-1.217E-2,-0.101
18.503,-2.005E-2,-0.126
18.545,-3.258E-3,-0.101
18.587,-5.486E-3,-0.104
18.629,-1.352E-2,-9.420E-2
18.671,-2.526E-2,-0.122
18.713,-1.405E-2,-0.102
18.755,-3.236E-2,-0.102
18.797,-3.413E-2,-0.126
18.839,-3.374E-2,-0.128
18.881,-3.550E-2,-0.120
18.923,-3.799E-2,-0.115
18.965,-2.762E-2,-0.128
19.007,-9.116E-3,-0.107
19.049,-1.670E-2,-0.106
19.091,1.974E-3,-8.083E-2
19.133,3.638E-3,-8.965E-2
19.175,4.534E-3,-0.103
19.217,4.745E-3,-0.103
19.259,5.182E-3,-8.851E-2
19.301,-5.322E-3,-0.101
19.343,-1.219E-2,-9.842E-2
19.384,-2.081E-3,-8.047E-2
19.426,-2.727E-2,-0.134
19.468,-2.200E-2,-0.114
19.510,-1.877E-2,-8.934E-2
19.552,-2.177E-2,-0.121
19.594,-2.207E-2,-0.122
19.636,-3.741E-2,-0.126
19.678,-2.753E-3,-7.980E-2
19.720,-1.934E-2,-0.125
19.762,-1.579E-3,-0.105
19.804,-1.534E-2,-0.113
19.846,-2.562E-3,-7.652E-2
19.888,-2.235E-2,-0.126
19.930,-1.701E-2,-0.116
19.972,-1.673E-2,-0.100
20.014,-1.102E-2,-7.919E-2
20.056,-1.603E-2,-0.128
20.098,-1.262E-2,-0.119
20.140,-2.476E-2,-0.118
20.182,-1.766E-2,-0.131
20.224,-1.909E-2,-0.130
20.266,-2.083E-2,-0.121
20.308,-1.824E-2,-8.609E-2
20.350,-2.604E-2,-0.132
20.391,-1.992E-2,-0.122
20.433,-2.606E-2,-0.118
20.475,-1.201E-2,-9.461E-2
20.517,-1.126E-2,-0.113
20.559,-6.861E-3,-0.121
20.601,-1.722E-3,-0.114
20.643,-1.004E-2,-0.105
20.685,-9.688E-3,-0.123
20.727,-8.001E-3,-0.128
20.769,-1.138E-2,-0.120
20.811,-4.987E-4,-0.113
20.853,2.313E-3,-9.168E-2
20.895,-3.050E-3,-0.118
20.937,-5.602E-3,-0.115
20.979,-8.904E-3,-0.108
21.021,-1.140E-2,-0.119
21.063,-1.173E-2,-0.107
21.105,-1.235E-2,-0.103
21.147,-2.040E-2,-0.114
21.189,-1.505E-2,-0.108
21.231,-2.491E-2,-0.110
21.273,-2.073E-2,-0.117
21.315,-2.177E-2,-0.122
21.357,-1.149E-2,-0.102
21.398,-2.258E-2,-0.103
21.440,-3.645E-2,-0.126
21.482,-2.556E-2,-0.121
21.524,-1.030E-2,-8.831E-2
21.566,-3.342E-2,-0.120
21.608,-1.889E-2,-0.125
21.650,-7.077E-3,-0.107
21.692,-7.313E-3,-9.611E-2
21.734,-1.346E-2,-0.103
21.776,-1.628E-2,-0.119
21.818,-3.030E-2,-0.118
21.860,-1.252E-2,-9.090E-2
21.902,-1.323E-2,-0.124
21.944,-1.957E-2,-0.124
21.986,-2.161E-2,-0.103
22.028,-1.493E-2,-0.107
22.070,-1.789E-2,-0.116
22.112,-2.610E-2,-0.113
22.154,-1.831E-2,-0.108
22.196,-2.025E-2,-0.117
22.238,-2.266E-2,-0.119
22.280,-1.232E-2,-7.985E-2
22.322,-2.377E-2,-0.125
22.364,-2.557E-2,-0.121
22.405,-2.291E-2,-0.103
22.447,-1.403E-2,-0.112
22.489,-1.531E-2,-0.116
22.531,-1.965E-2,-0.118
22.573,-3.033E-2,-9.958E-2
22.615,-2.181E-2,-0.121
22.657,-2.433E-2,-0.114
22.699,-4.406E-2,-0.108
22.741,-1.703E-2,-8.482E-2
22.783,-2.484E-2,-0.124
22.825,-1.841E-2,-0.119
22.867,-3.789E-2,-9.631E-2
22.909,-1.090E-2,-8.469E-2
22.951,-3.037E-2,-0.128
22.993,-1.572E-2,-0.105
23.035,-7.425E-3,-8.014E-2
23.077,-1.966E-2,-0.123
23.119,-3.270E-2,-0.124
23.161,-3.072E-2,-0.104
23.203,-2.233E-2,-0.115
23.245,-1.666E-2,-0.120
23.287,-4.838E-3,-7.719E-2
23.329,-1.348E-2,-8.733E-2
23.370,-1.418E-2,-0.111
23.412,-1.748E-2,-0.117
23.454,-1.896E-2,-0.108
23.496,-1.820E-2,-0.115
23.538,-2.237E-2,-0.117
23.580,-2.614E-2,-0.106
23.622,-2.211E-2,-7.698E-2
23.664,-1.994E-2,-0.120
23.706,-3.391E-2,-0.115
23.748,-9.455E-3,-6.940E-2
23.790,-1.312E-2,-0.116
23.832,-7.481E-3,-0.123
23.874,-6.190E-3,-0.121
23.916,-1.123E-2,-0.103
23.958,-1.301E-2,-0.109
24.000,-6.289E-3,-9.385E-2
24.042,-7.044E-3,-8.796E-2
24.084,-2.570E-2,-0.125
24.126,-2.835E-2,-0.117
24.168,-3.850E-2,-0.115
24.210,-2.527E-2,-0.120
24.252,-1.587E-2,-0.101
24.294,-1.457E-2,-8.345E-2
24.336,-1.462E-2,-7.693E-2
24.377,-2.475E-2,-0.128
24.419,-3.321E-2,-0.120
24.461,-2.988E-4,-7.390E-2
24.503,-1.622E-2,-0.120
24.545,-1.292E-2,-0.122
24.587,5.118E-5,-0.112
24.629,-3.329E-2,-0.123
24.671,-1.612E-2,-0.124
24.713,-9.159E-3,-0.115
24.755,3.053E-3,-0.100
24.797,-1.520E-2,-0.117
24.839,-1.162E-2,-0.111
24.881,-9.234E-3,-0.101
24.923,-7.464E-3,-8.482E-2
24.965,-2.000E-2,-0.122
25.007,-2.474E-2,-0.120
25.049,-7.144E-3,-7.362E-2
25.091,-1.986E-2,-0.119
25.133,-1.545E-2,-0.109
25.175,-2.386E-2,-0.106
25.217,-1.117E-2,-9.252E-2
25.259,-4.626E-3,-0.107
25.301,-3.217E-2,-0.130
25.343,-3.180E-2,-0.113
25.384,-1.385E-2,-0.115
25.426,-1.537E-2,-0.115
25.468,-3.247E-3,-0.113
25.510,-1.383E-2,-0.118
25.552,-2.732E-4,-9.048E-2
25.594,-4.943E-4,-9.888E-2
25.636,-4.920E-4,-8.683E-2
25.678,-8.190E-3,-0.112
25.720,4.000E-4,-0.104
25.762,-4.011E-3,-0.102
25.804,-1.728E-2,-0.127
25.846,-4.786E-3,-8.468E-2
25.888,-9.415E-5,-9.861E-2
25.930,-3.797E-3,-8.631E-2
25.972,-3.839E-2,-0.140
26.014,-1.885E-2,-0.117
26.056,-1.324E-2,-0.104
26.098,-2.391E-2,-0.109
26.140,-1.738E-2,-0.113
26.182,-3.156E-2,-0.120
26.224,-3.023E-2,-9.217E-2
26.266,-3.486E-2,-0.118
26.308,-3.153E-2,-0.118
26.349,-3.139E-2,-0.102
26.391,-4.284E-2,-0.121
26.433,-2.702E-2,-0.124
26.475,-1.893E-2,-0.124
26.517,-3.118E-3,-9.021E-2
26.559,2.769E-3,-7.880E-2
26.601,-7.943E-3,-0.120
26.643,-8.052E-3,-0.115
26.685,-7.992E-3,-0.110
26.727,-1.602E-3,-0.103
26.769,-2.501E-2,-0.121
26.811,-2.879E-2,-0.120
26.853,-7.198E-3,-0.102
26.895,-4.236E-3,-9.720E-2
26.937,-2.560E-2,-0.128
26.979,-2.392E-2,-0.129
27.021,-1.295E-2,-0.109
27.063,-1.161E-2,-8.799E-2
27.105,-2.343E-2,-0.122
27.147,-2.555E-2,-0.127
27.189,-2.602E-2,-0.124
27.231,-2.446E-2,-0.105
27.273,-1.566E-2,-0.111
27.315,-1.584E-2,-0.110
27.356,-1.313E-2,-9.899E-2
27.398,-1.151E-2,-0.102
27.440,-1.041E-2,-0.123
27.482,-1.540E-2,-0.123
27.524,-1.315E-2,-9.973E-2
27.566,-1.240E-2,-0.101
27.608,-1.591E-2,-0.112
27.650,-2.084E-2,-0.114
27.692,-2.414E-2,-9.596E-2
27.734,-2.479E-2,-0.113
27.776,-1.843E-2,-0.123
27.818,-2.620E-2,-0.133
27.860,-2.576E-2,-0.115
27.902,-1.781E-2,-0.103
27.944,-2.148E-2,-0.121
27.986,-1.480E-2,-9.681E-2
28.028,-1.441E-2,-0.107
28.070,-1.903E-2,-0.115
28.112,-3.035E-2,-0.110
28.154,-2.118E-2,-7.046E-2
28.196,-2.557E-2,-0.117
28.238,-2.763E-2,-0.118
28.280,-1.676E-2,-9.682E-2
28.322,-3.246E-2,-0.121
28.363,-2.503E-2,-0.124
28.405,-3.103E-2,-0.106
28.447,-1.902E-2,-9.260E-2
28.489,-1.746E-2,-0.113
28.531,-1.995E-2,-0.116
28.573,-1.588E-2,-8.215E-2
28.615,-2.481E-2,-0.111
28.657,-3.323E-2,-0.120
28.699,-2.357E-2,-9.031E-2
28.741,-3.445E-2,-0.119
28.783,-2.322E-2,-0.126
28.825,-2.146E-2,-0.116
28.867,-4.021E-2,-9.896E-2
28.909,-1.630E-2,-9.400E-2
28.951,-2.327E-2,-0.118
28.993,-3.033E-2,-0.113
29.035,-1.824E-2,-7.207E-2
29.077,-2.272E-2,-0.121
29.119,-2.175E-2,-0.122
29.161,-1.795E-2,-0.112
29.203,-1.037E-2,-9.227E-2
29.245,-2.297E-2,-0.127
29.287,-5.520E-3,-0.113
29.328,-1.896E-3,-0.109
29.370,-1.298E-2,-9.399E-2
29.412,-1.193E-2,-0.102
29.454,-1.223E-2,-0.110
29.496,-1.940E-2,-0.104
29.538,-1.896E-2,-0.128
29.580,-1.516E-2,-0.127
29.622,-1.106E-2,-0.123
29.664,-1.341E-2,-0.110
29.706,-1.440E-2,-0.119
29.748,-1.532E-2,-0.118
29.790,-2.134E-2,-9.490E-2
29.832,-2.240E-2,-8.187E-2
29.874,-2.519E-2,-0.127
29.916,-3.745E-2,-0.120
29.958,-1.013E-2,-6.647E-2
30.000,-2.250E-2,-0.129
30.042,-1.806E-2,-0.113
30.084,-1.509E-2,-0.103
30.126,-6.208E-3,-8.683E-2
30.168,-1.800E-2,-0.122
30.210,-1.084E-2,-0.109
30.252,-1.934E-2,-9.356E-2
30.294,-1.831E-2,-0.119
30.335,-9.401E-3,-0.103
30.377,-8.090E-3,-7.819E-2
30.419,-2.821E-2,-0.127
30.461,-1.801E-2,-0.114
30.503,-2.550E-2,-0.105
30.545,-4.527E-3,-8.644E-2
30.587,-1.384E-2,-0.118
30.629,-2.073E-2,-0.116
30.671,-1.172E-3,-8.889E-2
30.713,-3.870E-3,-9.741E-2
30.755,-1.720E-2,-0.122
30.797,-9.286E-3,-0.105
30.839,-2.573E-3,-7.489E-2
30.881,-1.505E-2,-0.123
30.923,-8.097E-3,-0.116
30.965,-1.172E-2,-0.111
31.007,-1.256E-2,-0.113
31.049,-4.664E-4,-0.114
31.091,-5.478E-3,-0.109
31.133,-3.285E-2,-0.107
31.175,-1.216E-2,-0.114
31.217,-9.521E-3,-0.119
31.259,-8.687E-3,-0.107
31.301,-3.428E-2,-9.924E-2
31.342,-1.220E-2,-0.103
31.384,-9.693E-3,-0.118
31.426,-1.639E-2,-0.122
31.468,-1.672E-2,-0.103
31.510,-9.430E-3,-7.298E-2
31.552,-2.280E-2,-0.121
31.594,-4.917E-2,-0.122
31.636,-1.497E-2,-7.270E-2
31.678,-1.544E-2,-9.877E-2
31.720,-3.015E-2,-0.115
31.762,-3.233E-2,-0.112
31.804,-1.783E-2,-0.121
31.846,-1.971E-2,-0.122
31.888,-2.777E-2,-0.107
31.930,-1.205E-2,-7.170E-2
31.972,-1.137E-2,-0.115
32.014,-1.895E-2,-0.109
32.056,-1.658E-2,-7.597E-2
32.098,-2.940E-2,-0.127
32.140,-2.212E-2,-0.100
32.182,-2.377E-2,-7.243E-2
32.224,-2.879E-2,-0.123
32.266,-1.683E-2,-0.123
32.307,-2.992E-2,-0.125
32.349,-1.214E-2,-9.156E-2
32.391,-3.119E-2,-0.129
32.433,-1.832E-2,-0.109
32.475,-1.333E-2,-7.399E-2
32.517,-1.778E-2,-0.114
32.559,-2.001E-2,-0.118
32.601,-2.557E-2,-0.113
32.643,-6.954E-3,-8.410E-2
32.685,-3.345E-2,-0.121
32.727,-2.285E-2,-0.122
32.769,-2.781E-2,-0.100
32.811,-1.106E-2,-7.234E-2
32.853,-1.361E-2,-0.127
32.895,-6.004E-3,-0.118
32.937,-1.095E-2,-0.115
32.979,-8.498E-3,-9.870E-2
33.021,-1.014E-2,-0.109
33.063,-1.770E-2,-0.101
33.105,-2.286E-2,-0.105
33.147,-3.078E-2,-0.121
33.189,-3.254E-2,-0.117
33.231,-1.206E-2,-6.974E-2
33.273,-2.967E-2,-0.127
33.314,-1.973E-2,-0.116
33.356,-2.579E-2,-0.110
33.398,-1.414E-2,-9.421E-2
33.440,-2.801E-2,-0.125
33.482,-1.111E-2,-0.103
33.524,-1.424E-2,-8.377E-2
33.566,-1.393E-2,-8.149E-2
33.608,-2.309E-2,-0.123
33.650,-2.936E-2,-0.113
33.692,-9.309E-3,-8.143E-2
33.734,-1.646E-2,-0.120
33.776,-1.058E-2,-0.105
33.818,-1.491E-2,-8.182E-2
33.860,-2.337E-2,-0.123
33.902,-8.843E-3,-0.109
33.944,-2.871E-2,-0.113
33.986,-1.116E-2,-9.128E-2
34.028,-2.014E-2,-0.130
34.070,-6.337E-3,-0.108
34.112,-8.574E-3,-0.102
34.154,-2.219E-2,-0.110
34.196,-4.594E-3,-0.109
34.238,-1.831E-2,-0.108
34.280,-1.295E-2,-8.181E-2
34.321,-2.371E-2,-0.124
34.363,-2.366E-2,-0.122
34.405,-9.970E-3,-7.724E-2
34.447,-3.141E-2,-0.121
34.489,-1.541E-2,-0.113
34.531,-2.263E-2,-9.589E-2
34.573,-3.246E-2,-0.120
34.615,-2.211E-2,-0.122
34.657,-4.725E-2,-0.100
34.699,-1.433E-2,-9.226E-2
34.741,-1.715E-2,-0.124
34.783,-1.564E-2,-0.120
34.825,-1.803E-2,-0.101
34.867,-2.340E-2,-0.126
34.909,-1.329E-2,-0.113
34.951,-2.095E-2,-0.104
34.993,-1.145E-2,-8.675E-2
35.035,-1.053E-2,-0.107
35.077,-1.500E-2,-0.109
35.119,-1.631E-2,-9.488E-2
35.161,-1.955E-2,-0.123
35.203,-1.910E-2,-0.118
35.245,-1.735E-2,-0.105
35.286,5.844E-4,-9.157E-2
35.328,-3.625E-3,-9.907E-2
35.370,-7.957E-3,-0.106
35.412,-9.695E-3,-8.178E-2
35.454,-2.835E-2,-0.131
35.496,-1.224E-2,-0.103
35.538,-1.002E-2,-8.211E-2
35.580,-1.635E-2,-9.839E-2
35.622,-1.370E-2,-0.103
35.664,-2.252E-2,-0.112
35.706,-1.637E-2,-7.899E-2
35.748,-2.537E-2,-7.766E-2
35.790,-2.208E-2,-0.110
35.832,-2.737E-2,-9.754E-2
35.874,-1.850E-2,-9.014E-2
35.916,-2.705E-2,-0.118
35.958,-3.811E-2,-0.119
36.000,-4.298E-2,-0.105
36.042,-3.293E-2,-0.118
36.084,-6.454E-3,-0.109
36.126,-1.453E-2,-0.117
36.168,4.371E-4,-8.329E-2
36.210,-7.662E-4,-9.343E-2
36.252,-1.500E-3,-0.102
36.293,-5.125E-3,-0.106
36.335,-4.747E-3,-9.022E-2
36.377,-1.220E-2,-9.614E-2
36.419,-1.593E-2,-0.104
36.461,-2.590E-2,-9.396E-2
36.503,-2.214E-2,-7.307E-2
36.545,-1.007E-2,-0.111
36.587,-8.487E-3,-0.109
36.629,-2.139E-2,-9.762E-2
36.671,-1.400E-2,-0.104
36.713,-1.742E-2,-0.116
36.755,-1.770E-2,-0.101
36.797,-2.249E-2,-0.109
36.839,-2.098E-2,-0.114
36.881,-1.362E-2,-7.920E-2
36.923,-3.517E-2,-0.119
36.965,-1.788E-2,-0.125
37.007,-1.854E-2,-0.126
37.049,-1.762E-2,-0.113
37.091,1.457E-3,-7.975E-2
37.133,-8.428E-3,-0.111
37.175,1.263E-3,-9.632E-2
37.217,-3.465E-2,-0.125
37.259,-1.710E-2,-0.132
37.300,-1.411E-2,-0.119
37.342,-1.008E-2,-0.101
37.384,-2.117E-2,-0.103
37.426,-8.789E-3,-8.965E-2
37.468,-1.048E-2,-0.101
37.510,-1.910E-2,-0.112
37.552,-1.706E-2,-0.101
37.594,-1.456E-2,-8.443E-2
37.636,-1.546E-2,-0.118
37.678,-1.469E-2,-0.114
37.720,-1.035E-2,-8.114E-2
37.762,-2.834E-2,-0.131
37.804,-2.618E-2,-0.122
37.846,-1.196E-2,-8.343E-2
37.888,-2.349E-2,-6.689E-2
37.930,-1.343E-2,-0.113
37.972,-3.419E-2,-0.121
38.014,-3.828E-3,-8.099E-2
38.056,-1.129E-2,-8.603E-2
38.098,-1.807E-2,-0.128
38.140,-1.275E-2,-0.111
38.182,-1.678E-2,-0.113
38.224,-1.619E-2,-0.123
38.266,-5.388E-3,-0.109
38.307,-3.434E-2,-0.107
38.349,-1.946E-2,-0.116
38.391,-1.977E-2,-0.119
38.433,-1.580E-2,-0.110
38.475,-1.165E-2,-8.115E-2
38.517,-1.187E-2,-0.114
38.559,-2.251E-2,-0.123
38.601,-1.383E-2,-9.615E-2
38.643,-2.476E-2,-0.119
38.685,-2.144E-2,-0.121
38.727,-8.114E-3,-0.122
38.769,-6.750E-3,-8.339E-2
38.811,-2.997E-2,-0.122
38.853,-2.083E-2,-0.104
38.895,-1.529E-2,-7.400E-2
38.937,-1.562E-2,-9.070E-2
38.979,-1.916E-2,-0.121
39.021,-2.140E-2,-0.121
39.063,-5.198E-3,-7.230E-2
39.105,-1.795E-2,-0.117
39.147,-9.698E-3,-0.108
39.189,-2.429E-2,-9.512E-2
39.231,-3.281E-2,-0.106
39.272,-1.039E-2,-0.107
39.314,-6.499E-4,-0.107
39.356,-4.117E-2,-9.958E-2
39.398,-2.465E-2,-0.101
39.440,-1.875E-2,-0.106
39.482,-2.647E-2,-0.106
39.524,-3.355E-2,-0.117
39.566,-1.901E-2,-0.119
39.608,-2.187E-2,-6.460E-2
39.650,-2.764E-2,-7.800E-2
39.692,-2.727E-2,-0.115
39.734,-3.761E-2,-0.115
39.776,-2.117E-2,-7.144E-2
