,mass A,,
t,x,y,
0.000,6.120E-3,-0.103
0.017,6.192E-3,-0.105
0.033,6.680E-3,-0.107
0.050,6.809E-3,-0.107
0.067,6.859E-3,-0.108
0.084,6.748E-3,-0.108
0.100,6.859E-3,-0.109
0.117,7.080E-3,-0.109
0.134,7.074E-3,-0.108
0.151,7.236E-3,-0.108
0.167,7.273E-3,-0.107
0.184,7.027E-3,-0.106
0.201,6.638E-3,-0.105
0.217,6.143E-3,-0.103
0.234,5.517E-3,-0.102
0.251,4.709E-3,-0.100
0.268,3.852E-3,-9.845E-2
0.284,3.156E-3,-9.650E-2
0.301,2.558E-3,-9.341E-2
0.318,1.577E-3,-9.101E-2
0.334,1.472E-3,-8.828E-2
0.351,8.319E-4,-8.581E-2
0.368,6.360E-4,-8.389E-2
0.385,-6.483E-4,-8.248E-2
0.401,-1.232E-3,-8.175E-2
0.418,-2.502E-3,-8.109E-2
0.435,-3.215E-3,-8.167E-2
0.452,-4.542E-3,-8.202E-2
0.468,-5.579E-3,-8.243E-2
0.485,-6.269E-3,-8.301E-2
0.502,-7.083E-3,-8.382E-2
0.518,-7.604E-3,-8.511E-2
0.535,-8.398E-3,-8.785E-2
0.552,-7.801E-3,-9.046E-2
0.569,-7.117E-3,-9.362E-2
0.585,-5.836E-3,-9.829E-2
0.602,-5.500E-3,-0.103
0.619,-4.367E-3,-0.106
0.636,-3.232E-3,-0.111
0.652,-1.938E-3,-0.115
0.669,-1.573E-3,-0.118
0.686,-1.106E-3,-0.121
0.702,-8.644E-4,-0.122
0.719,-8.532E-4,-0.122
0.736,-9.101E-4,-0.122
0.753,-9.749E-4,-0.120
0.769,-7.283E-4,-0.118
0.786,1.297E-3,-0.114
0.803,1.271E-4,-0.111
0.819,1.967E-3,-0.107
0.836,7.851E-4,-0.100
0.853,1.931E-3,-9.705E-2
0.870,1.454E-3,-9.311E-2
0.886,1.320E-3,-8.802E-2
0.903,1.064E-3,-8.097E-2
0.920,1.858E-3,-7.622E-2
0.937,5.837E-4,-7.587E-2
0.953,5.629E-4,-7.700E-2
0.970,-2.334E-3,-7.781E-2
0.987,-1.786E-3,-7.993E-2
1.003,-1.589E-3,-8.329E-2
1.020,-1.689E-3,-8.780E-2
1.037,-3.309E-3,-8.781E-2
1.054,-2.135E-3,-9.255E-2
1.070,-4.219E-3,-9.244E-2
1.087,1.939E-2,-0.113
1.104,2.123E-2,-0.114
1.121,2.407E-2,-0.114
1.137,-4.860E-3,-0.108
1.154,-5.003E-3,-0.110
1.171,-5.940E-3,-0.111
1.187,-6.907E-3,-0.111
1.204,-7.522E-3,-0.112
1.221,-7.856E-3,-0.111
1.238,-9.493E-3,-0.110
1.254,-1.082E-2,-0.107
1.271,-1.135E-2,-0.105
1.288,-1.009E-2,-0.101
1.305,-1.104E-2,-9.339E-2
1.321,-8.969E-3,-9.084E-2
1.338,-6.446E-3,-8.423E-2
1.355,-5.085E-3,-8.109E-2
1.371,-8.351E-4,-7.977E-2
1.388,-3.415E-5,-7.486E-2
1.405,1.263E-3,-7.158E-2
1.422,2.251E-3,-7.338E-2
1.438,4.464E-4,-7.191E-2
1.455,-3.016E-5,-7.600E-2
1.472,-8.483E-4,-7.600E-2
1.488,-1.257E-2,-4.725E-2
1.505,-1.338E-2,-4.840E-2
1.522,-1.796E-2,-5.005E-2
1.539,-1.762E-2,-5.299E-2
1.555,-1.991E-2,-5.398E-2
1.572,-1.810E-2,-5.692E-2
1.589,-1.890E-2,-6.200E-2
1.606,-1.993E-2,-6.101E-2
1.622,-1.936E-2,-6.667E-2
1.639,-1.944E-2,-7.233E-2
1.656,-1.825E-2,-7.785E-2
1.672,-1.505E-2,-8.620E-2
1.689,-1.699E-2,-9.357E-2
1.706,-1.746E-2,-9.832E-2
1.723,-1.746E-2,-9.717E-2
1.739,-1.976E-2,-9.636E-2
1.756,-2.009E-2,-9.489E-2
1.773,-2.282E-2,-8.869E-2
1.790,-2.289E-2,-7.984E-2
1.806,-2.149E-2,-7.437E-2
1.823,-1.837E-2,-6.615E-2
1.840,-1.738E-2,-6.051E-2
1.856,-1.614E-2,-5.561E-2
1.873,-1.697E-2,-5.184E-2
1.890,-1.977E-2,-4.580E-2
1.907,-2.257E-2,-4.074E-2
1.923,-2.425E-2,-4.102E-2
1.940,-2.906E-2,-3.462E-2
1.957,-3.155E-2,-3.325E-2
1.973,-3.519E-2,-3.301E-2
1.990,-4.117E-2,-3.199E-2
2.007,-4.375E-2,-3.693E-2
2.024,-4.426E-2,-4.135E-2
2.040,-4.293E-2,-4.966E-2
2.057,-4.292E-2,-5.122E-2
2.074,-3.950E-2,-6.550E-2
2.091,-3.871E-2,-6.758E-2
2.107,-3.451E-2,-7.822E-2
2.124,-3.163E-2,-8.471E-2
2.141,-2.770E-2,-9.509E-2
2.157,-1.938E-2,-9.688E-2
2.174,-1.931E-2,-9.566E-2
2.191,-2.063E-2,-9.627E-2
2.208,-2.136E-2,-9.487E-2
2.224,-2.049E-2,-9.282E-2
2.241,-2.088E-2,-8.779E-2
2.258,-2.069E-2,-8.044E-2
2.275,-1.841E-2,-7.466E-2
2.291,-1.563E-2,-6.874E-2
2.308,-1.354E-2,-6.342E-2
2.325,-1.093E-2,-5.917E-2
2.341,-1.382E-2,-5.164E-2
2.358,-1.174E-2,-4.955E-2
2.375,-1.566E-2,-4.411E-2
2.392,-1.619E-2,-4.229E-2
2.408,-1.931E-2,-4.049E-2
2.425,-1.853E-2,-4.126E-2
2.442,-1.905E-2,-4.256E-2
2.458,-2.398E-2,-4.258E-2
2.475,-2.475E-2,-4.518E-2
2.492,-2.787E-2,-4.675E-2
2.509,-2.967E-2,-5.170E-2
2.525,-2.783E-2,-5.741E-2
2.542,-2.572E-2,-6.624E-2
2.559,-2.831E-2,-6.806E-2
2.576,-2.726E-2,-7.170E-2
2.592,-2.463E-2,-7.949E-2
2.609,-2.253E-2,-8.597E-2
2.626,-2.043E-2,-9.298E-2
2.642,-1.555E-2,-0.109
2.659,-9.962E-3,-0.113
2.676,-1.646E-2,-0.112
2.693,-7.594E-3,-0.122
2.709,-8.624E-3,-0.125
2.726,-1.021E-2,-0.118
2.743,-6.963E-3,-0.130
2.760,-7.169E-3,-0.131
2.776,-6.821E-3,-0.132
2.793,-6.172E-3,-0.132
2.810,-5.796E-3,-0.130
2.826,-5.905E-3,-0.127
2.843,-5.371E-3,-0.126
2.860,-4.818E-3,-0.121
2.877,-4.925E-3,-0.117
2.893,-2.030E-3,-0.112
2.910,-4.686E-3,-0.102
2.927,-4.502E-4,-9.629E-2
2.943,-1.055E-2,-9.311E-2
2.960,2.125E-3,-8.418E-2
2.977,3.092E-3,-7.992E-2
2.994,3.210E-3,-7.379E-2
3.010,2.170E-3,-6.922E-2
3.027,1.583E-3,-6.929E-2
3.044,-2.263E-4,-6.668E-2
3.061,-1.556E-4,-5.878E-2
3.077,-2.253E-4,-5.634E-2
3.094,-1.904E-3,-5.480E-2
3.111,-3.119E-3,-5.332E-2
3.127,-3.600E-3,-5.219E-2
3.144,-2.613E-3,-5.091E-2
3.161,-3.133E-3,-5.089E-2
3.178,-3.415E-3,-5.102E-2
3.194,-5.147E-3,-5.224E-2
3.211,-5.208E-3,-5.361E-2
3.228,-5.381E-3,-5.486E-2
3.245,-4.981E-3,-5.549E-2
3.261,-5.525E-3,-5.743E-2
3.278,-4.681E-3,-5.937E-2
3.295,-5.167E-3,-6.311E-2
3.311,-4.392E-3,-6.432E-2
3.328,-4.219E-3,-6.918E-2
3.345,-2.332E-3,-7.243E-2
3.362,-2.603E-3,-7.736E-2
3.378,-1.246E-3,-8.162E-2
3.395,5.674E-4,-8.637E-2
3.412,2.123E-3,-9.039E-2
3.428,2.711E-3,-9.422E-2
3.445,3.594E-3,-9.655E-2
3.462,3.582E-3,-9.806E-2
3.479,3.388E-3,-9.796E-2
3.495,3.582E-3,-9.751E-2
3.512,2.784E-3,-9.627E-2
3.529,4.298E-3,-9.709E-2
3.546,2.830E-3,-9.351E-2
3.562,2.436E-3,-9.164E-2
3.579,2.842E-3,-8.969E-2
3.596,4.039E-3,-8.777E-2
3.612,4.603E-3,-8.447E-2
3.629,4.590E-3,-8.150E-2
3.646,4.286E-3,-7.923E-2
3.663,3.693E-3,-7.716E-2
3.679,2.838E-3,-7.658E-2
3.696,2.527E-3,-7.712E-2
3.713,2.612E-3,-7.772E-2
3.730,2.863E-3,-7.858E-2
3.746,3.171E-3,-8.053E-2
3.763,3.997E-3,-8.277E-2
3.780,4.603E-3,-8.505E-2
3.796,5.358E-3,-8.745E-2
3.813,6.020E-3,-9.001E-2
3.830,6.665E-3,-9.219E-2
3.847,6.817E-3,-9.457E-2
3.863,7.406E-3,-9.708E-2
3.880,6.127E-3,-9.729E-2
3.897,5.859E-3,-9.741E-2
3.914,5.698E-3,-9.738E-2
3.930,5.329E-3,-9.706E-2
3.947,4.865E-3,-9.672E-2
3.964,4.458E-3,-9.685E-2
3.980,4.013E-3,-9.687E-2
3.997,3.642E-3,-9.633E-2
4.014,2.866E-3,-9.555E-2
4.031,2.872E-3,-9.624E-2
4.047,1.762E-3,-9.554E-2
4.064,1.874E-3,-9.607E-2
4.081,1.895E-3,-9.675E-2
4.097,2.081E-3,-9.756E-2
4.114,1.518E-3,-9.759E-2
4.131,2.179E-3,-9.956E-2
4.148,2.183E-3,-0.101
4.164,1.697E-3,-0.102
4.181,5.515E-4,-0.102
4.198,8.879E-4,-0.105
4.215,1.066E-3,-0.109
4.231,7.340E-4,-0.107
4.248,2.048E-3,-0.109
4.265,1.390E-3,-0.108
4.281,2.281E-3,-0.108
4.298,1.665E-3,-0.107
4.315,1.041E-3,-0.105
4.332,8.709E-4,-0.102
4.348,1.570E-3,-0.100
4.365,1.671E-3,-9.666E-2
4.382,1.640E-3,-9.237E-2
4.399,1.614E-3,-8.797E-2
4.415,2.001E-3,-8.411E-2
4.432,1.354E-3,-7.949E-2
4.449,-4.089E-4,-7.645E-2
4.465,-1.478E-3,-7.399E-2
4.482,-2.870E-3,-7.194E-2
4.499,-4.586E-3,-7.043E-2
4.516,-6.093E-3,-7.018E-2
4.532,-7.310E-3,-7.055E-2
4.549,-8.079E-3,-7.174E-2
4.566,-9.072E-3,-7.364E-2
4.582,-1.022E-2,-7.577E-2
4.599,-9.335E-3,-7.660E-2
4.616,-9.165E-3,-7.927E-2
4.633,-8.615E-3,-8.299E-2
4.649,-7.234E-3,-8.622E-2
4.666,-4.392E-3,-9.205E-2
4.683,-1.921E-3,-9.679E-2
4.700,2.260E-4,-0.103
4.716,1.381E-3,-0.105
4.733,7.322E-5,-0.106
4.750,1.088E-3,-0.115
4.766,2.914E-3,-0.120
4.783,2.908E-3,-0.121
4.800,3.133E-3,-0.119
4.817,3.495E-3,-0.118
4.833,2.398E-3,-0.115
4.850,5.490E-3,-0.111
4.867,4.664E-3,-0.108
4.884,4.649E-3,-0.104
4.900,5.289E-3,-9.971E-2
4.917,3.314E-3,-9.644E-2
4.934,2.811E-3,-9.301E-2
4.950,2.913E-3,-9.719E-2
4.967,2.765E-3,-9.574E-2
4.984,2.241E-3,-9.372E-2
5.001,1.649E-3,-9.174E-2
5.017,1.638E-3,-8.927E-2
5.034,1.362E-3,-8.737E-2
5.051,2.428E-4,-8.576E-2
5.067,-9.094E-4,-8.442E-2
5.084,-1.149E-3,-8.361E-2
5.101,-2.560E-3,-8.255E-2
5.118,-3.152E-3,-8.148E-2
5.134,-3.070E-3,-8.103E-2
5.151,-3.778E-3,-8.043E-2
5.168,-2.963E-3,-7.961E-2
5.185,-3.122E-3,-8.092E-2
5.201,-3.606E-3,-8.272E-2
5.218,-3.437E-3,-8.436E-2
5.235,-6.336E-3,-8.787E-2
5.251,-5.739E-3,-9.119E-2
5.268,-5.363E-3,-9.516E-2
5.285,-4.878E-3,-9.791E-2
5.302,-3.048E-3,-0.102
5.318,-2.224E-3,-0.104
5.335,-2.384E-3,-0.105
5.352,-1.886E-3,-0.107
5.369,-1.401E-3,-0.105
5.385,-1.568E-3,-0.104
5.402,-1.245E-3,-0.103
5.419,-2.069E-3,-0.101
5.435,-4.399E-4,-9.924E-2
5.452,5.350E-4,-9.727E-2
5.469,5.258E-4,-9.465E-2
5.486,-3.729E-3,-9.450E-2
5.502,-1.591E-3,-9.761E-2
5.519,-3.878E-3,-9.876E-2
5.536,-1.578E-3,-0.101
5.552,-9.216E-4,-0.102
5.569,-2.398E-3,-0.101
5.586,-4.228E-4,-0.104
5.603,-3.199E-3,-0.106
5.619,-2.870E-3,-0.106
5.636,-1.723E-3,-0.107
5.653,-1.737E-3,-0.103
5.670,-9.302E-4,-9.940E-2
5.686,-1.102E-3,-9.695E-2
5.703,-1.276E-3,-9.400E-2
5.720,-9.565E-4,-9.188E-2
5.736,2.011E-5,-9.040E-2
5.753,4.973E-4,-8.647E-2
5.770,1.672E-4,-8.565E-2
5.787,4.853E-4,-8.304E-2
5.803,2.926E-3,-7.926E-2
5.820,2.432E-3,-7.812E-2
5.837,2.844E-3,-7.681E-2
5.854,3.665E-3,-7.457E-2
5.870,3.609E-3,-7.381E-2
5.887,3.591E-3,-7.331E-2
5.904,1.456E-3,-7.278E-2
5.920,1.444E-3,-7.297E-2
5.937,1.529E-3,-7.361E-2
5.954,2.702E-3,-7.441E-2
5.971,2.739E-3,-7.533E-2
5.987,1.549E-3,-7.639E-2
6.004,1.595E-3,-7.731E-2
6.021,1.735E-3,-7.876E-2
6.037,1.652E-3,-8.015E-2
6.054,9.760E-4,-8.212E-2
6.071,1.659E-3,-8.368E-2
6.088,2.005E-3,-8.509E-2
6.104,1.153E-3,-8.680E-2
6.121,1.986E-3,-9.121E-2
6.138,2.169E-3,-9.661E-2
6.155,3.482E-3,-9.775E-2
6.171,2.678E-3,-0.102
6.188,3.670E-3,-0.105
6.205,4.832E-3,-0.110
6.221,4.122E-3,-0.108
6.238,2.994E-3,-0.110
6.255,2.905E-3,-0.110
6.272,2.934E-3,-0.110
6.288,2.769E-3,-0.108
6.305,2.950E-3,-0.106
6.322,2.887E-3,-0.102
6.339,2.943E-3,-9.903E-2
6.355,3.298E-3,-9.508E-2
6.372,3.618E-3,-8.990E-2
6.389,2.461E-3,-8.646E-2
6.405,2.119E-3,-8.238E-2
6.422,2.595E-3,-7.796E-2
6.439,1.603E-3,-7.518E-2
6.456,-8.574E-4,-7.339E-2
6.472,-3.325E-3,-6.963E-2
6.489,-3.160E-3,-7.012E-2
6.506,-4.140E-3,-7.045E-2
6.523,-6.102E-3,-7.095E-2
6.539,-6.428E-3,-7.128E-2
6.556,-6.256E-3,-7.357E-2
6.573,-7.393E-3,-7.619E-2
6.589,-8.859E-3,-7.800E-2
6.606,-1.082E-2,-7.849E-2
6.623,-1.050E-2,-7.555E-2
6.640,-1.179E-2,-8.095E-2
6.656,-1.112E-2,-8.553E-2
6.673,-1.061E-2,-9.060E-2
6.690,-1.010E-2,-9.862E-2
6.706,-1.058E-2,-0.101
6.723,-1.220E-2,-0.105
6.740,-1.201E-2,-0.112
6.757,-1.397E-2,-0.115
6.773,-1.789E-2,-0.116
6.790,-1.447E-2,-0.110
6.807,-1.563E-2,-0.106
6.824,-1.531E-2,-0.106
6.840,-1.597E-2,-0.103
6.857,-1.647E-2,-9.978E-2
6.874,-1.682E-2,-9.357E-2
6.890,-1.585E-2,-9.127E-2
6.907,-1.456E-2,-8.603E-2
6.924,-1.295E-2,-7.899E-2
6.941,-1.330E-2,-7.098E-2
6.957,-1.397E-2,-6.672E-2
6.974,-1.923E-2,-6.052E-2
6.991,-1.874E-2,-5.840E-2
7.008,-2.220E-2,-5.415E-2
7.024,-2.383E-2,-5.367E-2
7.041,-2.451E-2,-4.794E-2
7.058,-2.680E-2,-4.664E-2
7.074,-2.811E-2,-4.763E-2
7.091,-2.579E-2,-5.466E-2
7.108,-2.578E-2,-5.728E-2
7.125,-2.397E-2,-6.152E-2
7.141,-2.297E-2,-6.806E-2
7.158,-2.247E-2,-6.937E-2
7.175,-1.867E-2,-8.032E-2
7.191,-1.636E-2,-8.620E-2
7.208,-1.389E-2,-9.110E-2
7.225,-1.256E-2,-9.503E-2
7.242,-1.239E-2,-9.715E-2
7.258,-6.968E-3,-0.104
7.275,-6.932E-3,-0.114
7.292,-4.954E-3,-0.119
7.309,1.183E-4,-0.119
7.325,-1.205E-3,-0.120
7.342,1.235E-4,-0.120
7.359,4.450E-4,-0.118
7.375,1.212E-4,-0.119
7.392,1.058E-4,-0.115
7.409,-7.249E-4,-0.111
7.426,-2.443E-4,-0.108
7.442,-2.574E-4,-0.105
7.459,3.845E-4,-0.101
7.476,3.679E-4,-9.629E-2
7.493,-4.610E-4,-9.318E-2
7.509,-3.123E-4,-8.893E-2
7.526,-3.214E-4,-8.631E-2
7.543,-1.492E-3,-7.912E-2
7.559,2.100E-3,-7.698E-2
7.576,-1.182E-3,-7.421E-2
7.593,-2.999E-3,-6.914E-2
7.610,-2.683E-3,-6.603E-2
7.626,-1.586E-3,-6.811E-2
7.643,-1.924E-3,-6.814E-2
7.660,-2.347E-3,-6.848E-2
7.676,-3.153E-3,-7.192E-2
7.693,-3.478E-3,-7.274E-2
7.710,-1.824E-3,-7.781E-2
7.727,-2.308E-3,-7.977E-2
7.743,-1.450E-3,-8.321E-2
7.760,-3.440E-4,-8.779E-2
7.777,1.196E-3,-9.166E-2
7.794,2.040E-3,-9.494E-2
7.810,1.677E-3,-9.628E-2
7.827,4.476E-3,-0.101
7.844,4.190E-3,-0.103
7.860,4.263E-3,-0.104
7.877,4.308E-3,-0.105
7.894,4.880E-3,-0.106
7.911,6.020E-3,-0.106
7.927,6.626E-3,-0.106
7.944,6.252E-3,-0.105
7.961,6.757E-3,-0.105
7.978,6.776E-3,-0.104
7.994,6.739E-3,-0.103
8.011,6.914E-3,-0.102
8.028,7.680E-3,-0.102
8.044,7.958E-3,-0.101
8.061,8.132E-3,-0.101
8.078,6.268E-3,-0.101
8.095,6.757E-3,-0.100
8.111,6.711E-3,-9.866E-2
8.128,6.760E-3,-9.699E-2
8.145,6.735E-3,-9.519E-2
8.161,6.718E-3,-9.352E-2
8.178,6.661E-3,-9.146E-2
8.195,6.523E-3,-8.940E-2
8.212,5.078E-3,-8.629E-2
8.228,4.408E-3,-8.188E-2
8.245,3.255E-3,-7.975E-2
8.262,-2.616E-5,-7.715E-2
8.279,-2.502E-5,-7.747E-2
8.295,-1.013E-3,-7.568E-2
8.312,-1.835E-3,-7.454E-2
8.329,-3.484E-3,-7.094E-2
8.345,-3.321E-3,-7.061E-2
8.362,-3.491E-3,-6.898E-2
8.379,-5.623E-3,-6.751E-2
8.396,-6.112E-3,-6.801E-2
8.412,-8.074E-3,-6.834E-2
8.429,2.402E-2,-0.105
8.446,-8.236E-3,-6.883E-2
8.463,-7.411E-3,-7.079E-2
8.479,-9.863E-3,-7.162E-2
8.496,-1.141E-2,-7.274E-2
8.513,-1.098E-2,-7.882E-2
8.529,-1.146E-2,-8.259E-2
8.546,-9.967E-3,-8.864E-2
8.563,-8.809E-3,-9.239E-2
8.580,-7.642E-3,-9.861E-2
8.596,-6.318E-3,-0.103
8.613,-6.477E-3,-0.104
8.630,-7.610E-3,-0.108
8.647,-7.432E-3,-0.112
8.663,-7.765E-3,-0.110
8.680,-7.942E-3,-0.106
8.697,-6.976E-3,-0.102
8.713,-6.493E-3,-9.942E-2
8.730,-7.325E-3,-9.566E-2
8.747,-7.495E-3,-9.370E-2
8.764,-7.510E-3,-8.944E-2
8.780,-8.985E-3,-8.863E-2
8.797,-6.225E-3,-8.257E-2
8.814,-5.411E-3,-8.142E-2
8.830,-8.005E-3,-8.830E-2
8.847,-6.857E-3,-8.912E-2
8.864,-3.748E-3,-8.894E-2
8.881,-5.707E-3,-9.042E-2
8.897,-5.569E-3,-8.289E-2
8.914,-5.080E-3,-8.256E-2
8.931,-4.832E-3,-8.371E-2
8.948,-4.742E-3,-8.490E-2
8.964,-4.530E-3,-8.642E-2
8.981,-4.451E-3,-8.785E-2
8.998,-3.577E-3,-9.107E-2
9.014,-4.061E-3,-9.320E-2
9.031,-4.383E-3,-9.451E-2
9.048,-2.402E-3,-9.957E-2
9.065,-1.238E-3,-0.105
9.081,-1.231E-3,-0.107
9.098,-1.873E-3,-0.111
9.115,-3.015E-3,-0.112
9.132,-2.533E-3,-0.109
9.148,-1.393E-3,-0.108
9.165,-1.236E-3,-0.105
9.182,-5.927E-4,-0.102
9.198,-7.706E-4,-9.826E-2
9.215,-1.247E-4,-9.580E-2
9.232,1.664E-3,-9.269E-2
9.249,2.964E-3,-8.990E-2
9.265,3.775E-3,-8.793E-2
9.282,4.752E-3,-8.662E-2
9.299,3.597E-3,-8.384E-2
9.315,1.859E-3,-8.170E-2
9.332,1.055E-3,-7.959E-2
9.349,3.166E-4,-7.717E-2
9.366,-6.383E-4,-7.457E-2
9.382,-1.720E-3,-7.270E-2
9.399,-2.110E-3,-7.215E-2
9.416,-2.621E-3,-7.231E-2
9.433,-3.645E-3,-7.176E-2
9.449,-3.799E-3,-7.438E-2
9.466,-2.646E-3,-7.667E-2
9.483,-2.800E-3,-7.945E-2
9.499,-3.610E-3,-8.158E-2
9.516,-3.109E-3,-8.468E-2
9.533,-3.256E-3,-8.927E-2
9.550,-2.767E-3,-8.894E-2
9.566,-1.927E-3,-9.499E-2
9.583,1.691E-3,-0.100
9.600,2.201E-3,-0.106
9.617,4.171E-3,-0.108
9.633,3.918E-3,-0.109
9.650,4.117E-3,-0.110
9.667,4.371E-3,-0.112
9.683,4.031E-3,-0.114
9.700,4.528E-3,-0.116
9.717,4.691E-3,-0.116
9.734,3.713E-3,-0.117
9.750,4.519E-3,-0.114
9.767,4.348E-3,-0.112
9.784,3.844E-3,-0.108
9.800,8.093E-3,-0.106
9.817,6.768E-3,-0.102
9.834,6.132E-3,-0.107
9.851,5.132E-3,-0.102
9.867,4.957E-3,-9.840E-2
9.884,3.319E-3,-9.808E-2
9.901,2.819E-3,-9.546E-2
9.918,2.491E-3,-9.514E-2
9.934,1.834E-3,-9.432E-2
9.951,1.860E-4,-9.105E-2
9.968,-1.945E-3,-8.992E-2
9.984,-3.254E-3,-8.992E-2
10.001,-4.244E-3,-8.763E-2
10.018,-5.245E-3,-8.754E-2
10.035,-5.797E-3,-8.776E-2
10.051,-7.680E-3,-8.748E-2
10.068,-7.663E-3,-9.239E-2
10.085,-7.984E-3,-9.436E-2
10.102,-8.624E-3,-9.482E-2
10.118,-8.147E-3,-9.436E-2
10.135,-8.444E-3,-0.103
10.152,-9.090E-3,-0.106
10.168,-9.237E-3,-0.110
10.185,-9.606E-3,-0.116
10.202,-9.532E-3,-0.120
10.219,-1.246E-2,-0.124
10.235,-1.278E-2,-0.126
10.252,-1.327E-2,-0.125
10.269,-1.182E-2,-0.121
10.285,-1.117E-2,-0.119
10.302,-1.120E-2,-0.111
10.319,-1.008E-2,-0.103
10.336,-9.924E-3,-0.101
10.352,-9.609E-3,-9.747E-2
10.369,-1.060E-2,-9.469E-2
10.386,-1.094E-2,-9.142E-2
10.403,-9.807E-3,-8.765E-2
10.419,-9.656E-3,-8.405E-2
10.436,-9.826E-3,-8.225E-2
10.453,-1.114E-2,-8.128E-2
10.469,-1.147E-2,-7.899E-2
10.486,-1.342E-2,-6.725E-2
10.503,-1.460E-2,-6.703E-2
10.520,-1.564E-2,-6.797E-2
10.536,-1.393E-2,-7.785E-2
10.553,-1.673E-2,-7.230E-2
10.570,-1.540E-2,-7.900E-2
10.587,-1.604E-2,-8.342E-2
10.603,-1.537E-2,-8.784E-2
10.620,-1.159E-2,-9.191E-2
10.637,-1.027E-2,-9.584E-2
10.653,-9.605E-3,-9.862E-2
10.670,-6.627E-3,-0.108
10.687,-2.845E-3,-0.113
10.704,-2.599E-3,-0.117
10.720,-2.333E-3,-0.121
10.737,-2.378E-3,-0.123
10.754,-3.634E-3,-0.122
10.770,-1.511E-3,-0.121
10.787,-5.585E-3,-0.121
10.804,-7.518E-3,-0.117
10.821,-7.595E-3,-0.115
10.837,-8.264E-3,-0.111
10.854,-8.899E-3,-0.104
10.871,-9.071E-3,-0.101
10.888,-1.074E-2,-0.101
10.904,-1.220E-2,-9.408E-2
10.921,-1.269E-2,-9.162E-2
10.938,-1.441E-2,-8.853E-2
10.954,-1.634E-2,-8.617E-2
10.971,-1.822E-2,-8.419E-2
10.988,-2.024E-2,-8.184E-2
11.005,-2.323E-2,-8.074E-2
11.021,-2.406E-2,-8.149E-2
11.038,-2.603E-2,-8.166E-2
11.055,-2.570E-2,-8.247E-2
11.072,-2.813E-2,-8.706E-2
11.088,-2.682E-2,-8.935E-2
11.105,-2.679E-2,-9.655E-2
11.122,-2.644E-2,-0.103
11.138,-2.706E-2,-0.115
11.155,-2.752E-2,-0.122
11.172,-2.783E-2,-0.127
11.189,-2.915E-2,-0.124
11.205,-3.047E-2,-0.121
11.222,-3.014E-2,-0.122
11.239,-2.984E-2,-0.115
11.256,-2.954E-2,-0.107
11.272,-2.873E-2,-0.104
11.289,-2.548E-2,-9.900E-2
11.306,-2.516E-2,-9.572E-2
11.322,-2.730E-2,-9.164E-2
11.339,-2.536E-2,-8.443E-2
11.356,-2.588E-2,-7.724E-2
11.373,-2.557E-2,-7.265E-2
11.389,-2.280E-2,-6.921E-2
11.406,-2.231E-2,-6.741E-2
11.423,-2.379E-2,-6.725E-2
11.439,-2.443E-2,-7.003E-2
11.456,-2.556E-2,-7.331E-2
11.473,-3.707E-2,-5.731E-2
11.490,-4.363E-2,-5.556E-2
11.506,-4.244E-2,-6.226E-2
11.523,-3.832E-2,-7.333E-2
11.540,-4.122E-2,-7.801E-2
11.557,-3.856E-2,-8.849E-2
11.573,-3.650E-2,-9.374E-2
11.590,-3.561E-2,-9.927E-2
11.607,-3.178E-2,-0.110
11.623,-3.030E-2,-0.115
11.640,-2.976E-2,-0.117
11.657,-2.677E-2,-0.124
11.674,-2.091E-2,-0.132
11.690,-2.149E-2,-0.134
11.707,-2.672E-2,-0.139
11.724,-3.258E-2,-0.131
11.741,-2.415E-2,-0.123
11.757,-2.299E-2,-0.123
11.774,-2.446E-2,-0.119
11.791,-2.419E-2,-0.113
11.807,-2.100E-2,-0.107
11.824,-1.984E-2,-0.104
11.841,-1.841E-2,-9.746E-2
11.858,-1.609E-2,-9.396E-2
11.874,-1.348E-2,-9.074E-2
11.891,-1.114E-2,-9.073E-2
11.908,-1.116E-2,-8.577E-2
11.924,-9.424E-3,-8.169E-2
11.941,-9.144E-3,-7.848E-2
11.958,-4.775E-3,-7.700E-2
11.975,-5.659E-3,-7.438E-2
11.991,-9.160E-3,-7.381E-2
12.008,-8.870E-3,-7.352E-2
12.025,-1.179E-2,-7.149E-2
12.042,-1.410E-2,-7.966E-2
12.058,-1.524E-2,-8.637E-2
12.075,-1.294E-2,-7.645E-2
12.092,-1.204E-2,-8.286E-2
12.108,-1.085E-2,-8.591E-2
12.125,-5.417E-2,-0.129
12.142,-5.061E-2,-0.129
12.159,-4.096E-2,-0.131
12.175,-5.236E-3,-0.112
12.192,-8.335E-4,-0.120
12.209,-1.127E-3,-0.120
12.226,-5.491E-3,-0.132
12.242,-7.193E-3,-0.136
12.259,-9.236E-3,-0.136
12.276,-9.533E-3,-0.134
12.292,-8.374E-3,-0.132
12.309,-7.809E-3,-0.127
12.326,-7.521E-3,-0.126
12.343,-5.201E-3,-0.122
12.359,-4.619E-3,-0.122
12.376,-2.610E-3,-0.113
12.393,-8.445E-3,-0.112
12.409,-7.588E-3,-0.106
12.426,-7.594E-3,-0.105
12.443,-6.728E-3,-0.102
12.460,-5.579E-3,-9.742E-2
12.476,-5.582E-3,-9.654E-2
12.493,-4.134E-3,-9.362E-2
12.510,-4.124E-3,-9.654E-2
12.527,-1.246E-3,-8.545E-2
12.543,-9.587E-4,-8.428E-2
12.560,-9.587E-4,-8.428E-2
12.577,-8.694E-5,-8.340E-2
12.593,1.381E-3,-8.631E-2
12.610,1.088E-3,-8.573E-2
12.627,8.001E-4,-8.690E-2
12.644,8.072E-4,-8.894E-2
12.660,2.342E-4,-9.186E-2
12.677,-3.439E-4,-9.332E-2
12.694,-1.211E-3,-9.565E-2
12.711,-2.658E-3,-9.857E-2
12.727,-1.775E-3,-0.101
12.744,-2.359E-3,-0.101
12.761,-3.429E-4,-9.361E-2
12.777,5.764E-3,-8.439E-2
12.794,4.821E-3,-8.438E-2
12.811,5.016E-3,-8.472E-2
12.828,4.937E-3,-8.493E-2
12.844,4.913E-3,-8.554E-2
12.861,5.770E-3,-9.038E-2
12.878,4.607E-3,-9.155E-2
12.894,4.614E-3,-9.359E-2
12.911,4.910E-3,-9.476E-2
12.928,3.747E-3,-9.564E-2
12.945,4.264E-3,-8.966E-2
12.961,4.744E-3,-9.073E-2
12.978,4.523E-3,-9.173E-2
12.995,3.559E-3,-9.261E-2
13.012,3.641E-3,-9.338E-2
13.028,5.187E-3,-9.067E-2
13.045,4.611E-3,-9.272E-2
13.062,3.743E-3,-9.447E-2
13.078,4.912E-3,-9.534E-2
13.095,2.864E-3,-9.331E-2
13.112,4.615E-3,-9.388E-2
13.129,3.178E-3,-9.972E-2
13.145,2.292E-3,-9.652E-2
13.162,-5.881E-3,-9.421E-2
13.179,5.212E-3,-9.767E-2
13.196,2.868E-3,-9.447E-2
13.212,2.433E-4,-9.448E-2
13.229,1.690E-3,-9.127E-2
13.246,2.281E-4,-9.011E-2
13.262,2.271E-4,-8.982E-2
13.279,1.676E-3,-8.719E-2
13.296,3.133E-3,-8.689E-2
13.313,1.966E-3,-8.689E-2
13.329,4.036E-3,-9.505E-2
13.346,1.706E-3,-9.593E-2
13.363,5.380E-4,-9.536E-2
13.379,5.421E-4,-9.652E-2
13.396,-3.553E-3,-9.304E-2
13.413,-2.965E-3,-9.420E-2
13.430,-5.054E-3,-8.050E-2
13.446,-8.238E-3,-8.751E-2
13.463,-7.065E-3,-8.926E-2
13.480,-8.810E-3,-9.072E-2
13.497,-1.145E-2,-8.694E-2
13.513,-9.991E-3,-8.635E-2
13.530,-1.117E-2,-8.286E-2
13.547,-1.935E-2,-7.968E-2
13.563,-1.138E-2,-7.749E-2
13.580,-1.148E-2,-7.401E-2
13.597,-1.246E-2,-7.073E-2
13.614,-1.420E-2,-6.752E-2
13.630,-1.574E-2,-6.614E-2
13.647,-1.736E-2,-6.589E-2
13.664,-1.923E-2,-6.622E-2
13.681,-1.949E-2,-7.261E-2
13.697,-2.178E-2,-7.014E-2
13.714,-2.169E-2,-7.739E-2
13.731,-2.020E-2,-8.037E-2
13.747,-1.806E-2,-8.700E-2
13.764,-1.554E-2,-9.315E-2
13.781,-1.110E-2,-0.102
13.798,-1.080E-2,-0.105
13.814,-6.112E-3,-0.112
13.831,-1.076E-2,-0.117
13.848,-1.222E-2,-0.116
13.865,-9.179E-3,-0.118
13.881,-7.543E-3,-0.119
13.898,-1.166E-2,-0.109
13.915,-7.300E-3,-0.106
13.931,-6.728E-3,-0.102
13.948,-7.321E-3,-9.947E-2
13.965,-7.049E-3,-9.392E-2
13.982,-5.897E-3,-8.984E-2
13.998,-4.750E-3,-8.429E-2
14.015,-5.636E-3,-8.109E-2
14.032,-8.103E-3,-7.443E-2
14.048,-8.823E-3,-7.059E-2
14.065,-1.001E-2,-6.655E-2
14.082,-1.159E-2,-6.293E-2
14.099,-1.253E-2,-6.191E-2
14.115,-1.249E-2,-6.305E-2
14.132,-1.341E-2,-6.332E-2
14.149,-1.331E-2,-6.573E-2
14.166,-1.298E-2,-6.806E-2
14.182,-1.228E-2,-7.077E-2
14.199,-1.088E-2,-7.425E-2
14.216,-9.180E-3,-7.852E-2
14.232,-7.259E-3,-8.315E-2
14.249,-6.934E-3,-8.714E-2
14.266,-5.654E-3,-9.103E-2
14.283,-5.099E-3,-9.409E-2
14.299,-4.448E-3,-9.628E-2
14.316,-4.405E-3,-9.866E-2
14.333,-4.791E-3,-9.735E-2
14.350,-5.758E-3,-9.738E-2
14.366,-6.668E-3,-9.171E-2
14.383,-6.397E-3,-8.734E-2
14.400,-4.808E-3,-8.376E-2
14.416,-4.040E-3,-7.709E-2
14.433,-2.949E-3,-7.205E-2
14.450,-1.022E-3,-6.620E-2
14.467,-1.719E-3,-6.011E-2
14.483,-2.881E-3,-5.410E-2
14.500,,
14.517,-6.826E-3,-4.253E-2
14.533,-8.868E-3,-3.932E-2
14.550,-1.099E-2,-3.668E-2
14.567,-1.434E-2,-3.445E-2
14.584,-1.680E-2,-3.376E-2
14.600,-1.984E-2,-3.408E-2
14.617,-2.201E-2,-3.464E-2
14.634,-2.456E-2,-3.655E-2
14.651,-2.581E-2,-3.797E-2
14.667,-2.741E-2,-4.021E-2
14.684,-2.823E-2,-4.209E-2
14.701,-3.025E-2,-4.706E-2
14.717,-2.906E-2,-5.405E-2
14.734,-2.964E-2,-5.347E-2
14.751,-3.078E-2,-6.164E-2
14.768,-3.197E-2,-6.353E-2
14.784,-3.225E-2,-6.801E-2
14.801,-3.214E-2,-7.205E-2
14.818,-3.169E-2,-7.735E-2
14.835,-3.108E-2,-8.120E-2
14.851,-2.927E-2,-8.776E-2
14.868,-2.763E-2,-9.450E-2
14.885,-2.601E-2,-0.100
14.901,-1.984E-2,-0.104
14.918,-1.984E-2,-0.104
14.935,-1.895E-2,-0.110
14.952,-1.747E-2,-0.117
14.968,-1.453E-2,-0.123
14.985,-1.890E-2,-0.123
15.002,-2.009E-2,-0.123
15.018,-2.475E-2,-0.119
15.035,-2.096E-2,-0.120
15.052,-1.718E-2,-0.115
15.069,-1.661E-2,-0.111
15.085,-1.371E-2,-0.106
15.102,-9.021E-3,-9.223E-2
15.119,-7.735E-3,-8.580E-2
15.136,-7.689E-3,-7.760E-2
15.152,-5.370E-3,-7.351E-2
15.169,2.187E-2,-0.105
15.186,-6.632E-3,-6.614E-2
15.202,-8.157E-3,-6.432E-2
15.219,-9.728E-3,-6.388E-2
15.236,-1.146E-2,-6.407E-2
15.253,,
15.269,-2.334E-2,-7.558E-2
15.286,-1.209E-2,-6.916E-2
15.303,-1.527E-2,-7.646E-2
15.320,-1.440E-2,-7.675E-2
15.336,-9.416E-3,-8.402E-2
15.353,-9.117E-3,-8.606E-2
15.370,-8.835E-3,-8.343E-2
15.386,-1.154E-2,-0.102
15.403,-1.075E-2,-0.107
15.420,-9.450E-3,-0.112
15.437,-7.018E-3,-0.103
15.453,-9.007E-3,-0.118
15.470,-8.742E-3,-0.119
15.487,-8.119E-3,-0.120
15.503,-7.258E-3,-0.118
15.520,-6.655E-3,-0.123
15.537,-9.872E-3,-0.120
15.554,-8.731E-3,-0.122
15.570,-9.727E-3,-0.120
15.587,-8.350E-3,-0.119
15.604,-8.776E-3,-0.116
15.621,-7.771E-3,-0.114
15.637,-7.862E-3,-0.111
15.654,-9.044E-3,-0.107
15.671,-6.487E-3,-0.103
15.687,-5.616E-3,-9.905E-2
15.704,-4.915E-3,-9.485E-2
15.721,-5.006E-3,-9.146E-2
15.738,-6.270E-3,-8.768E-2
15.754,-7.647E-3,-8.447E-2
15.771,-8.863E-3,-8.174E-2
15.788,-1.029E-2,-7.924E-2
15.805,-1.180E-2,-7.726E-2
15.821,-1.557E-2,-7.617E-2
15.838,-1.528E-2,-7.529E-2
15.855,-1.556E-2,-7.821E-2
15.871,-1.644E-2,-7.734E-2
15.888,-1.584E-2,-8.171E-2
15.905,-1.496E-2,-8.404E-2
15.922,-1.641E-2,-8.492E-2
15.938,-1.814E-2,-9.134E-2
15.955,-2.075E-2,-9.456E-2
15.972,-2.131E-2,-0.102
15.988,-2.216E-2,-0.109
16.005,-2.158E-2,-0.108
16.022,-2.011E-2,-0.113
16.039,-2.270E-2,-0.121
16.055,-2.269E-2,-0.124
16.072,-2.502E-2,-0.126
16.089,-5.401E-2,-0.107
16.106,-2.669E-2,-0.125
16.122,-5.151E-2,-0.100
16.139,-4.835E-2,-9.794E-2
16.156,-2.991E-2,-0.113
16.172,-2.865E-2,-0.110
16.189,-2.790E-2,-0.102
16.206,-3.008E-2,-9.181E-2
16.223,-2.585E-2,-8.591E-2
16.239,-2.534E-2,-8.048E-2
16.256,-2.612E-2,-7.635E-2
16.273,-2.721E-2,-7.201E-2
16.290,-2.803E-2,-7.070E-2
16.306,-3.244E-2,-7.121E-2
16.323,-3.228E-2,-7.235E-2
16.340,-3.324E-2,-7.677E-2
16.356,-3.634E-2,-8.104E-2
16.373,-3.460E-2,-8.124E-2
16.390,-3.536E-2,-8.655E-2
16.407,-3.628E-2,-9.789E-2
16.423,-3.298E-2,-0.105
16.440,-3.327E-2,-0.116
16.457,-3.405E-2,-0.126
16.474,-3.043E-2,-0.132
16.490,-3.058E-2,-0.138
16.507,-3.024E-2,-0.141
16.524,-3.137E-2,-0.145
16.540,-3.300E-2,-0.145
16.557,-3.742E-2,-0.146
16.574,-4.480E-2,-0.142
16.591,-3.975E-2,-0.136
16.607,-3.615E-2,-0.134
16.624,-3.405E-2,-0.127
16.641,-3.194E-2,-0.121
16.657,-2.984E-2,-0.115
16.674,-2.935E-2,-0.113
16.691,-2.986E-2,-0.107
16.708,-2.890E-2,-0.102
16.724,-2.664E-2,-9.197E-2
16.741,-2.551E-2,-9.033E-2
16.758,-2.274E-2,-8.672E-2
16.775,-1.982E-2,-7.853E-2
16.791,2.041E-2,-0.113
16.808,-1.696E-2,-6.615E-2
16.825,-2.132E-2,-7.002E-2
16.841,-1.824E-2,-6.347E-2
16.858,-1.807E-2,-6.445E-2
16.875,-1.986E-2,-6.789E-2
16.892,-1.919E-2,-7.067E-2
16.908,-1.902E-2,-7.312E-2
16.925,-1.983E-2,-7.689E-2
16.942,-1.719E-2,-8.064E-2
16.959,-1.553E-2,-8.751E-2
16.975,-1.387E-2,-9.519E-2
16.992,-9.446E-3,-9.714E-2
17.009,-1.024E-2,-0.103
17.025,2.055E-2,-0.114
17.042,-8.163E-3,-0.107
17.059,-8.295E-3,-0.112
17.076,-8.913E-3,-0.114
17.092,-1.014E-2,-0.115
17.109,-1.009E-2,-0.113
17.126,-1.001E-2,-0.110
17.142,-8.936E-3,-0.105
17.159,-8.233E-3,-0.101
17.176,-6.912E-3,-9.649E-2
17.193,-6.332E-3,-9.376E-2
17.209,-4.373E-3,-8.726E-2
17.226,-3.399E-3,-8.254E-2
17.243,-5.909E-3,-7.929E-2
17.260,-1.762E-3,-7.222E-2
17.276,-1.616E-3,-6.816E-2
17.293,-1.774E-3,-6.297E-2
17.310,-2.304E-3,-6.025E-2
17.326,-3.105E-3,-5.747E-2
17.343,-2.992E-3,-7.127E-2
17.360,,
17.377,-9.601E-3,-5.280E-2
17.393,-8.288E-3,-5.411E-2
17.410,-8.287E-3,-5.443E-2
17.427,-8.925E-3,-5.902E-2
17.444,-9.411E-3,-6.033E-2
17.460,-9.731E-3,-6.245E-2
17.477,-1.086E-2,-6.835E-2
17.494,-9.225E-3,-6.671E-2
17.510,-9.703E-3,-7.064E-2
17.527,-8.549E-3,-7.309E-2
17.544,-8.199E-3,-7.947E-2
17.561,-4.750E-3,-8.322E-2
17.577,-3.088E-3,-9.057E-2
17.594,-1.430E-3,-9.695E-2
17.611,-1.740E-3,-0.102
17.627,-1.881E-3,-0.108
17.644,4.171E-3,-0.108
17.661,3.201E-3,-0.111
17.678,4.179E-3,-0.110
17.694,4.523E-3,-0.115
17.711,4.201E-3,-0.116
17.728,3.217E-3,-0.116
17.745,4.362E-3,-0.116
17.761,5.995E-3,-0.115
17.778,4.521E-3,-0.114
17.795,4.685E-3,-0.114
17.811,4.512E-3,-0.111
17.828,4.506E-3,-0.110
17.845,3.175E-3,-0.104
17.862,2.514E-3,-0.102
17.878,1.199E-3,-0.100
17.895,7.083E-4,-0.100
17.912,2.140E-4,-9.907E-2
17.929,-1.432E-3,-9.630E-2
17.945,-4.558E-3,-9.140E-2
17.962,-4.719E-3,-9.205E-2
17.979,-5.542E-3,-9.075E-2
17.995,-9.319E-3,-8.683E-2
18.012,,
18.029,-9.485E-3,-8.602E-2
18.046,-9.651E-3,-8.536E-2
18.062,-1.327E-2,-7.997E-2
18.079,-1.491E-2,-7.818E-2
18.096,-2.064E-2,-7.738E-2
18.112,,
18.129,-2.064E-2,-7.738E-2
18.146,-2.064E-2,-7.738E-2
18.163,-2.011E-2,-8.998E-2
18.179,-1.927E-2,-9.603E-2
18.196,-1.927E-2,-9.619E-2
18.213,-1.924E-2,-0.105
18.230,-1.874E-2,-0.108
18.246,,
18.263,-2.249E-2,-0.111
18.280,-2.443E-2,-0.118
18.296,-2.361E-2,-0.117
18.313,-2.296E-2,-0.116
18.330,-2.296E-2,-0.116
18.347,-2.512E-2,-0.108
18.363,-2.366E-2,-0.103
18.380,-2.366E-2,-0.103
18.397,-2.400E-2,-9.883E-2
18.414,-2.368E-2,-9.768E-2
18.430,-1.985E-2,-6.969E-2
18.447,-2.133E-2,-6.822E-2
18.464,-2.183E-2,-6.397E-2
18.480,-2.251E-2,-5.841E-2
18.497,-3.350E-2,-4.945E-2
18.514,-3.203E-2,-4.846E-2
18.531,-3.614E-2,-4.471E-2
18.547,-3.908E-2,-4.554E-2
18.564,-4.578E-2,-4.671E-2
18.581,-4.789E-2,-5.195E-2
18.598,-4.935E-2,-5.687E-2
18.614,-4.605E-2,-6.356E-2
18.631,-4.471E-2,-7.239E-2
18.648,-4.340E-2,-7.435E-2
18.664,-3.418E-2,-9.052E-2
18.681,-3.008E-2,-9.361E-2
18.698,-2.728E-2,-9.688E-2
18.715,-2.511E-2,-0.111
18.731,,
18.748,-2.574E-2,-0.116
18.765,-2.606E-2,-0.120
18.781,-2.536E-2,-0.131
18.798,-2.191E-2,-0.135
18.815,-1.961E-2,-0.138
18.832,-2.420E-2,-0.137
18.848,-2.420E-2,-0.137
18.865,-3.042E-2,-0.137
18.882,-3.042E-2,-0.136
18.899,-3.207E-2,-0.132
18.915,-3.143E-2,-0.128
18.932,-3.111E-2,-0.126
18.949,-2.901E-2,-0.118
18.965,-2.787E-2,-0.115
18.982,-2.593E-2,-0.110
18.999,-2.316E-2,-0.105
19.016,-2.170E-2,-0.102
19.032,-1.991E-2,-9.996E-2
19.049,-1.454E-2,-9.160E-2
19.066,-9.158E-3,-8.618E-2
19.083,-8.526E-3,-7.947E-2
19.099,-7.390E-3,-7.685E-2
19.116,-7.392E-3,-7.635E-2
19.133,-8.217E-3,-7.439E-2
19.149,-8.709E-3,-7.390E-2
19.166,-1.148E-2,-7.817E-2
19.183,,
19.200,-1.163E-2,-7.997E-2
19.216,-1.194E-2,-8.586E-2
19.233,-1.210E-2,-8.652E-2
19.250,-1.210E-2,-8.668E-2
19.266,-8.955E-3,-9.730E-2
19.283,-6.969E-3,-0.104
19.300,-6.468E-3,-0.107
19.317,-4.658E-3,-0.110
19.333,-4.329E-3,-0.110
19.350,3.718E-3,-0.108
19.367,4.199E-3,-0.109
19.384,3.808E-3,-0.111
19.400,3.741E-3,-0.112
19.417,3.768E-3,-0.113
19.434,2.434E-3,-0.113
19.450,2.211E-3,-0.112
19.467,2.091E-3,-0.111
19.484,2.432E-3,-0.109
19.501,1.600E-3,-0.108
19.517,1.631E-3,-0.106
19.534,9.947E-4,-0.104
19.551,1.542E-3,-0.103
19.568,2.279E-3,-0.102
19.584,2.734E-3,-9.965E-2
19.601,2.694E-3,-9.761E-2
19.618,2.224E-3,-9.528E-2
19.634,1.538E-3,-9.321E-2
19.651,9.170E-4,-9.131E-2
19.668,9.584E-4,-8.957E-2
19.685,9.103E-4,-8.742E-2
19.701,9.999E-4,-8.525E-2
19.718,6.647E-4,-8.331E-2
19.735,-3.639E-4,-8.217E-2
19.751,-1.654E-3,-8.045E-2
19.768,-1.414E-3,-7.837E-2
19.785,-3.041E-3,-7.864E-2
19.802,-4.490E-3,-7.897E-2
19.818,-5.244E-3,-7.822E-2
19.835,-6.913E-3,-7.785E-2
19.852,-7.585E-3,-7.793E-2
19.869,-7.325E-3,-7.790E-2
19.885,-9.141E-3,-7.814E-2
19.902,-8.356E-3,-8.143E-2
19.919,-9.322E-3,-8.602E-2
19.935,-1.031E-2,-8.438E-2
19.952,-1.025E-2,-8.180E-2
19.969,-1.038E-2,-8.513E-2
19.986,-1.073E-2,-8.839E-2
20.002,-1.154E-2,-9.261E-2
20.019,-1.148E-2,-9.445E-2
20.036,-6.814E-3,-0.101
20.053,-1.105E-2,-0.107
20.069,-1.071E-2,-0.110
20.086,-1.186E-2,-0.110
20.103,-1.136E-2,-0.113
20.119,-1.154E-2,-0.107
20.136,-1.344E-2,-0.123
20.153,-1.475E-2,-0.123
20.170,-1.610E-2,-0.121
20.186,-1.725E-2,-0.118
20.203,-1.872E-2,-0.113
20.220,-1.842E-2,-0.105
20.236,-1.745E-2,-0.102
20.253,-1.829E-2,-9.586E-2
20.270,-1.928E-2,-9.276E-2
20.287,-1.883E-2,-8.727E-2
20.303,-2.017E-2,-8.382E-2
20.320,-2.228E-2,-7.874E-2
20.337,-2.464E-2,-7.494E-2
20.354,-2.618E-2,-7.213E-2
20.370,-2.311E-2,-7.477E-2
20.387,-3.071E-2,-7.071E-2
20.404,-3.191E-2,-7.257E-2
20.420,-3.246E-2,-7.473E-2
20.437,-3.281E-2,-7.910E-2
20.454,-3.199E-2,-8.389E-2
20.471,-3.206E-2,-8.773E-2
20.487,-2.663E-2,-9.753E-2
20.504,-2.556E-2,-0.102
20.521,-1.988E-2,-0.108
20.538,-2.117E-2,-0.115
20.554,-2.099E-2,-0.118
20.571,-2.260E-2,-0.125
20.588,-1.820E-2,-0.121
20.604,-2.053E-2,-0.131
20.621,-2.130E-2,-0.129
20.638,-2.131E-2,-0.125
20.655,-1.999E-2,-0.118
20.671,-2.036E-2,-0.110
20.688,-1.989E-2,-0.106
20.705,-1.349E-2,-9.775E-2
20.721,-1.164E-2,-9.148E-2
20.738,-1.171E-2,-8.472E-2
20.755,-1.281E-2,-7.714E-2
20.772,-1.459E-2,-7.194E-2
20.788,-1.741E-2,-6.543E-2
20.805,-1.878E-2,-6.526E-2
20.822,-2.166E-2,-6.626E-2
20.839,-2.279E-2,-7.166E-2
20.855,-2.559E-2,-6.742E-2
20.872,-2.835E-2,-7.168E-2
20.889,-3.081E-2,-7.071E-2
20.905,-3.488E-2,-7.645E-2
20.922,-3.240E-2,-8.495E-2
20.939,-3.123E-2,-9.182E-2
20.956,-3.088E-2,-9.820E-2
20.972,-2.759E-2,-0.103
20.989,-2.822E-2,-0.110
21.006,-2.737E-2,-0.118
21.023,-2.425E-2,-0.122
21.039,-2.456E-2,-0.126
21.056,-2.912E-2,-0.132
21.073,-2.437E-2,-0.136
21.089,-2.626E-2,-0.138
21.106,-2.790E-2,-0.138
21.123,-2.909E-2,-0.135
21.140,-2.928E-2,-0.134
21.156,-3.016E-2,-0.117
21.173,-2.919E-2,-0.113
21.190,-2.773E-2,-0.110
21.207,-2.725E-2,-0.108
21.223,-2.596E-2,-0.101
21.240,-2.419E-2,-9.245E-2
21.257,-2.061E-2,-8.671E-2
21.273,-1.800E-2,-8.425E-2
21.290,-1.802E-2,-8.009E-2
21.307,-1.800E-2,-7.323E-2
21.324,-1.704E-2,-7.933E-2
21.340,-2.052E-2,-6.593E-2
21.357,-2.085E-2,-6.397E-2
21.374,-2.267E-2,-6.021E-2
21.390,-2.873E-2,-5.581E-2
21.407,-2.906E-2,-5.696E-2
21.424,-3.233E-2,-5.828E-2
21.441,-3.396E-2,-5.966E-2
21.457,-3.392E-2,-6.365E-2
21.474,-3.376E-2,-6.946E-2
21.491,-3.287E-2,-7.533E-2
21.508,-3.135E-2,-8.012E-2
21.524,-2.352E-2,-9.539E-2
21.541,-2.201E-2,-0.107
21.558,-2.150E-2,-0.112
21.574,-5.413E-2,-0.138
21.591,-1.951E-2,-0.120
21.608,-2.195E-2,-0.126
21.625,-2.324E-2,-0.131
21.641,-2.192E-2,-0.134
21.658,-1.240E-2,-0.142
21.675,-1.402E-2,-0.143
21.692,-1.566E-2,-0.144
21.708,-1.526E-2,-0.145
21.725,-1.472E-2,-0.143
21.742,-1.398E-2,-0.141
21.758,-1.265E-2,-0.137
21.775,-1.137E-2,-0.134
21.792,-9.569E-3,-0.129
21.809,-7.586E-3,-0.124
21.825,-5.622E-3,-0.119
21.842,-3.355E-3,-0.108
21.859,-5.801E-4,-0.106
21.875,5.441E-4,-9.989E-2
21.892,-1.167E-4,-9.809E-2
21.909,-7.866E-4,-9.368E-2
21.926,-1.467E-3,-8.631E-2
21.942,-9.913E-4,-8.190E-2
21.959,-3.122E-3,-8.076E-2
21.976,-4.602E-3,-7.864E-2
21.993,-4.275E-3,-7.880E-2
22.009,-6.077E-3,-7.815E-2
22.026,2.113E-3,-8.058E-2
22.043,-9.651E-3,-8.553E-2
22.059,-8.647E-3,-9.174E-2
22.076,-7.494E-3,-9.386E-2
22.093,-9.118E-3,-9.747E-2
22.110,-1.172E-2,-0.102
22.126,-1.384E-2,-0.105
22.143,-8.926E-3,-0.106
22.160,-1.085E-2,-0.116
22.177,-1.461E-2,-0.118
22.193,-1.475E-2,-0.124
22.210,-1.719E-2,-0.129
22.227,-2.111E-2,-0.130
22.243,-2.094E-2,-0.133
22.260,-1.906E-2,-0.140
22.277,-1.828E-2,-0.140
22.294,-2.049E-2,-0.141
22.310,-2.081E-2,-0.141
22.327,-2.101E-2,-0.140
22.344,-2.101E-2,-0.137
22.360,-2.068E-2,-0.134
22.377,-1.998E-2,-0.131
22.394,-1.816E-2,-0.127
22.411,-1.535E-2,-0.120
22.427,-1.349E-2,-0.111
22.444,-9.644E-3,-0.101
22.461,-4.447E-3,-0.100
22.478,-1.153E-2,-0.110
22.494,-5.705E-3,-9.075E-2
22.511,-2.177E-3,-8.755E-2
22.528,-3.447E-3,-8.141E-2
22.544,-6.612E-4,-8.271E-2
22.561,-4.095E-3,-8.338E-2
22.578,-1.478E-3,-8.304E-2
22.595,-2.449E-3,-8.615E-2
22.611,-2.101E-3,-9.221E-2
22.628,-2.417E-3,-9.548E-2
22.645,6.917E-4,-9.531E-2
22.662,-3.058E-3,-9.925E-2
22.678,-1.902E-3,-0.102
22.695,-8.725E-3,-0.116
22.712,-1.265E-2,-0.118
22.728,-8.862E-3,-0.124
22.745,-7.385E-3,-0.125
22.762,-4.118E-3,-0.124
22.779,-3.787E-3,-0.125
22.795,-3.459E-3,-0.125
22.812,-2.784E-3,-0.131
22.829,-3.106E-3,-0.132
22.845,-3.924E-3,-0.132
22.862,-2.412E-3,-0.133
22.879,-2.395E-3,-0.134
22.896,-2.942E-3,-0.132
22.912,-2.627E-3,-0.129
22.929,-2.472E-3,-0.126
22.946,-2.635E-3,-0.127
22.963,-1.329E-3,-0.130
22.979,-3.471E-4,-0.126
22.996,1.543E-3,-0.122
23.013,2.293E-3,-0.118
23.029,2.820E-3,-0.115
23.046,3.408E-3,-0.112
23.063,4.036E-3,-0.109
23.080,4.130E-3,-0.106
23.096,3.310E-3,-0.103
23.113,2.938E-3,-0.101
23.130,2.402E-3,-9.912E-2
23.147,1.950E-3,-9.796E-2
23.163,9.474E-4,-9.710E-2
23.180,2.665E-4,-9.688E-2
23.197,-1.119E-3,-9.717E-2
23.213,-1.930E-3,-9.824E-2
23.230,-2.675E-3,-0.100
23.247,-2.997E-3,-0.102
23.264,3.691E-4,-9.662E-2
23.280,-3.857E-3,-0.105
23.297,-3.681E-3,-0.108
23.314,-3.999E-3,-0.111
23.330,-5.304E-3,-0.112
23.347,-4.975E-3,-0.113
23.364,-4.317E-3,-0.114
23.381,-2.400E-2,-0.119
23.397,-2.532E-2,-0.122
23.414,-2.715E-2,-0.124
23.431,-2.536E-2,-0.126
23.448,-2.227E-2,-0.126
23.464,-2.535E-2,-0.134
23.481,-9.403E-3,-0.125
23.498,-8.162E-3,-0.124
23.514,-6.094E-3,-0.123
23.531,-4.953E-3,-0.121
23.548,-3.796E-3,-0.117
23.565,-2.232E-3,-0.113
23.581,-4.134E-4,-0.108
23.598,9.440E-4,-0.104
23.615,1.539E-3,-9.783E-2
23.632,2.060E-3,-9.298E-2
23.648,1.073E-3,-8.857E-2
23.665,2.440E-3,-8.428E-2
23.682,2.424E-3,-8.037E-2
23.698,2.027E-3,-7.680E-2
23.715,1.204E-4,-7.316E-2
23.732,-4.275E-4,-7.110E-2
23.749,-1.804E-3,-6.877E-2
23.765,-1.415E-3,-6.798E-2
23.782,-2.209E-3,-6.683E-2
23.799,-5.028E-3,-6.692E-2
23.816,-5.768E-3,-6.744E-2
23.832,-6.863E-3,-6.817E-2
23.849,-7.622E-3,-6.944E-2
23.866,-8.044E-3,-7.056E-2
23.882,-1.089E-2,-7.328E-2
23.899,-1.185E-2,-7.684E-2
23.916,-1.130E-2,-8.128E-2
23.933,-1.275E-2,-8.799E-2
23.949,-1.092E-2,-9.666E-2
23.966,-1.441E-2,-0.100
23.983,-1.516E-2,-0.100
23.999,-1.730E-2,-0.108
24.016,-1.871E-2,-0.108
24.033,-1.644E-2,-0.110
24.050,,
24.066,-1.649E-2,-9.602E-2
24.083,-1.292E-2,-8.685E-2
24.100,-1.099E-2,-7.702E-2
24.117,-1.084E-2,-7.326E-2
24.133,-1.151E-2,-6.933E-2
24.150,-1.184E-2,-6.884E-2
24.167,-1.495E-2,-6.820E-2
24.183,-1.642E-2,-6.935E-2
24.200,-1.772E-2,-7.197E-2
24.217,-2.131E-2,-7.395E-2
24.234,-2.113E-2,-7.918E-2
24.250,-1.995E-2,-8.687E-2
24.267,-2.092E-2,-9.031E-2
24.284,-1.860E-2,-9.848E-2
24.301,-1.631E-2,-9.978E-2
24.317,-2.002E-2,-0.115
24.334,-2.098E-2,-0.122
24.351,-2.278E-2,-0.122
24.367,-2.261E-2,-0.123
24.384,-2.326E-2,-0.123
24.401,-2.444E-2,-0.114
24.418,-2.315E-2,-0.110
24.434,-2.170E-2,-0.103
24.451,-1.959E-2,-9.865E-2
24.468,-1.829E-2,-9.423E-2
24.484,-1.668E-2,-8.866E-2
24.501,-2.175E-2,-7.669E-2
24.518,-1.668E-2,-8.735E-2
24.535,-2.376E-2,-7.608E-2
24.551,-2.751E-2,-7.839E-2
24.568,-2.751E-2,-7.839E-2
24.585,-2.586E-2,-8.149E-2
24.602,-2.813E-2,-8.886E-2
24.618,-2.908E-2,-9.721E-2
24.635,-2.792E-2,-0.103
24.652,-2.543E-2,-0.112
24.668,-2.345E-2,-0.116
24.685,-2.082E-2,-0.121
24.702,-3.062E-2,-0.119
24.719,-2.375E-2,-0.124
24.735,-2.801E-2,-0.123
24.752,-1.952E-2,-0.118
24.769,-1.983E-2,-0.123
24.786,-2.344E-2,-0.120
24.802,-2.034E-2,-0.117
24.819,-2.326E-2,-0.124
24.836,-2.361E-2,-0.119
24.852,-2.394E-2,-0.116
24.869,-2.859E-2,-0.116
24.886,-2.837E-2,-0.112
24.903,-2.513E-2,-0.105
24.919,-2.276E-2,-9.969E-2
24.936,-2.123E-2,-9.620E-2
24.953,-1.749E-2,-8.948E-2
24.969,-1.538E-2,-8.342E-2
24.986,-1.480E-2,-7.536E-2
25.003,-1.312E-2,-7.539E-2
25.020,-1.362E-2,-7.327E-2
25.036,-1.428E-2,-7.278E-2
25.053,-1.689E-2,-7.459E-2
25.070,-2.275E-2,-8.164E-2
25.087,-2.209E-2,-8.393E-2
25.103,-1.701E-2,-8.637E-2
25.120,-1.830E-2,-9.210E-2
25.137,-1.813E-2,-9.728E-2
25.153,-1.566E-2,-9.847E-2
25.170,-1.465E-2,-0.106
25.187,-1.252E-2,-0.109
25.204,-5.807E-3,-0.109
25.220,-6.335E-3,-0.124
25.237,-5.772E-3,-0.126
25.254,-5.510E-3,-0.127
25.271,-4.791E-3,-0.127
25.287,-3.667E-3,-0.128
25.304,-4.434E-3,-0.126
25.321,-2.985E-3,-0.125
25.337,-2.380E-3,-0.123
25.354,-2.097E-3,-0.121
25.371,-2.255E-3,-0.117
25.388,-1.133E-3,-0.114
25.404,-1.049E-3,-0.112
25.421,1.211E-3,-0.103
25.438,2.014E-3,-9.907E-2
25.454,3.133E-3,-9.153E-2
25.471,3.338E-3,-8.833E-2
25.488,2.741E-3,-8.383E-2
25.505,1.963E-3,-7.938E-2
25.521,6.931E-5,-7.577E-2
25.538,-1.952E-3,-7.450E-2
25.555,-2.751E-3,-7.401E-2
25.572,-3.710E-3,-7.533E-2
25.588,-4.296E-3,-7.658E-2
25.605,-4.770E-3,-7.749E-2
25.622,-4.927E-3,-7.945E-2
25.638,-4.752E-3,-8.256E-2
25.655,-4.752E-3,-8.273E-2
25.672,-5.065E-3,-8.682E-2
25.689,-5.709E-3,-8.977E-2
25.705,-6.025E-3,-9.304E-2
25.722,-6.837E-3,-9.468E-2
25.739,-7.968E-3,-9.877E-2
25.756,-7.301E-3,-0.102
25.772,-8.765E-3,-0.105
25.789,-1.006E-2,-0.109
25.806,-1.071E-2,-0.111
25.822,-9.060E-3,-0.114
25.839,-8.719E-3,-0.118
25.856,-9.366E-3,-0.120
25.873,-9.209E-3,-0.118
25.889,-6.934E-3,-0.117
25.906,-7.011E-3,-0.117
25.923,-7.227E-3,-0.115
25.940,-7.313E-3,-0.112
25.956,-7.246E-3,-0.107
25.973,-7.006E-3,-0.103
25.990,-6.222E-3,-9.874E-2
26.006,-5.662E-3,-9.450E-2
26.023,-5.083E-3,-9.010E-2
26.040,-5.068E-3,-8.555E-2
26.057,-5.628E-3,-8.109E-2
26.073,-5.435E-3,-7.455E-2
26.090,-5.774E-3,-7.111E-2
26.107,-6.106E-3,-6.677E-2
26.123,-6.871E-3,-6.161E-2
26.140,-6.576E-3,-6.001E-2
26.157,-7.785E-3,-5.754E-2
26.174,-8.112E-3,-5.754E-2
26.190,-8.937E-3,-5.558E-2
26.207,-3.315E-2,-7.333E-2
26.224,-1.335E-2,-5.772E-2
26.241,-2.278E-2,-7.387E-2
26.257,-1.564E-2,-7.262E-2
26.274,-1.020E-2,-6.753E-2
26.291,-1.003E-2,-7.162E-2
26.307,-8.922E-3,-7.653E-2
26.324,-7.142E-3,-8.175E-2
26.341,-6.770E-3,-8.617E-2
26.358,-6.463E-3,-9.037E-2
26.374,-7.656E-3,-9.435E-2
26.391,-6.207E-3,-9.620E-2
26.408,-6.908E-3,-9.667E-2
26.425,-6.058E-3,-9.605E-2
26.441,-6.318E-3,-9.314E-2
26.458,-5.197E-3,-9.103E-2
26.475,-5.079E-3,-8.886E-2
26.491,-5.251E-3,-8.561E-2
26.508,-5.046E-3,-8.228E-2
26.525,-4.549E-3,-7.911E-2
26.542,-4.471E-3,-7.525E-2
26.558,-4.518E-3,-7.200E-2
26.575,-4.616E-3,-7.057E-2
26.592,-5.011E-3,-6.941E-2
26.608,-6.703E-3,-6.927E-2
26.625,-6.748E-3,-6.938E-2
26.642,-6.312E-3,-7.068E-2
26.659,-5.681E-3,-7.249E-2
26.675,-4.827E-3,-7.519E-2
26.692,-3.017E-3,-7.924E-2
26.709,-1.740E-3,-8.301E-2
26.726,-2.388E-4,-8.685E-2
26.742,4.592E-4,-9.093E-2
26.759,1.855E-3,-9.496E-2
26.776,1.878E-3,-9.817E-2
26.792,1.749E-3,-0.100
26.809,1.474E-3,-0.100
26.826,8.754E-4,-9.953E-2
26.843,7.755E-4,-9.872E-2
26.859,2.637E-4,-9.748E-2
26.876,1.362E-4,-9.556E-2
26.893,-4.317E-4,-9.291E-2
26.910,-2.288E-4,-9.105E-2
26.926,-4.283E-4,-9.059E-2
26.943,-3.878E-4,-8.905E-2
26.960,-4.028E-4,-8.894E-2
26.976,-3.012E-4,-8.969E-2
26.993,-3.592E-4,-9.051E-2
27.010,-9.611E-5,-9.242E-2
27.027,3.749E-4,-9.442E-2
27.043,5.823E-4,-9.708E-2
27.060,1.184E-3,-0.100
27.077,1.822E-3,-0.104
27.093,2.157E-3,-0.108
27.110,2.565E-3,-0.111
27.127,3.151E-3,-0.115
27.144,3.589E-3,-0.119
27.160,2.993E-3,-0.121
27.177,2.952E-3,-0.122
27.194,1.713E-3,-0.124
27.211,1.735E-3,-0.123
27.227,1.415E-3,-0.122
27.244,2.155E-3,-0.122
27.261,9.830E-4,-0.120
27.277,2.028E-3,-0.118
27.294,1.553E-3,-0.116
27.311,1.666E-3,-0.112
27.328,1.669E-3,-0.109
27.344,1.620E-3,-0.106
27.361,2.602E-3,-0.103
27.378,3.367E-3,-9.995E-2
27.395,6.934E-4,-9.580E-2
27.411,3.135E-3,-9.203E-2
27.428,3.780E-3,-8.941E-2
27.445,2.301E-3,-8.761E-2
27.461,6.563E-4,-8.516E-2
27.478,-6.739E-6,-8.271E-2
27.495,1.575E-4,-8.287E-2
27.512,-2.464E-3,-8.174E-2
27.528,-3.124E-3,-8.027E-2
27.545,-3.773E-3,-8.191E-2
27.562,-5.739E-3,-8.109E-2
27.578,-7.542E-3,-8.028E-2
27.595,-8.851E-3,-8.012E-2
27.612,-1.115E-2,-7.849E-2
27.629,-1.327E-2,-7.948E-2
27.645,-1.474E-2,-8.145E-2
27.662,-1.703E-2,-8.162E-2
27.679,-1.620E-2,-8.326E-2
27.696,-1.587E-2,-8.440E-2
27.712,-1.684E-2,-8.948E-2
27.729,-1.731E-2,-9.324E-2
27.746,-1.567E-2,-9.667E-2
27.762,-1.516E-2,-0.102
27.779,-1.613E-2,-0.103
27.796,-1.547E-2,-0.107
27.813,-1.480E-2,-0.111
27.829,-1.348E-2,-0.114
27.846,-1.447E-2,-0.112
27.863,-1.381E-2,-0.113
27.880,-1.366E-2,-0.109
27.896,-1.138E-2,-0.106
27.913,-1.172E-2,-0.102
27.930,-1.059E-2,-9.666E-2
27.946,-8.997E-3,-8.536E-2
27.963,-7.538E-3,-8.143E-2
27.980,-4.606E-3,-7.749E-2
27.997,-3.794E-3,-7.585E-2
28.013,-1.679E-3,-7.241E-2
28.030,5.998E-4,-6.896E-2
28.047,-6.614E-5,-6.569E-2
28.063,-7.309E-4,-6.275E-2
28.080,-2.864E-3,-6.112E-2
28.097,-9.424E-3,-5.690E-2
28.114,-1.014E-2,-5.646E-2
28.130,-1.137E-2,-5.638E-2
28.147,-1.279E-2,-5.736E-2
28.164,-1.484E-2,-5.915E-2
28.181,-1.441E-2,-5.993E-2
28.197,-1.479E-2,-6.266E-2
28.214,-1.526E-2,-6.417E-2
28.231,-1.469E-2,-6.685E-2
28.247,-1.521E-2,-7.069E-2
28.264,-1.333E-2,-7.408E-2
28.281,-1.245E-2,-7.850E-2
28.298,-1.107E-2,-8.342E-2
28.314,-9.474E-3,-8.929E-2
28.331,-1.026E-2,-9.021E-2
28.348,-8.680E-3,-9.172E-2
28.365,-9.625E-3,-9.289E-2
28.381,-7.765E-3,-9.746E-2
28.398,-7.970E-3,-9.812E-2
28.415,-6.660E-3,-9.844E-2
28.431,-7.314E-3,-9.861E-2
28.448,-7.649E-3,-9.648E-2
28.465,-8.296E-3,-9.861E-2
28.482,-7.488E-3,-9.566E-2
28.498,-7.654E-3,-9.501E-2
28.515,-6.192E-3,-9.189E-2
28.532,-5.877E-3,-8.862E-2
28.549,-6.381E-3,-8.486E-2
28.565,-6.066E-3,-8.110E-2
28.582,-5.100E-3,-7.684E-2
28.599,-5.033E-3,-7.314E-2
28.615,-3.440E-3,-7.120E-2
28.632,-2.902E-3,-6.816E-2
28.649,-4.944E-3,-7.438E-2
28.666,-4.117E-3,-6.353E-2
28.682,-4.271E-3,-6.311E-2
28.699,-3.983E-3,-6.285E-2
28.716,-4.593E-3,-6.297E-2
28.732,-5.380E-3,-6.395E-2
28.749,-5.385E-3,-6.512E-2
28.766,-5.742E-3,-6.668E-2
28.783,-1.567E-2,-7.721E-2
28.799,-7.400E-3,-7.406E-2
28.816,-5.592E-3,-7.651E-2
28.833,-6.167E-3,-7.950E-2
28.850,-5.404E-3,-8.338E-2
28.866,-6.375E-3,-8.633E-2
28.883,-4.556E-3,-9.205E-2
28.900,-6.343E-3,-9.549E-2
28.916,-4.204E-3,-9.909E-2
28.933,-4.512E-3,-0.105
28.950,-3.523E-3,-0.107
28.967,-2.689E-3,-0.111
28.983,-3.016E-3,-0.111
29.000,-4.496E-3,-0.109
29.017,-3.184E-3,-0.110
29.034,-2.693E-3,-0.110
29.050,-3.849E-3,-0.107
29.067,-3.529E-3,-0.105
29.084,-2.395E-3,-0.102
29.100,-2.240E-3,-9.908E-2
29.117,-1.764E-3,-9.499E-2
29.134,1.553E-3,-0.108
29.151,3.351E-3,-0.107
29.167,1.855E-3,-0.101
29.184,4.621E-3,-9.611E-2
29.201,6.061E-3,-8.662E-2
29.217,5.725E-3,-8.400E-2
29.234,3.263E-3,-8.204E-2
29.251,3.910E-3,-7.991E-2
29.268,-1.506E-3,-7.503E-2
29.284,-2.491E-3,-7.405E-2
29.301,-4.129E-3,-7.356E-2
29.318,-4.299E-3,-7.176E-2
29.335,-8.239E-3,-6.801E-2
29.351,-1.200E-2,-6.835E-2
29.368,-1.216E-2,-6.950E-2
29.385,-1.723E-2,-7.148E-2
29.401,-2.082E-2,-7.215E-2
29.418,-2.459E-2,-7.265E-2
29.435,-2.360E-2,-7.396E-2
29.452,-2.751E-2,-7.806E-2
29.468,-2.798E-2,-8.444E-2
29.485,-2.977E-2,-8.690E-2
29.502,-2.729E-2,-9.377E-2
29.519,-2.777E-2,-9.802E-2
29.535,-2.610E-2,-0.106
29.552,-2.560E-2,-0.111
29.569,-2.378E-2,-0.116
29.585,-2.672E-2,-0.116
29.602,-2.737E-2,-0.120
29.619,-2.818E-2,-0.116
29.636,-2.991E-2,-0.114
29.652,-2.932E-2,-0.111
29.669,-3.061E-2,-0.106
29.686,-2.860E-2,-9.821E-2
29.702,-2.457E-2,-8.878E-2
29.719,-2.193E-2,-8.475E-2
29.736,-1.444E-2,-7.343E-2
29.753,-9.708E-3,-6.916E-2
29.769,-1.087E-2,-6.311E-2
29.786,-1.074E-2,-5.411E-2
29.803,-1.288E-2,-5.216E-2
29.820,-1.419E-2,-5.085E-2
29.836,-1.650E-2,-4.497E-2
29.853,-1.732E-2,-4.366E-2
29.870,-2.158E-2,-4.286E-2
29.886,-2.502E-2,-4.287E-2
29.903,-2.460E-2,-4.014E-2
29.920,-2.702E-2,-4.072E-2
29.937,-2.763E-2,-4.272E-2
29.953,-2.860E-2,-4.714E-2
29.970,2.973E-2,-0.111
29.987,-3.185E-2,-5.533E-2
30.004,-2.954E-2,-5.876E-2
30.020,-3.216E-2,-5.926E-2
30.037,-3.215E-2,-6.148E-2
30.054,-3.142E-2,-6.442E-2
30.070,-3.089E-2,-7.149E-2
30.087,-2.927E-2,-7.726E-2
30.104,-2.666E-2,-8.320E-2
30.121,-2.140E-2,-9.522E-2
30.137,-1.809E-2,-0.105
30.154,-1.675E-2,-0.115
30.171,-1.542E-2,-0.121
30.187,-1.735E-2,-0.130
30.204,-2.144E-2,-0.130
30.221,-2.502E-2,-0.135
30.238,-2.439E-2,-0.128
30.254,-2.278E-2,-0.121
30.271,-2.199E-2,-0.114
30.288,-2.135E-2,-0.110
30.305,-2.120E-2,-0.106
30.321,-1.958E-2,-0.100
30.338,-1.960E-2,-9.587E-2
30.355,-1.798E-2,-8.965E-2
30.371,-1.587E-2,-8.375E-2
30.388,-1.346E-2,-7.261E-2
30.405,-1.495E-2,-6.787E-2
30.422,2.112E-2,-0.105
30.438,-1.152E-2,-6.508E-2
30.455,-1.308E-2,-6.465E-2
30.472,-1.610E-2,-6.477E-2
30.489,-1.643E-2,-6.559E-2
30.505,-1.691E-2,-6.919E-2
30.522,-1.739E-2,-7.279E-2
30.539,-1.721E-2,-7.557E-2
30.555,-1.769E-2,-7.966E-2
30.572,-1.980E-2,-8.507E-2
30.589,-1.864E-2,-8.719E-2
30.606,-1.732E-2,-9.161E-2
30.622,-1.730E-2,-9.651E-2
30.639,-1.434E-2,-0.101
30.656,-1.400E-2,-0.104
30.672,-1.448E-2,-0.109
30.689,2.001E-2,-0.115
30.706,-1.184E-2,-0.115
30.723,-1.263E-2,-0.122
30.739,-1.215E-2,-0.120
30.756,-1.246E-2,-0.124
30.773,-1.278E-2,-0.127
30.790,2.486E-2,-9.740E-2
30.806,-1.131E-2,-0.126
30.823,-1.377E-2,-0.124
30.840,-1.099E-2,-0.124
30.856,1.857E-2,-0.117
30.873,-1.182E-2,-0.119
30.890,1.976E-2,-0.113
30.907,-1.087E-2,-0.111
30.923,-1.269E-2,-0.107
30.940,-1.221E-2,-0.103
30.957,-1.173E-2,-9.993E-2
30.974,-1.191E-2,-9.502E-2
30.990,-1.208E-2,-9.175E-2
31.007,-1.161E-2,-8.717E-2
31.024,-1.146E-2,-8.275E-2
31.040,-1.300E-2,-7.066E-2
31.057,-1.488E-2,-6.600E-2
31.074,-1.594E-2,-6.183E-2
31.091,,
31.107,-1.744E-2,-5.607E-2
31.124,-1.666E-2,-5.607E-2
31.141,-2.004E-2,-5.426E-2
31.158,2.470E-2,-9.746E-2
31.174,-2.133E-2,-5.868E-2
31.191,-2.029E-2,-5.915E-2
31.208,-1.693E-2,-6.248E-2
31.224,-1.690E-2,-7.050E-2
31.241,-1.183E-2,-7.064E-2
31.258,-1.050E-2,-7.620E-2
31.275,-2.311E-3,-7.837E-2
31.291,-1.122E-3,-8.202E-2
31.308,-7.188E-4,-8.009E-2
31.325,-6.815E-4,-7.468E-2
31.341,-8.535E-4,-7.032E-2
31.358,-2.432E-3,-6.577E-2
31.375,-4.103E-3,-6.170E-2
31.392,-5.944E-3,-5.755E-2
31.408,-3.116E-3,-8.272E-2
31.425,,
31.442,-1.568E-2,-4.693E-2
31.459,-1.633E-2,-4.693E-2
31.475,-2.273E-2,-4.237E-2
31.492,-2.976E-2,-4.453E-2
31.509,-2.681E-2,-4.435E-2
31.525,-3.334E-2,-4.977E-2
31.542,-3.676E-2,-5.273E-2
31.559,-3.806E-2,-5.683E-2
31.576,-3.948E-2,-5.914E-2
31.592,-3.981E-2,-6.352E-2
31.609,-3.976E-2,-6.891E-2
31.626,-3.927E-2,-7.386E-2
31.643,-3.582E-2,-8.758E-2
31.659,-3.614E-2,-9.102E-2
31.676,-3.450E-2,-9.248E-2
31.693,-3.136E-2,-9.967E-2
31.709,-2.531E-2,-0.100
31.726,-2.723E-2,-0.111
31.743,-2.934E-2,-0.118
31.760,-2.899E-2,-0.125
31.776,-2.472E-2,-0.129
31.793,-2.504E-2,-0.131
31.810,-2.650E-2,-0.133
31.826,-2.793E-2,-0.133
31.843,-2.843E-2,-0.131
31.860,-2.839E-2,-0.128
31.877,-2.768E-2,-0.123
31.893,-2.611E-2,-0.118
31.910,-2.407E-2,-0.112
31.927,-2.276E-2,-0.103
31.944,-2.081E-2,-9.691E-2
31.960,-1.939E-2,-8.841E-2
31.977,-1.756E-2,-8.384E-2
31.994,-1.629E-2,-7.671E-2
32.010,-1.638E-2,-7.013E-2
32.027,-1.685E-2,-6.541E-2
32.044,-1.765E-2,-6.217E-2
32.061,-1.862E-2,-5.968E-2
32.077,-1.896E-2,-5.992E-2
32.094,-2.115E-2,-5.903E-2
32.111,-2.088E-2,-6.022E-2
32.128,-2.071E-2,-6.297E-2
32.144,-1.740E-2,-6.903E-2
32.161,-1.608E-2,-7.246E-2
32.178,-1.377E-2,-7.801E-2
32.194,-1.440E-2,-8.423E-2
32.211,-9.953E-3,-9.256E-2
32.228,-3.227E-3,-9.777E-2
32.245,-3.534E-3,-0.104
32.261,-2.239E-3,-0.102
32.278,-3.080E-4,-0.105
32.295,-2.847E-4,-0.108
32.311,-1.203E-3,-0.115
32.328,2.665E-4,-0.114
32.345,-3.321E-3,-0.118
32.362,-2.040E-3,-0.110
32.378,1.980E-2,-0.114
32.395,-2.379E-3,-0.106
32.412,-2.736E-3,-9.761E-2
32.429,-2.098E-3,-9.303E-2
32.445,-1.284E-3,-9.171E-2
32.462,-1.458E-3,-8.877E-2
32.479,-8.106E-4,-8.680E-2
32.495,-8.203E-4,-8.402E-2
32.512,-1.154E-3,-8.206E-2
32.529,-1.154E-3,-8.206E-2
32.546,3.891E-3,-7.840E-2
32.562,3.856E-3,-7.784E-2
32.579,3.815E-3,-7.725E-2
32.596,3.843E-3,-7.723E-2
32.613,3.902E-3,-7.781E-2
32.629,4.929E-3,-7.858E-2
32.646,4.723E-3,-8.037E-2
32.663,5.077E-3,-8.182E-2
32.679,5.326E-3,-8.434E-2
32.696,5.351E-3,-8.570E-2
32.713,4.921E-3,-8.826E-2
32.730,3.940E-3,-8.842E-2
32.746,3.453E-3,-8.957E-2
32.763,3.615E-3,-8.908E-2
32.780,4.604E-3,-9.104E-2
32.796,2.311E-3,-9.039E-2
32.813,1.338E-3,-9.285E-2
32.830,1.355E-3,-9.223E-2
32.847,7.459E-4,-9.252E-2
32.863,5.224E-5,-9.354E-2
32.880,-5.709E-4,-9.490E-2
32.897,-1.200E-3,-9.623E-2
32.914,-2.246E-3,-9.837E-2
32.930,-1.862E-3,-9.977E-2
32.947,-1.878E-3,-0.102
32.964,-1.924E-3,-0.104
32.980,-1.707E-3,-0.106
32.997,-2.011E-3,-0.106
33.014,-1.807E-3,-0.107
33.031,-1.750E-3,-0.107
33.047,-1.602E-3,-0.106
33.064,-1.940E-3,-0.105
33.081,-2.419E-3,-0.103
33.098,-3.020E-3,-0.101
33.114,-4.201E-3,-9.974E-2
33.131,-3.064E-3,-9.363E-2
33.148,-2.570E-3,-9.068E-2
33.164,-3.723E-3,-8.828E-2
33.181,-3.737E-3,-8.553E-2
33.198,-3.498E-3,-8.382E-2
33.215,-4.091E-3,-8.316E-2
33.231,-5.005E-3,-8.376E-2
33.248,-4.417E-3,-8.502E-2
33.265,-5.222E-3,-8.862E-2
33.282,-4.973E-3,-9.294E-2
33.298,-7.325E-3,-9.566E-2
33.315,-5.837E-3,-9.991E-2
33.332,-4.018E-3,-0.105
33.348,-7.438E-3,-0.110
33.365,-8.897E-3,-0.114
33.382,-8.742E-3,-0.111
33.399,-1.079E-2,-0.111
33.415,-1.169E-2,-0.109
33.432,-1.179E-2,-0.106
33.449,-1.024E-2,-0.103
33.465,-1.256E-2,-9.650E-2
33.482,-1.306E-2,-9.208E-2
33.499,-1.176E-2,-8.962E-2
33.516,-1.225E-2,-8.946E-2
33.532,-1.243E-2,-8.570E-2
33.549,-1.374E-2,-8.619E-2
33.566,-1.340E-2,-8.816E-2
33.583,-1.340E-2,-9.061E-2
33.599,-1.469E-2,-9.552E-2
33.616,-1.550E-2,-9.700E-2
33.633,-1.351E-2,-0.104
33.649,-1.251E-2,-0.110
33.666,-1.200E-2,-0.117
33.683,-1.395E-2,-0.120
33.700,-1.333E-2,-0.125
33.716,-1.229E-2,-0.125
33.733,-1.546E-2,-0.129
33.750,-1.675E-2,-0.129
33.767,-1.506E-2,-0.129
33.783,-1.572E-2,-0.127
33.800,-4.109E-2,-0.118
33.817,-1.607E-2,-0.121
33.833,-4.214E-2,-0.112
33.850,-8.962E-3,-9.534E-2
33.867,-6.528E-3,-8.961E-2
33.884,-1.554E-2,-0.122
33.900,-1.410E-2,-0.120
33.917,-4.913E-3,-8.355E-2
33.934,-2.824E-3,-7.241E-2
33.950,-5.285E-3,-7.062E-2
33.967,-4.789E-3,-7.209E-2
33.984,-4.947E-3,-7.373E-2
34.001,-5.765E-3,-7.357E-2
34.017,-5.924E-3,-7.504E-2
34.034,-3.618E-3,-7.945E-2
34.051,-4.748E-3,-8.371E-2
34.068,-5.053E-3,-9.025E-2
34.084,-4.555E-3,-9.222E-2
34.101,-3.394E-3,-9.679E-2
34.118,8.748E-4,-0.101
34.134,1.555E-3,-0.108
34.151,1.893E-3,-0.111
34.168,-4.853E-3,-0.101
34.185,-1.564E-3,-0.105
34.201,7.459E-3,-0.112
34.218,6.480E-3,-0.113
34.235,1.894E-3,-0.112
34.252,9.074E-3,-0.106
34.268,-3.052E-3,-0.101
34.285,-1.760E-3,-9.613E-2
34.302,-1.275E-3,-9.450E-2
34.318,2.485E-3,-9.350E-2
34.335,3.777E-3,-8.859E-2
34.352,1.006E-2,-0.107
34.369,4.964E-3,-0.101
34.385,5.595E-3,-9.365E-2
34.402,5.417E-3,-8.956E-2
34.419,4.920E-3,-8.793E-2
34.435,-5.080E-2,-0.119
34.452,-5.141E-2,-0.116
34.469,-5.044E-2,-0.114
34.486,-5.277E-2,-0.110
34.502,-5.393E-2,-0.107
34.519,-4.002E-2,-0.111
34.536,-4.438E-2,-0.106
34.553,-3.932E-2,-0.103
34.569,-2.321E-2,-0.108
34.586,-2.151E-2,-0.105
34.603,-1.918E-2,-0.103
34.619,-8.312E-3,-0.105
34.636,-8.408E-3,-0.103
34.653,-7.068E-3,-0.101
34.670,-2.265E-3,-0.100
34.686,5.953E-3,-9.165E-2
34.703,5.274E-3,-9.222E-2
34.720,4.638E-3,-9.318E-2
34.737,3.905E-3,-9.392E-2
34.753,4.374E-3,-9.509E-2
34.770,3.625E-3,-9.619E-2
34.787,4.224E-3,-9.779E-2
34.803,4.093E-3,-9.918E-2
34.820,3.478E-3,-0.100
34.837,4.018E-3,-0.101
34.854,4.407E-3,-0.103
34.870,4.713E-3,-0.104
34.887,3.915E-3,-0.103
34.904,4.704E-3,-0.104
34.920,4.017E-3,-0.103
34.937,4.651E-3,-0.104
34.954,5.134E-3,-0.102
34.971,4.155E-3,-0.103
34.987,4.477E-3,-0.102
35.004,4.311E-3,-0.101
35.021,5.297E-3,-0.102
35.038,4.309E-3,-0.100
35.054,4.310E-3,-0.101
35.071,5.278E-3,-9.660E-2
35.088,7.263E-3,-9.504E-2
35.104,8.051E-3,-9.430E-2
35.121,6.912E-3,-9.610E-2
35.138,3.635E-3,-9.481E-2
35.155,6.909E-3,-9.528E-2
35.171,5.268E-3,-9.382E-2
35.188,5.594E-3,-9.349E-2
35.205,5.432E-3,-9.382E-2
35.222,4.774E-3,-9.300E-2
35.238,6.243E-3,-9.185E-2
35.255,3.960E-3,-9.415E-2
35.272,5.099E-3,-9.218E-2
35.288,3.616E-3,-8.924E-2
35.305,4.267E-3,-8.842E-2
35.322,4.263E-3,-8.728E-2
35.339,5.742E-3,-8.891E-2
35.355,5.408E-3,-8.711E-2
35.372,4.417E-3,-8.433E-2
35.389,2.054E-3,-8.364E-2
35.405,2.925E-3,-8.367E-2
35.422,2.762E-3,-8.390E-2
35.439,3.226E-3,-8.461E-2
35.456,2.672E-3,-8.512E-2
35.472,2.782E-3,-8.466E-2
35.489,2.979E-3,-8.739E-2
35.506,3.141E-3,-8.918E-2
35.523,3.748E-3,-9.172E-2
35.539,4.453E-3,-9.480E-2
35.556,4.376E-3,-9.563E-2
35.573,4.406E-3,-9.732E-2
35.589,4.374E-3,-9.925E-2
35.606,4.110E-3,-0.101
35.623,1.648E-3,-0.100
35.640,1.024E-3,-0.101
35.656,2.753E-4,-0.101
35.673,1.861E-3,-0.104
35.690,9.345E-4,-0.103
35.707,-1.685E-3,-0.101
35.723,-2.353E-3,-0.101
35.740,-2.905E-3,-0.101
35.757,-1.837E-3,-0.103
35.773,-3.564E-3,-9.991E-2
35.790,-4.055E-3,-9.975E-2
35.807,-4.857E-3,-9.932E-2
35.824,-5.267E-3,-9.933E-2
35.840,-5.561E-3,-9.931E-2
35.857,-5.902E-3,-9.951E-2
35.874,-6.076E-3,-9.954E-2
35.891,-5.766E-3,-9.955E-2
35.907,-5.126E-3,-9.951E-2
35.924,-5.070E-3,-9.852E-2
35.941,-4.740E-3,-9.753E-2
35.957,-4.260E-3,-9.611E-2
35.974,-4.871E-3,-9.549E-2
35.991,-4.332E-3,-9.225E-2
36.008,-4.619E-3,-9.032E-2
36.024,-5.061E-3,-8.854E-2
36.041,-5.599E-3,-8.713E-2
36.058,-6.526E-3,-8.642E-2
36.074,-7.144E-3,-8.676E-2
36.091,-7.785E-3,-8.753E-2
36.108,-8.324E-3,-8.890E-2
36.125,-8.462E-3,-9.080E-2
36.141,-8.638E-3,-9.436E-2
36.158,-7.806E-3,-9.828E-2
36.175,-7.963E-3,-0.100
36.192,-8.121E-3,-0.102
36.208,-7.125E-3,-0.106
36.225,-6.785E-3,-0.110
36.242,-7.923E-3,-0.112
36.258,-6.606E-3,-0.114
36.275,-7.589E-3,-0.114
36.292,-3.112E-3,-0.131
36.309,-4.904E-3,-0.129
36.325,-4.376E-3,-0.128
36.342,-3.582E-3,-0.126
36.359,-3.002E-3,-0.124
36.376,-2.158E-3,-0.120
36.392,-4.853E-4,-0.115
36.409,2.670E-4,-0.110
36.426,9.166E-4,-0.106
36.442,8.359E-4,-0.102
36.459,2.520E-4,-9.874E-2
36.476,2.510E-4,-9.569E-2
36.493,-4.913E-4,-9.255E-2
36.509,-7.945E-4,-8.927E-2
36.526,-6.359E-4,-8.652E-2
36.543,-1.140E-3,-8.378E-2
36.559,-1.776E-3,-8.173E-2
36.576,-3.139E-3,-8.034E-2
36.593,-4.519E-3,-7.941E-2
36.610,-5.237E-3,-7.927E-2
36.626,-5.744E-3,-7.962E-2
36.643,-5.737E-3,-8.175E-2
36.660,-9.781E-3,-8.036E-2
36.677,-1.059E-2,-8.163E-2
36.693,-1.157E-2,-8.246E-2
36.710,-1.047E-2,-8.504E-2
36.727,-1.405E-2,-9.110E-2
36.743,-1.355E-2,-9.421E-2
36.760,-1.255E-2,-9.781E-2
36.777,-1.058E-2,-0.101
36.794,-8.929E-3,-0.105
36.810,-7.944E-3,-0.106
36.827,-9.413E-3,-0.107
36.844,-1.025E-3,-0.119
36.861,-1.179E-3,-0.122
36.877,-1.006E-3,-0.124
36.894,-1.656E-3,-0.126
36.911,-1.985E-3,-0.125
36.927,-5.150E-4,-0.125
36.944,-2.657E-3,-0.120
36.961,-1.894E-3,-0.120
36.978,-2.236E-3,-0.118
36.994,-3.082E-3,-0.115
37.011,-2.995E-3,-0.112
37.028,-4.016E-3,-0.109
37.044,-4.304E-3,-0.106
37.061,-4.912E-3,-0.103
37.078,-5.354E-3,-0.101
37.095,-6.611E-3,-9.872E-2
37.111,-7.069E-3,-9.689E-2
37.128,-7.582E-3,-9.389E-2
37.145,-6.863E-3,-9.133E-2
37.162,-8.442E-3,-8.771E-2
37.178,-8.341E-3,-8.702E-2
37.195,-9.521E-3,-8.629E-2
37.212,-1.035E-2,-8.549E-2
37.228,-1.088E-2,-8.380E-2
37.245,-1.108E-2,-8.256E-2
37.262,-1.106E-2,-8.115E-2
37.279,-1.409E-2,-8.063E-2
37.295,-1.360E-2,-7.949E-2
37.312,-1.262E-2,-7.719E-2
37.329,-1.376E-2,-7.949E-2
37.346,-1.113E-2,-8.226E-2
37.362,-1.310E-2,-8.259E-2
37.379,-1.163E-2,-8.062E-2
37.396,-1.229E-2,-7.817E-2
37.412,-1.147E-2,-7.882E-2
37.429,-1.211E-2,-8.537E-2
37.446,-8.118E-3,-0.103
37.463,-5.652E-3,-0.106
37.479,-5.283E-3,-0.113
37.496,-4.285E-3,-0.115
37.513,-4.453E-3,-0.117
37.529,-5.577E-3,-0.118
37.546,-6.169E-3,-0.119
37.563,-6.839E-3,-0.118
37.580,-7.514E-3,-0.117
37.596,-2.388E-2,-0.110
37.613,-8.574E-3,-0.113
37.630,-6.818E-3,-0.108
37.647,-6.336E-3,-0.105
37.663,-6.206E-3,-0.102
37.680,-5.959E-3,-9.842E-2
37.697,-6.081E-3,-9.296E-2
37.713,-5.543E-3,-9.042E-2
37.730,-5.393E-3,-8.666E-2
37.747,-6.395E-3,-8.077E-2
37.764,-6.568E-3,-7.799E-2
37.780,-8.205E-3,-7.783E-2
37.797,-8.688E-3,-7.996E-2
37.814,-8.176E-3,-8.601E-2
37.831,-7.829E-3,-9.190E-2
37.847,-7.660E-3,-9.321E-2
37.864,-7.962E-3,-0.101
37.881,-1.041E-2,-0.101
37.897,-2.270E-2,-0.108
37.914,-1.536E-2,-0.103
37.931,-1.409E-2,-0.108
37.948,-1.361E-2,-0.113
37.964,-1.277E-2,-0.119
37.981,-1.299E-2,-0.124
37.998,-1.318E-2,-0.127
38.014,-1.382E-2,-0.130
38.031,-1.452E-2,-0.131
38.048,-1.601E-2,-0.132
38.065,-1.706E-2,-0.133
38.081,-1.793E-2,-0.133
38.098,-1.936E-2,-0.132
38.115,-2.004E-2,-0.130
38.132,-2.035E-2,-0.127
38.148,-2.006E-2,-0.123
38.165,-1.877E-2,-0.119
38.182,-1.705E-2,-0.114
38.198,-1.551E-2,-0.109
38.215,-1.261E-2,-0.104
38.232,-9.477E-3,-9.840E-2
38.249,-8.648E-3,-9.141E-2
38.265,-8.830E-3,-8.634E-2
38.282,-8.528E-3,-7.898E-2
38.299,-8.371E-3,-7.701E-2
38.316,-9.020E-3,-7.865E-2
38.332,-9.509E-3,-7.914E-2
38.349,-9.978E-3,-8.553E-2
38.366,-9.977E-3,-8.585E-2
38.382,-2.796E-2,-0.104
38.399,-2.186E-2,-0.104
38.416,-4.237E-3,-9.058E-2
38.433,-1.843E-3,-9.450E-2
38.449,-4.470E-4,-9.854E-2
38.466,6.956E-5,-0.102
38.483,5.861E-4,-0.106
38.500,7.483E-4,-0.112
38.516,1.537E-3,-0.112
38.533,1.367E-3,-0.114
38.550,2.295E-3,-0.116
38.566,2.501E-3,-0.118
38.583,1.635E-3,-0.119
38.600,3.312E-4,-0.120
38.617,-3.402E-4,-0.121
38.633,-8.701E-4,-0.121
38.650,-4.484E-4,-0.122
38.667,1.326E-4,-0.123
38.683,-1.017E-3,-0.121
38.700,-2.494E-3,-0.120
38.717,-3.314E-3,-0.120
38.734,-3.153E-3,-0.119
38.750,-3.978E-3,-0.117
38.767,-3.330E-3,-0.115
38.784,-4.492E-3,-0.110
38.801,-5.817E-3,-0.106
38.817,-6.481E-3,-0.103
38.834,-6.189E-3,-9.747E-2
38.851,-6.240E-3,-9.213E-2
38.867,-5.611E-3,-8.836E-2
38.884,-6.217E-3,-8.486E-2
38.901,-7.433E-3,-8.184E-2
38.918,-8.577E-3,-8.051E-2
38.934,-9.508E-3,-7.963E-2
38.951,-4.129E-2,-0.101
38.968,-1.075E-2,-8.301E-2
38.985,-1.147E-2,-8.640E-2
39.001,-1.086E-2,-9.034E-2
39.018,-1.023E-2,-9.431E-2
39.035,-8.126E-3,-0.101
39.051,-7.939E-3,-0.107
39.068,-8.254E-3,-0.111
39.085,-7.748E-3,-0.115
39.102,-8.782E-3,-0.117
39.118,-1.070E-2,-0.114
39.135,-9.834E-3,-0.115
39.152,-9.528E-3,-0.111
39.168,-7.938E-3,-0.107
39.185,-6.499E-3,-9.779E-2
39.202,-6.021E-3,-9.402E-2
39.219,-5.704E-3,-9.124E-2
39.235,-5.556E-3,-8.682E-2
39.252,-6.214E-3,-8.568E-2
39.269,-7.533E-3,-8.274E-2
39.286,-7.367E-3,-8.339E-2
39.302,-7.359E-3,-8.568E-2
39.319,-7.017E-3,-8.993E-2
39.336,-5.857E-3,-9.418E-2
39.352,-6.503E-3,-9.664E-2
39.369,-7.472E-3,-0.100
39.386,-7.631E-3,-0.102
39.403,-7.943E-3,-0.106
39.419,-7.763E-3,-0.111
39.436,-5.794E-3,-0.112
39.453,-1.800E-2,-0.122
39.470,-4.635E-3,-0.116
39.486,-4.249E-3,-0.122
39.503,-4.295E-3,-0.120
39.520,-3.638E-3,-0.119
39.536,-2.831E-3,-0.117
39.553,-2.351E-3,-0.114
39.570,-3.180E-3,-0.111
39.587,-1.158E-3,-0.111
39.603,-6.085E-4,-0.109
39.620,9.378E-5,-0.107
39.637,8.338E-4,-0.105
39.653,1.487E-3,-0.101
39.670,1.837E-3,-9.886E-2
39.687,1.554E-3,-9.688E-2
39.704,2.186E-3,-9.478E-2
39.720,2.042E-3,-9.284E-2
39.737,1.714E-3,-9.154E-2
39.754,1.713E-3,-9.083E-2
39.771,8.502E-4,-9.383E-2
39.787,1.824E-3,-9.154E-2
39.804,2.482E-3,-9.252E-2
39.821,2.646E-3,-9.268E-2
39.837,2.153E-3,-9.359E-2
39.854,2.749E-3,-9.511E-2
39.871,,
39.888,2.184E-3,-0.101
39.904,2.356E-3,-0.103
39.921,1.702E-3,-0.103
39.938,3.513E-3,-0.107
39.955,4.112E-3,-0.107
39.971,4.191E-3,-0.109
39.988,4.737E-3,-0.109
40.005,4.459E-3,-0.109
40.021,3.498E-3,-0.107
40.038,3.639E-3,-0.105
40.055,4.368E-3,-0.103
40.072,4.962E-3,-9.987E-2
40.088,4.457E-3,-9.595E-2
40.105,4.117E-3,-9.219E-2
40.122,3.588E-4,-9.367E-2
40.138,-3.565E-3,-9.467E-2
40.155,-7.662E-3,-9.288E-2
40.172,-7.013E-3,-9.108E-2
40.189,-8.656E-3,-8.929E-2
40.205,-1.029E-2,-8.929E-2
40.222,-1.441E-2,-8.063E-2
40.239,-1.523E-2,-8.211E-2
40.256,-2.176E-2,-8.393E-2
40.272,-2.325E-2,-8.083E-2
40.289,-2.700E-2,-8.477E-2
40.306,-3.093E-2,-8.380E-2
40.322,-3.387E-2,-8.397E-2
40.339,-3.746E-2,-8.808E-2
40.356,-4.172E-2,-8.596E-2
40.373,-4.120E-2,-9.529E-2
40.389,-3.922E-2,-9.937E-2
40.406,-3.496E-2,-9.952E-2
40.423,-3.315E-2,-0.102
40.440,-3.200E-2,-0.106
40.456,-3.002E-2,-0.109
40.473,-2.658E-2,-0.109
40.490,-2.544E-2,-0.109
40.506,-2.836E-2,-0.117
40.523,-3.194E-2,-0.123
40.540,-2.931E-2,-0.124
40.557,-2.740E-2,-0.111
40.573,-2.306E-2,-8.639E-2
40.590,-2.211E-2,-7.821E-2
40.607,-1.937E-2,-7.061E-2
40.624,-1.827E-2,-6.352E-2
40.640,-1.984E-2,-7.198E-2
40.657,-1.794E-2,-5.414E-2
40.674,-1.861E-2,-4.940E-2
40.690,-2.092E-2,-4.466E-2
40.707,-2.404E-2,-4.156E-2
40.724,-2.470E-2,-3.993E-2
40.741,-2.699E-2,-3.977E-2
40.757,-2.813E-2,-4.158E-2
40.774,-2.764E-2,-4.190E-2
40.791,-3.171E-2,-4.584E-2
40.807,-3.219E-2,-5.010E-2
40.824,-3.135E-2,-5.631E-2
40.841,-3.035E-2,-6.220E-2
40.858,-2.904E-2,-6.488E-2
40.874,-2.739E-2,-7.079E-2
40.891,-2.546E-2,-7.777E-2
40.908,-2.276E-2,-8.511E-2
40.925,-2.057E-2,-9.202E-2
40.941,-1.745E-2,-0.101
40.958,-1.759E-2,-0.107
40.975,-1.741E-2,-0.113
40.991,-8.043E-3,-0.123
41.008,-7.503E-3,-0.127
41.025,-7.477E-3,-0.130
41.042,-7.746E-3,-0.130
41.058,-6.992E-3,-0.130
41.075,-7.028E-3,-0.129
41.092,-6.296E-3,-0.126
41.109,-5.732E-3,-0.124
41.125,-4.897E-3,-0.120
41.142,-3.691E-3,-0.116
41.159,-1.817E-3,-0.111
41.175,2.299E-4,-0.106
41.192,2.846E-3,-0.100
41.209,2.156E-3,-9.285E-2
41.226,4.922E-3,-8.858E-2
41.242,5.458E-3,-8.573E-2
41.259,4.685E-3,-8.248E-2
41.276,4.031E-3,-7.988E-2
41.292,3.352E-3,-7.779E-2
41.309,2.016E-3,-7.629E-2
41.326,8.679E-4,-7.553E-2
41.343,1.281E-3,-7.649E-2
41.359,2.971E-4,-7.600E-2
41.376,-1.186E-3,-7.524E-2
41.393,-1.444E-3,-7.559E-2
41.410,-3.697E-3,-8.066E-2
41.426,-1.824E-2,-9.361E-2
41.443,-1.096E-2,-9.317E-2
41.460,-2.533E-2,-0.103
41.476,1.639E-3,-8.532E-2
41.493,-1.998E-2,-0.107
41.510,1.510E-3,-9.530E-2
41.527,1.846E-3,-9.792E-2
41.543,3.506E-3,-9.791E-2
41.560,3.567E-3,-0.101
41.577,2.347E-3,-0.102
41.594,1.863E-3,-0.104
41.610,1.379E-3,-0.104
41.627,1.308E-3,-0.104
41.644,8.620E-4,-0.100
41.660,7.895E-4,-9.843E-2
41.677,2.037E-3,-9.569E-2
41.694,2.798E-3,-9.215E-2
41.711,3.573E-3,-8.809E-2
41.727,4.167E-3,-8.429E-2
41.744,3.913E-3,-8.073E-2
