,mass A,,
t,x,y,
0.000,-1.422E-2,-0.112
0.050,-6.464E-3,-0.122
0.100,-7.949E-4,-0.114
0.150,-4.067E-3,-8.216E-2
0.199,-3.388E-2,-0.109
0.249,-6.943E-3,-0.115
0.299,1.269E-3,-7.855E-2
0.349,-9.832E-3,-0.121
0.399,-8.660E-3,-0.108
0.449,-1.827E-2,-0.104
0.498,-2.487E-2,-0.125
0.548,-2.210E-2,-0.118
0.598,-1.963E-2,-9.522E-2
0.648,-1.571E-2,-9.594E-2
0.698,-2.400E-2,-0.125
0.748,-1.559E-2,-9.786E-2
0.798,-2.140E-2,-0.117
0.847,-2.147E-2,-0.103
0.897,-1.372E-2,-9.913E-2
0.947,-1.273E-2,-0.122
0.997,-1.607E-2,-0.123
1.047,-2.130E-2,-0.119
1.097,-3.564E-2,-0.102
1.146,-2.691E-2,-0.128
1.196,-2.392E-2,-0.120
1.246,-3.293E-2,-0.133
1.296,-2.140E-2,-0.106
1.346,-3.515E-2,-0.107
1.396,-1.164E-2,-0.114
1.445,-6.791E-3,-9.528E-2
1.495,-1.787E-2,-0.124
1.545,-5.225E-3,-9.124E-2
1.595,-1.349E-3,-8.263E-2
1.645,-1.284E-2,-0.118
1.695,5.955E-4,-0.118
1.745,-6.767E-3,-0.135
1.794,-5.422E-3,-0.118
1.844,-3.321E-2,-0.106
1.894,-2.347E-2,-0.115
1.944,-6.516E-3,-9.357E-2
1.994,-1.975E-2,-7.783E-2
2.044,-1.842E-2,-6.991E-2
2.093,-3.571E-2,-9.290E-2
2.143,-6.979E-4,-8.537E-2
2.193,-2.561E-2,-0.111
2.243,-4.528E-3,-0.105
2.293,-7.618E-3,-0.118
2.343,-1.019E-2,-0.119
2.393,-3.554E-2,-0.117
2.442,-2.127E-2,-0.116
2.492,-1.273E-2,-0.122
2.542,-2.564E-2,-0.138
2.592,-1.225E-2,-0.103
2.642,-6.583E-3,-8.349E-2
2.692,-2.265E-2,-0.107
2.741,-3.353E-2,-0.130
2.791,-2.579E-2,-0.131
2.841,-1.970E-2,-0.111
2.891,-1.913E-2,-8.627E-2
2.941,-3.185E-2,-0.122
2.991,-1.128E-2,-0.105
3.040,-1.894E-2,-0.131
3.090,-8.408E-3,-0.116
3.140,-3.534E-2,-0.101
3.190,1.167E-3,-9.184E-2
3.240,-9.602E-3,-0.112
3.290,-1.286E-2,-0.121
3.340,-5.995E-3,-0.110
3.389,-7.966E-4,-8.724E-2
3.439,-1.174E-2,-9.524E-2
3.489,-1.809E-2,-0.123
3.539,-2.240E-2,-0.121
3.589,-7.888E-3,-8.737E-2
3.639,-3.476E-2,-0.116
3.688,-7.776E-3,-0.101
3.738,-1.554E-2,-0.130
3.788,-1.161E-2,-0.110
3.838,-1.878E-2,-0.101
3.888,-2.448E-2,-8.887E-2
3.938,-2.337E-2,-0.116
3.988,-1.484E-2,-0.123
4.037,-1.196E-2,-0.116
4.087,-5.826E-3,-0.103
4.137,-3.553E-2,-0.119
4.187,-1.249E-2,-9.392E-2
4.237,-1.937E-2,-0.119
4.287,-1.525E-2,-9.275E-2
4.336,-1.971E-2,-7.922E-2
4.386,-2.789E-2,-0.111
4.436,-2.395E-2,-0.128
4.486,-1.773E-2,-0.127
4.536,-3.268E-2,-0.124
4.586,-7.870E-3,-8.830E-2
4.635,-4.580E-3,-8.193E-2
4.685,3.440E-4,-0.108
4.735,8.556E-4,-0.119
4.785,-2.197E-3,-0.119
4.835,-2.339E-2,-0.106
4.885,-2.527E-3,-0.106
4.935,2.863E-3,-0.109
4.984,2.000E-3,-0.103
5.034,2.841E-3,-9.436E-2
5.084,2.607E-5,-9.976E-2
5.134,-2.488E-2,-0.107
5.184,2.211E-3,-0.103
5.234,-2.588E-2,-0.123
5.283,-3.826E-3,-9.754E-2
5.333,-4.188E-3,-0.105
5.383,-4.556E-3,-8.670E-2
5.433,-2.682E-2,-0.106
5.483,-8.542E-3,-9.017E-2
5.533,-1.593E-2,-0.122
5.583,-1.846E-2,-0.122
5.632,-1.317E-2,-7.799E-2
5.682,-2.686E-2,-9.989E-2
5.732,-2.683E-2,-0.106
5.782,-2.473E-2,-9.172E-2
5.832,-2.548E-2,-8.263E-2
5.882,-2.884E-2,-6.727E-2
5.931,-3.090E-2,-0.126
5.981,-4.007E-2,-0.136
6.031,-2.488E-2,-9.003E-2
6.081,-1.785E-2,-6.721E-2
6.131,-1.952E-2,-8.372E-2
6.181,-2.089E-2,-0.128
6.230,-1.231E-2,-0.121
6.280,-1.673E-2,-0.117
6.330,-2.007E-2,-0.109
6.380,-2.245E-2,-9.440E-2
6.430,-9.799E-3,-9.102E-2
6.480,-9.784E-3,-0.104
6.530,-1.088E-2,-0.110
6.579,-9.397E-3,-9.786E-2
6.629,-1.416E-2,-8.507E-2
6.679,-9.679E-3,-0.105
6.729,-2.455E-2,-0.129
6.779,-9.159E-3,-0.112
6.829,-1.172E-3,-9.269E-2
6.878,-1.343E-2,-8.840E-2
6.928,-1.033E-2,-0.105
6.978,-1.736E-2,-0.123
7.028,-1.350E-2,-0.114
7.078,-5.684E-3,-9.547E-2
7.128,-4.936E-3,-8.816E-2
7.178,-9.907E-3,-0.114
7.227,-2.586E-2,-0.133
7.277,-3.919E-3,-8.913E-2
7.327,-1.875E-2,-8.832E-2
7.377,-1.686E-2,-0.117
7.427,-7.606E-3,-0.116
7.477,-9.103E-3,-8.975E-2
7.526,-4.755E-3,-0.106
7.576,-2.165E-3,-8.398E-2
7.626,-1.158E-2,-0.116
7.676,-1.163E-2,-0.131
7.726,-1.197E-2,-0.133
7.776,-5.614E-3,-0.126
7.825,-1.017E-3,-0.112
7.875,-6.071E-3,-0.102
7.925,1.788E-3,-0.103
7.975,-1.037E-2,-0.114
8.025,-2.216E-2,-9.731E-2
8.075,-6.362E-3,-0.101
8.125,-6.801E-3,-0.107
8.174,-1.129E-2,-0.108
8.224,-1.474E-2,-9.030E-2
8.274,-2.091E-2,-8.255E-2
8.324,-1.808E-2,-0.120
8.374,-1.471E-2,-9.295E-2
8.424,-1.306E-2,-8.847E-2
8.473,-1.097E-2,-9.213E-2
8.523,-8.221E-3,-0.116
8.573,-1.738E-2,-0.123
8.623,-7.482E-3,-0.111
8.673,-5.172E-3,-9.451E-2
8.723,-5.354E-3,-8.797E-2
8.773,4.354E-4,-9.499E-2
8.822,9.557E-4,-0.100
8.872,-2.452E-2,-0.115
8.922,-5.761E-3,-0.116
8.972,-6.605E-3,-0.117
9.022,-1.158E-2,-0.110
9.072,-1.757E-2,-9.818E-2
9.121,-2.170E-2,-0.110
9.171,-3.461E-2,-0.123
9.221,-3.009E-2,-8.390E-2
9.271,-3.452E-2,-9.511E-2
9.321,-3.519E-2,-0.132
9.371,-3.196E-2,-0.138
9.421,-2.853E-2,-0.119
9.470,-1.245E-2,-9.226E-2
9.520,-7.423E-3,-9.535E-2
9.570,-4.920E-3,-0.110
9.620,-1.777E-2,-0.123
9.670,-1.222E-2,-0.125
9.720,-1.737E-2,-0.119
9.769,-3.238E-3,-8.976E-2
9.819,-7.039E-3,-0.103
9.869,-4.562E-3,-8.644E-2
9.919,-4.152E-3,-0.100
9.969,-6.362E-3,-0.120
10.019,-2.047E-2,-0.124
10.068,-1.569E-2,-0.113
10.118,-2.407E-2,-0.106
10.168,-2.450E-2,-0.122
10.218,5.766E-4,-8.801E-2
10.268,-2.439E-4,-0.112
10.318,-1.386E-2,-0.133
10.368,-1.457E-2,-0.115
10.417,-3.317E-2,-0.106
10.467,-1.681E-2,-0.112
10.517,-2.068E-2,-0.119
10.567,-3.608E-2,-0.128
10.617,-1.684E-2,-9.983E-2
10.667,-3.444E-2,-0.110
10.716,-1.862E-2,-0.127
10.766,-7.849E-3,-0.109
10.816,-2.098E-2,-0.135
10.866,-2.199E-2,-0.119
10.916,-7.240E-3,-8.381E-2
10.966,-2.136E-2,-0.110
11.016,-1.532E-2,-0.124
11.065,-1.285E-2,-0.123
11.115,-2.027E-2,-0.128
11.165,-1.943E-2,-0.110
11.215,-4.744E-3,-8.009E-2
11.265,-9.154E-3,-9.874E-2
11.315,-2.170E-2,-0.119
11.364,-1.230E-2,-0.104
11.414,-1.375E-2,-8.974E-2
11.464,-1.920E-3,-9.294E-2
11.514,8.624E-4,-0.108
11.564,2.672E-3,-0.111
11.614,-1.558E-3,-0.109
11.663,-1.813E-2,-0.102
11.713,-6.454E-3,-0.104
11.763,-4.018E-3,-0.116
11.813,-5.790E-3,-8.034E-2
11.863,-3.575E-2,-0.107
11.913,-1.186E-2,-0.115
11.963,-3.055E-3,-0.104
12.012,-1.361E-2,-0.112
12.062,-3.581E-2,-9.478E-2
12.112,-2.200E-2,-0.101
12.162,-2.002E-2,-0.118
12.212,-2.194E-2,-0.119
12.262,-9.689E-3,-0.110
12.311,-2.743E-2,-8.787E-2
12.361,-1.354E-2,-8.869E-2
12.411,-2.496E-2,-0.124
12.461,-2.676E-2,-0.125
12.511,-1.270E-2,-9.591E-2
12.561,-2.934E-2,-0.106
12.611,-1.833E-2,-0.126
12.660,-1.795E-2,-0.125
12.710,-8.852E-3,-8.398E-2
12.760,-1.095E-2,-7.271E-2
12.810,-2.962E-2,-0.106
12.860,-1.831E-2,-0.121
12.910,-2.453E-2,-0.136
12.959,-3.349E-2,-0.133
13.009,-3.432E-2,-0.116
13.059,-3.124E-2,-9.352E-2
13.109,-3.111E-2,-8.487E-2
13.159,-2.822E-2,-0.114
13.209,-2.570E-2,-0.124
13.258,-3.209E-2,-0.107
13.308,-2.413E-2,-9.166E-2
13.358,-1.996E-2,-8.283E-2
13.408,-3.351E-2,-0.105
13.458,-1.625E-2,-0.113
13.508,-1.484E-2,-0.123
13.558,-2.586E-2,-0.122
13.607,-9.811E-3,-8.808E-2
13.657,-1.218E-2,-0.101
13.707,-3.841E-3,-0.105
13.757,-1.178E-2,-0.129
13.807,-8.924E-3,-0.119
13.857,-4.771E-3,-9.822E-2
13.906,-1.294E-2,-8.915E-2
13.956,9.482E-4,-9.835E-2
14.006,1.487E-3,-0.107
14.056,3.279E-3,-0.109
14.106,-2.420E-3,-0.110
14.156,-8.072E-3,-0.100
14.206,-9.297E-3,-8.371E-2
14.255,-1.681E-2,-9.473E-2
14.305,-3.212E-2,-0.126
14.355,-1.946E-2,-0.103
14.405,-2.440E-2,-9.052E-2
14.455,-3.661E-2,-0.107
14.505,-3.099E-2,-0.130
14.554,-2.749E-2,-0.119
14.604,-3.183E-2,-0.113
14.654,-3.450E-2,-0.101
14.704,-2.595E-2,-0.118
14.754,-2.701E-2,-0.132
14.804,-2.764E-2,-0.119
14.853,-2.213E-2,-9.731E-2
14.903,-1.247E-2,-7.375E-2
14.953,-1.458E-2,-9.342E-2
15.003,-6.218E-3,-0.112
15.053,-1.966E-2,-0.119
15.103,-5.935E-3,-0.102
15.153,-1.307E-2,-8.912E-2
15.202,-6.243E-3,-0.104
15.252,-1.825E-3,-0.112
15.302,-3.687E-3,-0.112
15.352,-8.799E-3,-0.104
15.402,-3.461E-2,-0.110
15.452,-1.525E-2,-0.106
15.501,-2.090E-2,-0.124
15.551,-1.946E-2,-0.104
15.601,-2.394E-2,-8.357E-2
15.651,-2.144E-2,-0.103
15.701,-2.150E-2,-0.119
15.751,-2.233E-2,-0.104
15.801,-2.239E-2,-0.100
15.850,-1.625E-2,-0.123
15.900,-2.440E-2,-0.132
15.950,-2.425E-2,-0.129
16.000,-1.977E-2,-0.104
16.050,-1.556E-2,-9.441E-2
16.100,-7.495E-3,-0.115
16.149,-1.726E-2,-0.129
16.199,-1.763E-2,-0.131
16.249,-5.814E-3,-0.104
16.299,3.037E-3,-8.328E-2
16.349,-1.913E-2,-0.121
16.399,1.919E-5,-9.615E-2
16.448,-2.543E-2,-0.128
16.498,-2.296E-2,-0.111
16.548,-3.132E-2,-8.954E-2
16.598,-1.434E-2,-0.101
16.648,-1.597E-2,-0.126
16.698,-2.110E-2,-0.135
16.748,-4.573E-3,-0.102
16.797,-1.163E-2,-0.101
16.847,2.054E-3,-9.133E-2
16.897,-5.802E-3,-0.112
16.947,5.337E-3,-0.110
16.997,-1.893E-3,-0.110
17.047,-3.353E-3,-9.181E-2
17.096,-3.514E-2,-9.971E-2
17.146,-1.278E-2,-9.485E-2
17.196,-1.288E-2,-0.102
17.246,-1.441E-2,-0.106
17.296,-2.049E-2,-9.151E-2
17.346,-1.305E-2,-8.553E-2
17.396,-7.076E-3,-9.888E-2
17.445,-3.119E-3,-0.116
17.495,-3.451E-3,-0.116
17.545,-1.976E-2,-0.129
17.595,-3.656E-2,-0.110
17.645,-1.253E-2,-0.113
17.695,1.965E-3,-9.206E-2
17.744,-1.212E-2,-0.121
17.794,-1.374E-3,-0.119
17.844,-1.505E-2,-0.121
17.894,-3.612E-2,-0.106
17.944,-2.086E-2,-0.116
17.994,-4.283E-3,-0.103
18.044,-2.792E-2,-0.135
18.093,-2.464E-2,-0.116
18.143,-1.120E-2,-0.102
18.193,-8.451E-3,-8.297E-2
18.243,-2.339E-2,-0.112
18.293,-7.671E-3,-0.117
18.343,-7.083E-3,-0.125
18.392,-1.273E-2,-0.116
18.442,-6.931E-3,-8.602E-2
18.492,-1.465E-2,-8.979E-2
18.542,-1.116E-2,-0.101
18.592,-2.397E-2,-0.105
18.642,-2.527E-2,-8.055E-2
18.691,-3.392E-2,-0.134
18.741,-2.474E-2,-0.126
18.791,-3.004E-2,-0.122
18.841,-1.646E-2,-8.251E-2
18.891,-2.182E-2,-0.113
18.941,-2.657E-2,-0.127
18.991,-2.041E-2,-0.116
19.040,-1.756E-2,-9.077E-2
19.090,-2.040E-2,-0.105
19.140,-1.244E-2,-0.118
19.190,-1.483E-2,-0.115
19.240,-2.879E-2,-0.102
19.290,-2.439E-2,-0.109
19.339,-3.469E-2,-0.130
19.389,-2.117E-2,-0.129
19.439,-1.942E-2,-0.113
19.489,-1.243E-2,-8.975E-2
19.539,-1.787E-2,-0.104
19.589,-7.441E-3,-0.116
19.639,-6.639E-3,-0.125
19.688,-1.212E-2,-0.128
19.738,-1.330E-2,-0.113
19.788,-2.088E-3,-8.664E-2
19.838,-4.965E-3,-8.309E-2
19.888,-2.149E-2,-0.124
19.938,-1.015E-2,-0.104
19.987,-3.304E-2,-0.110
20.037,-2.654E-2,-0.133
20.087,-2.772E-2,-0.140
20.137,-2.124E-2,-0.132
20.187,-8.547E-3,-0.108
20.237,-1.427E-2,-0.101
20.286,-1.167E-2,-8.687E-2
20.336,-1.872E-3,-0.106
20.386,-2.043E-2,-0.128
20.436,-5.046E-3,-0.104
20.486,-4.636E-3,-8.926E-2
20.536,-7.015E-3,-8.659E-2
20.586,-5.693E-3,-0.109
20.635,-9.708E-3,-0.113
20.685,-4.536E-3,-9.008E-2
20.735,-1.983E-2,-9.053E-2
20.785,-1.293E-2,-0.102
20.835,-2.225E-2,-0.129
20.885,-6.862E-3,-0.114
20.934,-9.842E-4,-9.298E-2
20.984,-2.211E-2,-0.109
21.034,-1.221E-2,-0.116
21.084,-2.615E-2,-0.132
21.134,-1.584E-2,-0.112
21.184,-3.506E-2,-0.106
21.234,-8.500E-3,-0.104
21.283,-5.700E-3,-0.117
21.333,-4.290E-3,-0.115
21.383,-1.632E-2,-0.135
21.433,-9.488E-3,-0.119
21.483,-6.491E-3,-0.103
21.533,-1.425E-2,-9.931E-2
21.582,-1.823E-2,-0.109
21.632,-1.738E-2,-0.118
21.682,-1.942E-2,-0.120
21.732,-1.108E-2,-9.128E-2
21.782,-3.240E-2,-0.114
21.832,-2.329E-2,-0.109
21.881,-1.995E-2,-0.124
21.931,-2.767E-2,-0.135
21.981,-2.261E-2,-0.115
22.031,-2.181E-2,-9.919E-2
22.081,-1.285E-2,-8.248E-2
22.131,-1.727E-2,-0.110
22.181,-1.960E-2,-0.123
22.230,-8.500E-3,-0.128
22.280,-1.147E-3,-0.115
22.330,-1.381E-2,-0.125
22.380,-1.232E-2,-0.110
22.430,-1.053E-2,-8.956E-2
22.480,-1.406E-2,-8.780E-2
22.529,-1.160E-2,-0.116
22.579,-1.048E-2,-0.101
22.629,-3.663E-2,-9.946E-2
22.679,-1.690E-2,-8.989E-2
22.729,-6.627E-3,-0.104
22.779,-3.294E-2,-0.132
22.829,-2.561E-2,-0.123
22.878,-3.982E-4,-8.866E-2
22.928,-1.428E-2,-0.114
22.978,-3.976E-3,-9.265E-2
23.028,2.438E-3,-0.116
23.078,-8.248E-3,-0.123
23.128,-2.787E-2,-0.109
23.177,-1.879E-2,-0.115
23.227,1.087E-3,-0.104
23.277,-2.067E-2,-7.988E-2
23.327,-3.661E-2,-0.104
23.377,-3.037E-2,-0.125
23.427,-5.539E-3,-9.003E-2
23.476,-3.490E-3,-0.112
23.526,-1.700E-2,-0.136
23.576,-2.025E-2,-0.128
23.626,1.176E-3,-8.860E-2
23.676,-1.093E-2,-0.109
23.726,-2.938E-3,-9.326E-2
23.776,-4.442E-3,-0.121
23.825,-5.170E-3,-0.114
23.875,-7.221E-3,-0.105
23.925,-2.139E-2,-0.107
23.975,-2.008E-2,-9.566E-2
24.025,-2.445E-2,-0.112
24.075,-1.803E-2,-0.116
24.124,-2.769E-2,-0.133
24.174,-3.480E-2,-0.117
24.224,-3.192E-2,-0.101
24.274,-2.366E-2,-0.103
24.324,-2.577E-2,-0.128
24.374,-2.150E-2,-0.121
24.424,-1.249E-2,-8.993E-2
24.473,-2.365E-2,-0.107
24.523,-1.042E-2,-8.903E-2
24.573,-2.358E-2,-0.132
24.623,-1.670E-2,-0.117
24.673,-8.261E-3,-8.931E-2
24.723,-1.476E-2,-8.806E-2
24.772,-1.265E-2,-0.120
24.822,-1.292E-2,-0.124
24.872,-1.847E-2,-0.115
24.922,-1.638E-2,-9.291E-2
24.972,-1.393E-2,-8.824E-2
25.022,-1.362E-2,-9.803E-2
25.072,-1.800E-2,-9.391E-2
25.121,-2.096E-2,-9.094E-2
25.171,-3.664E-2,-9.838E-2
25.221,-3.470E-2,-0.120
25.271,-2.900E-2,-0.131
25.321,-3.230E-2,-0.136
25.371,-2.196E-2,-0.115
25.420,-4.330E-3,-8.959E-2
25.470,-1.702E-4,-0.112
25.520,-2.712E-2,-0.102
25.570,-2.486E-2,-0.122
25.620,-2.410E-2,-0.129
25.670,-2.703E-2,-0.124
25.719,-1.373E-2,-9.004E-2
25.769,-2.446E-2,-0.106
25.819,-2.855E-2,-0.127
25.869,-2.765E-2,-0.131
25.919,-3.451E-2,-0.122
25.969,-2.184E-2,-8.343E-2
26.019,-3.468E-2,-0.128
26.068,-1.834E-2,-0.131
26.118,-2.687E-2,-0.135
26.168,-2.040E-2,-0.119
26.218,-1.172E-2,-9.366E-2
26.268,-1.243E-2,-9.552E-2
26.318,-5.915E-3,-0.112
26.367,-1.694E-2,-0.125
26.417,-1.532E-2,-0.122
26.467,-9.071E-3,-9.494E-2
26.517,-1.853E-2,-9.829E-2
26.567,-1.846E-2,-0.111
26.617,-2.868E-2,-0.121
26.667,-2.259E-2,-9.878E-2
26.716,-3.644E-2,-9.455E-2
26.766,-2.394E-2,-0.109
26.816,-1.811E-2,-0.120
26.866,-2.974E-2,-0.130
26.916,-1.469E-2,-9.655E-2
26.966,-2.042E-2,-9.408E-2
27.015,-1.968E-2,-0.110
27.065,-2.740E-2,-0.130
27.115,-3.321E-2,-0.130
27.165,-1.697E-2,-0.101
27.215,-2.361E-2,-0.103
27.265,-1.598E-2,-0.131
27.314,-1.725E-2,-0.138
27.364,-1.846E-2,-0.125
27.414,-1.851E-2,-0.108
27.464,-2.441E-2,-9.346E-2
27.514,-1.693E-2,-0.124
27.564,-1.019E-2,-0.114
27.614,-1.485E-2,-0.119
27.663,-2.490E-2,-0.115
27.713,-9.141E-3,-7.973E-2
27.763,-1.306E-2,-9.067E-2
27.813,-3.090E-2,-0.130
27.863,-3.353E-2,-0.132
27.913,-1.038E-2,-0.111
27.962,-3.376E-2,-9.716E-2
28.012,-2.206E-2,-0.119
28.062,-5.700E-4,-9.594E-2
28.112,-2.757E-2,-0.139
28.162,-1.450E-2,-0.122
28.212,-2.248E-3,-9.824E-2
28.262,-1.372E-2,-8.197E-2
28.311,-4.963E-3,-8.898E-2
28.361,-2.949E-2,-0.134
28.411,-2.292E-2,-0.122
28.461,-6.548E-3,-8.908E-2
28.511,-1.841E-2,-9.321E-2
28.561,-1.062E-2,-9.982E-2
28.610,-1.807E-2,-0.119
28.660,-2.009E-2,-0.119
28.710,-7.970E-3,-8.603E-2
28.760,-1.636E-2,-7.839E-2
28.810,-1.126E-2,-8.534E-2
28.860,-8.782E-3,-0.108
28.909,-2.447E-2,-0.129
28.959,-1.591E-2,-0.111
29.009,-1.743E-2,-0.104
29.059,-6.643E-3,-8.541E-2
29.109,-1.137E-3,-0.100
29.159,-1.657E-2,-0.119
29.209,1.957E-3,-0.102
29.258,-2.218E-3,-9.162E-2
29.308,6.219E-3,-9.875E-2
29.358,1.689E-3,-0.117
29.408,8.865E-4,-0.120
29.458,-4.592E-3,-0.116
29.508,-3.600E-2,-9.416E-2
29.557,-7.202E-3,-9.328E-2
29.607,-3.161E-2,-0.112
29.657,5.184E-3,-9.798E-2
29.707,-3.704E-3,-0.122
29.757,-9.783E-3,-0.124
29.807,-3.805E-3,-0.114
29.857,-2.420E-2,-0.109
29.906,-1.572E-2,-0.122
29.956,-1.275E-2,-0.125
30.006,-1.486E-2,-0.119
30.056,-1.036E-2,-9.148E-2
30.106,-3.404E-2,-0.116
30.156,-3.545E-2,-0.129
30.205,-2.055E-2,-0.129
30.255,-2.498E-2,-0.123
30.305,-5.733E-3,-8.205E-2
30.355,-3.477E-2,-0.104
30.405,-2.394E-2,-0.116
30.455,-2.681E-2,-0.128
30.504,-3.255E-2,-0.125
30.554,-1.172E-2,-9.897E-2
30.604,-1.659E-2,-0.105
30.654,-4.886E-3,-8.744E-2
30.704,-5.726E-3,-0.114
30.754,-2.416E-3,-0.117
30.804,-1.913E-3,-0.112
30.853,-7.381E-4,-9.637E-2
30.903,-1.031E-2,-0.106
30.953,-2.544E-3,-8.944E-2
31.003,4.499E-4,-0.112
31.053,-1.159E-2,-0.126
31.103,-2.969E-2,-0.108
31.152,-9.888E-3,-0.117
31.202,-3.585E-4,-9.937E-2
31.252,-1.501E-2,-0.129
31.302,-7.549E-3,-0.111
31.352,-1.644E-2,-9.959E-2
31.402,-1.368E-2,-9.593E-2
31.452,-3.308E-2,-0.130
31.501,-3.215E-2,-0.145
31.551,-2.747E-2,-0.125
31.601,-3.070E-2,-0.106
31.651,-2.481E-2,-8.978E-2
31.701,-2.942E-2,-0.124
31.751,-3.742E-2,-0.133
31.800,-2.187E-2,-9.912E-2
31.850,-1.512E-2,-7.984E-2
31.900,-3.272E-2,-0.120
31.950,-2.005E-2,-0.119
32.000,-3.785E-2,-0.130
32.050,-2.412E-2,-9.894E-2
32.099,-2.413E-2,-0.109
32.149,-1.152E-2,-0.121
32.199,-2.242E-2,-0.132
32.249,-2.258E-2,-0.125
32.299,-1.795E-2,-9.915E-2
32.349,-2.129E-2,-0.104
32.399,-3.333E-2,-0.123
32.448,-1.609E-2,-0.117
32.498,-1.894E-2,-8.332E-2
32.548,-3.664E-2,-9.906E-2
32.598,-1.284E-2,-7.572E-2
32.648,-1.074E-2,-0.104
32.698,-8.080E-3,-0.117
32.747,-5.471E-3,-0.121
32.797,-1.303E-2,-9.912E-2
32.847,-1.353E-2,-0.102
32.897,-1.307E-2,-0.120
32.947,-1.306E-2,-0.122
32.997,-1.502E-2,-0.106
33.047,-3.060E-2,-0.103
33.096,-1.814E-2,-0.111
33.146,-1.024E-2,-0.124
33.196,-7.726E-3,-0.103
33.246,-6.432E-3,-0.102
33.296,-1.426E-2,-0.105
33.346,-2.169E-3,-0.105
33.395,-5.371E-3,-8.839E-2
33.445,-9.844E-3,-0.112
33.495,-3.528E-2,-9.793E-2
33.545,-3.503E-2,-0.115
33.595,-3.107E-2,-0.115
33.645,-3.313E-2,-0.101
33.695,-2.733E-2,-8.467E-2
33.744,-2.892E-2,-8.837E-2
33.794,-2.670E-2,-0.128
33.844,-3.637E-2,-0.139
33.894,-1.372E-2,-9.433E-2
33.944,-2.182E-2,-8.692E-2
33.994,-2.514E-2,-0.104
34.043,-3.149E-2,-0.125
34.093,-1.371E-2,-0.117
34.143,-3.461E-2,-0.119
34.193,-2.087E-2,-8.786E-2
34.243,-9.692E-3,-9.376E-2
34.293,-6.938E-3,-0.122
34.342,-9.371E-3,-0.121
34.392,-1.643E-2,-0.118
34.442,-1.039E-2,-0.100
34.492,-2.826E-2,-0.105
34.542,-1.192E-2,-0.111
34.592,-2.657E-2,-0.128
34.642,-1.869E-2,-0.111
34.691,-1.999E-2,-8.747E-2
34.741,-1.497E-2,-9.395E-2
34.791,-1.276E-2,-0.115
34.841,-1.215E-2,-0.118
34.891,-5.805E-3,-9.628E-2
34.941,-2.719E-2,-0.116
34.990,-1.952E-3,-8.682E-2
35.040,-4.409E-3,-0.109
35.090,-2.578E-2,-0.139
35.140,-2.417E-2,-0.125
35.190,-3.663E-2,-0.102
35.240,-8.432E-3,-8.594E-2
35.290,-7.294E-3,-0.106
35.339,-2.343E-2,-0.133
35.389,-8.622E-3,-8.660E-2
35.439,-2.433E-2,-0.122
35.489,-3.657E-2,-0.110
35.539,-7.262E-3,-8.869E-2
35.589,-8.492E-3,-0.105
35.638,-2.306E-2,-0.119
35.688,-1.101E-2,-9.794E-2
35.738,-1.379E-2,-8.218E-2
35.788,-1.913E-2,-0.107
35.838,-3.094E-2,-0.134
35.888,-9.560E-3,-0.112
35.937,-3.955E-3,-8.970E-2
35.987,-1.499E-2,-8.422E-2
36.037,-7.780E-3,-0.109
36.087,-2.251E-2,-0.122
36.137,-8.821E-3,-0.112
36.187,-2.992E-2,-0.103
36.237,-9.775E-3,-9.202E-2
36.286,-2.786E-3,-0.111
36.336,-2.466E-2,-0.123
36.386,-1.216E-3,-9.466E-2
36.436,-1.945E-2,-9.507E-2
36.486,-7.856E-3,-0.101
36.536,-3.432E-2,-0.136
36.585,-8.605E-3,-0.109
36.635,-2.468E-2,-8.894E-2
36.685,-8.588E-3,-8.866E-2
36.735,-1.092E-2,-0.119
36.785,-1.206E-2,-0.123
36.835,-5.813E-3,-0.104
36.885,-1.688E-2,-9.859E-2
36.934,1.959E-3,-8.716E-2
36.984,-1.625E-3,-0.108
37.034,-2.214E-2,-0.116
37.084,-3.566E-2,-0.106
37.134,-1.132E-2,-0.109
37.184,-6.334E-3,-9.761E-2
37.233,-8.829E-3,-0.109
37.283,5.895E-3,-0.102
37.333,-2.130E-2,-0.103
37.383,-2.372E-3,-0.109
37.433,-1.680E-2,-0.116
37.483,1.623E-3,-0.105
37.532,-3.274E-2,-0.125
37.582,-2.675E-2,-0.127
37.632,-1.614E-2,-0.105
37.682,-1.241E-2,-7.938E-2
37.732,-2.238E-2,-0.119
37.782,-2.310E-2,-0.125
37.832,-1.826E-2,-0.107
37.881,-3.661E-2,-0.102
37.931,-6.859E-3,-8.069E-2
37.981,-8.279E-3,-0.109
38.031,-2.873E-2,-0.125
38.081,-4.190E-3,-0.101
38.131,-2.240E-2,-0.106
38.180,-1.176E-2,-9.663E-2
38.230,-2.496E-2,-0.128
38.280,-1.130E-2,-0.116
38.330,-3.030E-2,-0.104
38.380,-1.571E-2,-8.317E-2
38.430,-9.311E-3,-0.106
38.480,-1.865E-2,-0.115
38.529,-3.657E-2,-0.109
38.579,-1.265E-2,-8.561E-2
38.629,-8.151E-3,-0.105
38.679,-2.265E-2,-0.115
38.729,-7.251E-3,-9.324E-2
38.779,-2.793E-2,-0.128
38.828,-7.817E-3,-9.225E-2
38.878,-1.972E-3,-0.111
38.928,-9.997E-3,-0.122
38.978,-3.164E-2,-9.761E-2
39.028,-2.872E-2,-0.115
39.078,-1.294E-2,-0.122
39.127,-1.506E-2,-0.130
39.177,-1.029E-2,-0.123
39.227,-3.524E-3,-0.103
39.277,-1.362E-2,-9.794E-2
39.327,-4.035E-3,-0.111
39.377,-4.692E-3,-0.115
39.427,-2.308E-2,-9.633E-2
39.476,-6.152E-3,-9.526E-2
39.526,-1.455E-2,-0.117
39.576,-1.821E-2,-0.120
39.626,-1.537E-2,-0.102
39.676,-2.393E-2,-9.811E-2
39.726,-1.427E-2,-0.115
39.775,-1.240E-2,-0.125
39.825,-1.434E-2,-0.116
39.875,-2.265E-2,-0.109
39.925,-6.890E-3,-9.129E-2
39.975,-2.597E-3,-0.104
40.025,-1.149E-2,-0.108
40.075,-1.375E-3,-8.245E-2
40.124,-4.956E-3,-8.479E-2
40.174,-7.768E-3,-0.115
40.224,-6.984E-3,-0.110
40.274,-3.506E-2,-0.102
40.324,-5.873E-3,-0.101
40.374,-4.890E-3,-0.116
40.423,-5.416E-3,-0.114
40.473,9.330E-4,-9.822E-2
40.523,-2.995E-2,-0.103
40.573,1.882E-3,-9.701E-2
40.623,-9.175E-4,-0.111
40.673,-1.010E-3,-0.113
40.722,-3.506E-2,-0.107
40.772,4.189E-3,-9.807E-2
40.822,-7.474E-3,-0.128
40.872,-1.086E-2,-0.125
40.922,-6.434E-3,-9.956E-2
40.972,-1.289E-3,-0.101
41.022,-6.865E-3,-0.115
41.071,-1.378E-3,-0.119
41.121,1.299E-3,-0.117
41.171,-2.766E-2,-0.105
41.221,-2.191E-2,-0.110
41.271,4.064E-3,-0.105
41.321,-1.057E-3,-0.112
41.370,-1.834E-4,-0.102
41.420,-2.937E-2,-0.106
41.470,1.262E-3,-9.032E-2
41.520,-1.495E-2,-0.116
