,mass A,,
t,x,y,
0.000,-2.568E-3,-8.264E-2
0.048,-1.839E-3,-8.720E-2
0.096,-1.192E-3,-9.501E-2
0.144,1.420E-3,-0.105
0.192,3.038E-3,-0.116
0.240,-6.547E-4,-0.119
0.288,-2.277E-3,-0.118
0.336,-5.078E-3,-0.112
0.384,-3.706E-3,-0.107
0.432,-4.909E-3,-9.372E-2
0.480,-4.908E-3,-9.395E-2
0.528,-5.714E-3,-9.511E-2
0.576,-8.379E-3,-9.283E-2
0.624,-6.509E-3,-7.652E-2
0.671,-6.357E-3,-6.354E-2
0.719,-7.507E-3,-4.995E-2
0.767,-1.466E-2,-5.218E-2
0.815,-1.737E-2,-6.542E-2
0.863,-2.153E-2,-8.399E-2
0.911,-2.630E-2,-8.639E-2
0.959,-3.305E-2,-0.101
1.007,-3.113E-2,-0.122
1.055,-1.678E-2,-0.130
1.103,-1.954E-2,-0.127
1.151,-1.885E-2,-0.116
1.199,-2.034E-2,-0.109
1.247,-2.570E-2,-0.102
1.295,-2.236E-2,-8.869E-2
1.343,-2.047E-2,-7.186E-2
1.391,-2.044E-2,-8.049E-2
1.439,-2.372E-2,-8.914E-2
1.487,-2.185E-2,-9.850E-2
1.535,-2.383E-2,-0.110
1.583,-1.447E-2,-0.134
1.631,-2.289E-2,-0.117
1.679,-3.401E-2,-0.146
1.727,-3.063E-2,-0.132
1.775,-2.025E-2,-0.115
1.823,-9.377E-3,-9.902E-2
1.871,-1.364E-2,-8.602E-2
1.919,-9.746E-3,-7.902E-2
1.966,-1.612E-2,-9.051E-2
2.014,-1.633E-2,-8.114E-2
2.062,-4.723E-2,-0.125
2.110,-2.552E-2,-0.129
2.158,-2.263E-2,-0.135
2.206,-2.916E-2,-0.137
2.254,-3.386E-2,-0.130
2.302,-1.930E-2,-0.114
2.350,-1.404E-2,-9.659E-2
2.398,-2.241E-2,-8.225E-2
2.446,-1.728E-2,-7.329E-2
2.494,-1.598E-2,-8.274E-2
2.542,-1.330E-2,-0.112
2.590,-3.425E-3,-0.114
2.638,-2.284E-2,-0.140
2.686,-2.518E-2,-0.129
2.734,-1.867E-2,-0.118
2.782,-8.375E-3,-0.105
2.830,-4.689E-2,-0.106
2.878,-9.740E-3,-9.503E-2
2.926,-3.872E-3,-0.104
2.974,-5.533E-2,-0.119
3.022,-5.473E-2,-0.114
3.070,-1.657E-2,-0.120
3.118,-2.884E-2,-0.112
3.166,-1.025E-2,-0.110
3.214,-5.389E-4,-0.107
3.262,-2.030E-2,-0.133
3.309,-5.134E-2,-0.103
3.357,-4.981E-2,-9.686E-2
3.405,-4.645E-2,-9.063E-2
3.453,-3.691E-2,-9.817E-2
3.501,-1.329E-2,-8.694E-2
3.549,-5.208E-3,-6.230E-2
3.597,-2.398E-3,-7.740E-2
3.645,-1.355E-2,-9.714E-2
3.693,-1.642E-2,-0.114
3.741,-1.310E-2,-0.118
3.789,-1.425E-2,-0.119
3.837,-1.430E-2,-9.420E-2
3.885,-1.210E-2,-7.776E-2
3.933,-1.506E-2,-0.101
3.981,-1.138E-2,-8.853E-2
4.029,-1.217E-2,-0.100
4.077,-8.564E-3,-0.118
4.125,-5.690E-3,-0.133
4.173,-1.300E-2,-0.108
4.221,-1.258E-2,-0.122
4.269,-1.204E-2,-0.121
4.317,-1.546E-2,-0.126
4.365,-1.070E-2,-0.112
4.413,-5.650E-3,-9.906E-2
4.461,-1.613E-2,-9.251E-2
4.509,-2.123E-2,-0.104
4.557,-7.534E-4,-0.106
4.604,-4.736E-2,-0.117
4.652,-4.150E-2,-0.122
4.700,-3.099E-2,-0.126
4.748,-2.661E-2,-0.132
4.796,-4.420E-2,-0.131
4.844,-3.588E-2,-0.127
4.892,-4.322E-2,-0.104
4.940,-1.828E-2,-9.016E-2
4.988,-2.990E-2,-0.104
5.036,-4.125E-2,-0.120
5.084,-1.977E-2,-0.121
5.132,-2.204E-2,-0.101
5.180,-2.012E-2,-0.129
5.228,-4.398E-2,-0.140
5.276,-3.708E-2,-0.125
5.324,-3.189E-2,-0.102
5.372,-2.763E-2,-8.145E-2
5.420,-4.400E-2,-0.101
5.468,-5.580E-2,-0.129
5.516,-3.408E-2,-0.129
5.564,-2.628E-2,-0.136
5.612,-2.986E-2,-0.118
5.660,-1.847E-2,-0.137
5.708,-3.179E-2,-0.138
5.756,-2.922E-2,-0.122
5.804,-1.640E-2,-0.104
5.852,-8.380E-3,-8.489E-2
5.899,-7.399E-3,-7.153E-2
5.947,-8.189E-3,-8.395E-2
5.995,-1.061E-2,-0.102
6.043,-1.044E-4,-0.108
6.091,2.433E-3,-0.102
6.139,-1.520E-2,-0.124
6.187,-1.689E-2,-0.130
6.235,-1.651E-2,-0.137
6.283,-1.274E-2,-7.789E-2
6.331,-4.484E-2,-0.129
6.379,-3.950E-2,-0.121
6.427,-4.156E-2,-0.103
6.475,-1.259E-2,-0.113
6.523,-7.507E-3,-9.828E-2
6.571,-5.961E-3,-6.702E-2
6.619,-4.968E-2,-0.107
6.667,-2.389E-2,-9.970E-2
6.715,-1.373E-2,-0.106
6.763,-1.636E-2,-9.423E-2
6.811,-1.558E-2,-0.113
6.859,-2.790E-2,-8.299E-2
6.907,-1.641E-2,-0.120
6.955,-1.211E-2,-0.106
7.003,-1.349E-2,-6.482E-2
7.051,-2.140E-2,-6.285E-2
7.099,-1.985E-2,-9.029E-2
7.147,-2.720E-2,-0.119
7.195,-1.196E-2,-0.121
7.242,-6.885E-3,-0.129
7.290,-5.178E-2,-0.128
7.338,-3.644E-2,-0.129
7.386,-1.468E-2,-0.132
7.434,-2.104E-2,-0.125
7.482,-1.936E-2,-0.113
7.530,-1.383E-2,-0.100
7.578,-6.659E-3,-8.625E-2
7.626,-1.215E-2,-9.762E-2
7.674,-1.010E-2,-8.069E-2
7.722,-8.624E-3,-0.121
7.770,-8.894E-3,-0.103
7.818,-2.215E-2,-0.118
7.866,-1.161E-2,-9.808E-2
7.914,-2.974E-2,-9.981E-2
7.962,-3.732E-2,-9.066E-2
8.010,-3.275E-2,-8.346E-2
8.058,-2.994E-2,-7.698E-2
8.106,-2.705E-2,-0.106
8.154,-5.239E-2,-0.150
8.202,-4.854E-2,-0.161
8.250,-3.179E-2,-0.140
8.298,-3.361E-2,-0.128
8.346,-4.574E-2,-0.128
8.394,-2.547E-2,-9.451E-2
8.442,-2.795E-2,-8.087E-2
8.490,-2.447E-2,-6.084E-2
8.537,-2.415E-2,-6.921E-2
8.585,-3.177E-2,-0.114
8.633,-2.010E-2,-0.120
8.681,-2.022E-2,-0.105
8.729,-1.794E-2,-0.118
8.777,-1.491E-2,-0.125
8.825,-2.103E-2,-0.127
8.873,-1.629E-2,-0.113
8.921,-1.239E-2,-9.895E-2
8.969,-2.407E-2,-8.449E-2
9.017,-1.575E-2,-8.397E-2
9.065,-1.840E-2,-6.285E-2
9.113,-4.277E-3,-0.103
9.161,-4.461E-2,-0.129
9.209,-3.122E-2,-0.135
9.257,-6.635E-3,-0.131
9.305,-3.688E-3,-0.133
9.353,-1.618E-2,-0.153
9.401,-1.806E-3,-0.102
9.449,-5.482E-2,-0.118
9.497,-5.015E-2,-0.109
9.545,-3.789E-2,-0.108
9.593,-9.074E-3,-0.113
9.641,-5.148E-3,-0.110
9.689,1.924E-3,-0.102
9.737,-6.428E-4,-9.574E-2
9.785,-3.826E-3,-9.615E-2
9.832,-5.337E-3,-0.105
9.880,-6.276E-3,-0.114
9.928,-8.995E-3,-0.120
9.976,-1.482E-2,-0.121
10.024,-1.471E-2,-0.116
10.072,-1.745E-2,-0.106
10.120,-1.120E-2,-8.435E-2
10.168,-1.686E-2,-7.047E-2
10.216,-1.241E-2,-0.118
10.264,-1.634E-2,-8.077E-2
10.312,-2.409E-2,-8.231E-2
10.360,-8.993E-3,-0.114
10.408,-8.965E-3,-0.135
10.456,-1.161E-2,-0.142
10.504,-1.292E-2,-0.142
10.552,-1.538E-2,-0.138
10.600,-1.737E-2,-0.133
10.648,-1.868E-2,-0.123
10.696,-1.524E-2,-0.103
10.744,-1.181E-2,-8.783E-2
10.792,-1.165E-2,-8.142E-2
10.840,-2.083E-2,-9.450E-2
10.888,-1.806E-2,-0.109
10.936,-2.103E-2,-0.123
10.984,-2.646E-2,-0.127
11.032,-2.965E-2,-0.126
11.080,-2.190E-2,-0.117
11.127,-1.272E-2,-8.285E-2
11.175,-1.387E-2,-7.985E-2
11.223,-1.975E-2,-6.818E-2
11.271,-1.504E-2,-8.235E-2
11.319,-2.647E-2,-0.117
11.367,-9.194E-3,-0.120
11.415,-8.059E-3,-0.134
11.463,-1.050E-2,-0.139
11.511,-4.479E-2,-6.843E-2
11.559,-1.610E-2,-0.137
11.607,-1.264E-2,-0.133
11.655,-4.502E-2,-0.118
11.703,-1.320E-2,-0.111
11.751,-8.976E-3,-0.104
11.799,-8.045E-3,-9.754E-2
11.847,-1.480E-2,-0.116
11.895,-2.745E-2,-7.317E-2
11.943,-4.896E-3,-8.525E-2
11.991,-3.552E-3,-9.442E-2
12.039,-4.586E-3,-0.108
12.087,-2.573E-2,-0.119
12.135,-1.074E-2,-0.105
12.183,-1.486E-2,-7.839E-2
12.231,-1.769E-2,-7.060E-2
12.279,-2.003E-2,-7.129E-2
12.327,-2.474E-2,-0.104
12.375,-1.702E-2,-0.112
12.423,-7.644E-3,-0.111
12.470,-1.702E-2,-0.114
12.518,-1.614E-2,-0.103
12.566,-1.437E-2,-8.249E-2
12.614,-1.514E-2,-7.257E-2
12.662,-1.557E-2,-9.255E-2
12.710,-1.636E-2,-8.428E-2
12.758,-1.576E-2,-0.105
12.806,-4.691E-3,-0.123
12.854,-9.339E-3,-0.131
12.902,-1.645E-2,-0.119
12.950,-1.235E-2,-0.135
12.998,-1.507E-2,-0.130
13.046,-1.047E-2,-6.326E-2
13.094,-1.411E-2,-0.112
13.142,-5.081E-3,-0.102
13.190,-7.225E-3,-7.152E-2
13.238,-1.076E-2,-7.311E-2
13.286,-1.799E-2,-9.776E-2
13.334,-1.297E-2,-0.103
13.382,-1.082E-2,-9.919E-2
13.430,-6.609E-3,-0.120
13.478,-1.825E-2,-0.130
13.526,-1.777E-2,-0.111
13.574,-5.435E-3,-0.114
13.622,-1.300E-2,-0.107
13.670,-4.378E-2,-0.103
13.718,-9.837E-3,-9.306E-2
13.765,-4.261E-2,-0.121
13.813,-2.209E-2,-0.121
13.861,-5.389E-3,-0.124
13.909,-2.137E-2,-0.148
13.957,-3.807E-2,-9.171E-2
14.005,-2.472E-2,-9.488E-2
14.053,-1.301E-2,-9.347E-2
14.101,-1.491E-2,-0.104
14.149,-6.004E-3,-0.103
14.197,-3.746E-3,-8.702E-2
14.245,-1.929E-2,-6.767E-2
14.293,-9.668E-3,-7.605E-2
14.341,-1.818E-3,-6.841E-2
14.389,-1.449E-2,-9.874E-2
14.437,-8.629E-3,-0.103
14.485,-2.684E-2,-0.119
14.533,4.534E-3,-9.405E-2
14.581,-1.791E-3,-0.109
14.629,1.088E-3,-9.144E-2
14.677,-5.537E-3,-0.123
14.725,-7.675E-3,-0.116
14.773,1.111E-3,-0.109
14.821,-4.465E-2,-0.101
14.869,-1.182E-2,-7.587E-2
14.917,-2.087E-2,-7.381E-2
14.965,-1.875E-2,-9.279E-2
15.013,-2.977E-2,-0.131
15.060,-2.071E-2,-0.109
15.108,-2.675E-2,-0.115
15.156,-1.677E-2,-0.101
15.204,-4.652E-2,-9.640E-2
15.252,-1.969E-2,-6.669E-2
15.300,-4.719E-2,-0.121
15.348,-3.319E-2,-0.124
15.396,-2.604E-2,-0.132
15.444,-1.572E-2,-0.136
15.492,-2.124E-3,-0.129
15.540,-4.653E-3,-0.106
15.588,-5.359E-2,-9.931E-2
15.636,-4.637E-2,-9.649E-2
15.684,-3.944E-2,-9.273E-2
15.732,-3.863E-2,-8.585E-2
15.780,-2.129E-2,-8.900E-2
15.828,-6.435E-3,-9.029E-2
15.876,-4.386E-3,-8.722E-2
15.924,-1.662E-2,-9.677E-2
15.972,3.606E-3,-9.830E-2
16.020,-5.112E-2,-0.134
16.068,-1.138E-2,-0.120
16.116,-3.707E-2,-9.659E-2
16.164,-4.182E-2,-0.129
16.212,-1.031E-2,-8.840E-2
16.260,-4.590E-2,-0.102
16.308,-1.032E-2,-9.802E-2
16.356,-4.797E-3,-0.100
16.403,5.039E-3,-0.109
16.451,-4.259E-3,-8.576E-2
16.499,-1.244E-2,-0.119
16.547,-5.701E-3,-0.118
16.595,-7.138E-3,-0.118
16.643,-8.218E-3,-0.110
16.691,6.126E-3,-0.104
16.739,-3.972E-2,-0.110
16.787,-4.925E-2,-0.117
16.835,-8.609E-3,-0.105
16.883,-7.124E-3,-0.115
16.931,-4.147E-3,-0.124
16.979,-8.614E-3,-0.131
17.027,-1.857E-2,-8.668E-2
17.075,-7.246E-3,-8.823E-2
17.123,-6.964E-3,-0.128
17.171,-4.430E-3,-0.122
17.219,-2.740E-3,-0.116
17.267,-1.399E-3,-0.110
17.315,9.082E-4,-0.101
17.363,3.522E-3,-9.042E-2
17.411,-6.801E-3,-9.189E-2
17.459,-1.382E-3,-0.103
17.507,-2.380E-3,-0.116
17.555,-3.310E-2,-0.124
17.603,-2.246E-2,-0.119
17.651,-1.058E-2,-0.110
17.698,-1.193E-2,-0.101
17.746,-4.383E-2,-8.550E-2
17.794,-3.634E-2,-9.001E-2
17.842,-2.769E-2,-9.392E-2
17.890,-2.170E-2,-9.712E-2
17.938,-2.653E-2,-0.133
17.986,-2.671E-2,-0.143
18.034,-7.328E-3,-0.101
18.082,-3.459E-2,-7.881E-2
18.130,-1.131E-2,-7.083E-2
18.178,-2.788E-2,-0.117
18.226,-2.063E-2,-0.103
18.274,-1.531E-2,-8.979E-2
18.322,-2.209E-2,-9.512E-2
18.370,-1.130E-2,-0.103
18.418,-5.201E-3,-0.116
18.466,-3.752E-2,-0.127
18.514,-9.842E-3,-0.126
18.562,-1.199E-2,-0.135
18.610,-2.014E-2,-0.147
18.658,-1.433E-5,-0.105
18.706,-5.420E-3,-6.964E-2
18.754,-2.388E-2,-0.136
18.802,-3.361E-2,-0.118
18.850,-2.793E-2,-0.112
18.898,-1.108E-2,-0.113
18.946,-2.992E-2,-0.101
18.993,-1.425E-2,-0.103
19.041,-1.106E-2,-6.021E-2
19.089,-2.389E-3,-0.101
19.137,-8.145E-3,-8.031E-2
19.185,-4.661E-3,-7.584E-2
19.233,-8.308E-3,-8.339E-2
19.281,-4.223E-3,-9.605E-2
19.329,-4.803E-2,-0.103
19.377,-3.002E-2,-0.103
19.425,-2.215E-2,-0.110
19.473,-2.092E-2,-0.121
19.521,-8.073E-3,-7.770E-2
19.569,-1.866E-2,-0.120
19.617,-4.233E-2,-0.108
19.665,-1.977E-2,-9.848E-2
19.713,-2.097E-2,-8.395E-2
19.761,-2.458E-2,-0.103
19.809,-1.585E-2,-0.106
19.857,-2.037E-2,-0.133
19.905,-1.737E-2,-0.141
19.953,-1.128E-2,-0.106
20.001,-6.775E-3,-9.551E-2
20.049,-1.808E-2,-0.137
20.097,-1.377E-2,-0.125
20.145,-6.365E-3,-0.110
20.193,-1.887E-2,-9.642E-2
20.241,-7.199E-4,-8.238E-2
20.289,1.867E-3,-8.006E-2
20.336,2.342E-3,-8.918E-2
20.384,4.065E-3,-0.102
20.432,-6.350E-3,-0.118
20.480,3.571E-3,-0.122
20.528,-3.832E-2,-0.116
20.576,-3.962E-2,-0.112
20.624,-1.827E-2,-0.115
20.672,-6.180E-3,-0.114
20.720,-8.404E-3,-0.109
20.768,-1.109E-2,-0.103
20.816,-3.076E-3,-9.551E-2
20.864,-1.611E-2,-0.108
20.912,-1.734E-2,-0.116
20.960,-8.987E-3,-9.937E-2
21.008,-2.224E-2,-0.117
21.056,-2.200E-2,-0.108
21.104,-1.200E-3,-8.112E-2
21.152,-1.181E-2,-8.094E-2
21.200,-1.159E-2,-8.634E-2
21.248,3.489E-3,-8.286E-2
21.296,3.259E-3,-8.975E-2
21.344,5.363E-3,-9.730E-2
21.392,6.195E-3,-0.101
21.440,-4.502E-2,-0.121
21.488,-3.227E-2,-0.121
21.536,-1.954E-2,-0.119
21.584,-3.686E-2,-0.117
21.631,-3.284E-2,-0.115
21.679,-2.864E-2,-0.112
21.727,-2.512E-2,-0.108
21.775,-1.009E-2,-0.109
21.823,-3.021E-2,-9.420E-2
21.871,7.672E-4,-9.838E-2
21.919,-1.117E-2,-9.956E-2
21.967,2.954E-3,-9.271E-2
22.015,4.578E-3,-9.977E-2
22.063,5.821E-3,-0.111
22.111,5.236E-3,-0.116
22.159,-1.046E-3,-0.115
22.207,2.263E-3,-0.112
22.255,5.748E-3,-0.111
22.303,3.362E-3,-0.111
22.351,-8.696E-4,-0.109
22.399,-2.364E-3,-0.102
22.447,-2.543E-2,-8.454E-2
22.495,-1.551E-2,-8.323E-2
22.543,-1.472E-2,-8.115E-2
22.591,-1.133E-2,-8.373E-2
22.639,-4.206E-2,-0.118
22.687,-1.097E-2,-0.110
22.735,-1.425E-2,-0.118
22.783,-2.324E-2,-0.122
22.831,-3.152E-2,-0.118
22.879,-3.433E-2,-0.101
22.926,-3.458E-2,-8.128E-2
22.974,-3.919E-2,-7.615E-2
23.022,-4.575E-2,-0.121
23.070,-4.711E-2,-0.142
23.118,-3.356E-2,-0.147
23.166,-3.142E-2,-0.149
23.214,-2.405E-2,-0.145
23.262,-2.800E-2,-0.145
23.310,-3.734E-2,-0.133
23.358,-2.707E-2,-0.115
23.406,-1.698E-2,-9.910E-2
23.454,-5.723E-3,-8.401E-2
23.502,-7.663E-3,-6.707E-2
23.550,-2.434E-3,-7.980E-2
23.598,-2.626E-3,-8.814E-2
23.646,-4.244E-2,-0.122
23.694,-2.683E-2,-0.125
23.742,-8.498E-3,-0.121
23.790,-7.344E-3,-0.118
23.838,-1.022E-2,-0.119
23.886,-1.055E-2,-0.123
23.934,-1.118E-2,-0.116
23.982,-2.521E-2,-0.123
24.030,-2.267E-2,-0.111
24.078,-4.222E-2,-9.319E-2
24.126,-2.629E-2,-8.929E-2
24.174,-1.551E-2,-8.736E-2
24.221,-8.655E-3,-9.449E-2
24.269,-2.600E-2,-0.121
24.317,-8.026E-3,-0.113
24.365,-4.871E-3,-0.124
24.413,1.072E-4,-0.116
24.461,-5.242E-3,-9.395E-2
24.509,-5.921E-3,-8.883E-2
24.557,-9.010E-3,-8.276E-2
24.605,-1.361E-2,-7.703E-2
24.653,-4.023E-2,-0.103
24.701,-1.527E-2,-9.444E-2
24.749,-2.848E-2,-9.319E-2
24.797,-9.583E-3,-0.116
24.845,-2.408E-2,-0.101
24.893,-1.336E-2,-9.610E-2
24.941,-1.110E-2,-0.114
24.989,-1.625E-2,-0.107
25.037,-3.891E-3,-8.321E-2
25.085,-2.267E-2,-9.296E-2
25.133,-1.915E-2,-0.103
25.181,-4.834E-3,-9.275E-2
25.229,-1.496E-2,-0.113
25.277,-5.973E-3,-0.119
25.325,-9.560E-3,-8.703E-2
25.373,-7.605E-3,-0.121
25.421,-6.727E-3,-0.112
25.469,-1.292E-2,-9.970E-2
25.517,-1.227E-2,-5.493E-2
25.564,-3.753E-2,-9.297E-2
25.612,-2.105E-2,-6.342E-2
25.660,-2.269E-2,-7.461E-2
25.708,-2.833E-2,-0.123
25.756,-1.788E-2,-0.129
25.804,-2.253E-2,-0.129
25.852,-3.186E-2,-0.126
25.900,-3.215E-2,-7.468E-2
25.948,-2.256E-2,-7.866E-2
25.996,-4.322E-2,-8.238E-2
26.044,-3.232E-2,-8.280E-2
26.092,-3.945E-2,-0.111
26.140,-2.030E-2,-0.107
26.188,-1.516E-2,-0.128
26.236,-1.480E-2,-0.125
26.284,-3.079E-2,-0.110
26.332,-1.730E-2,-9.884E-2
26.380,-1.979E-2,-0.108
26.428,-2.002E-2,-9.892E-2
26.476,-4.624E-2,-9.594E-2
26.524,-3.630E-2,-9.798E-2
26.572,-3.962E-2,-0.108
26.620,-3.118E-2,-0.117
26.668,-2.077E-2,-0.126
26.716,-1.281E-3,-9.677E-2
26.764,-2.871E-2,-0.135
26.812,-3.115E-2,-0.124
26.859,-2.528E-2,-0.108
26.907,-1.807E-2,-8.986E-2
26.955,-3.685E-2,-8.742E-2
27.003,-5.146E-2,-0.102
27.051,-3.911E-2,-0.102
27.099,-2.318E-2,-0.102
27.147,-5.529E-3,-9.197E-2
27.195,-3.166E-2,-0.127
27.243,-2.075E-2,-0.131
27.291,-1.530E-2,-0.139
27.339,-1.924E-2,-0.149
27.387,-2.994E-2,-0.149
27.435,-3.647E-2,-0.133
27.483,-2.891E-2,-0.119
27.531,-1.546E-2,-0.111
27.579,-9.197E-3,-9.833E-2
27.627,-5.283E-3,-8.887E-2
27.675,-3.057E-4,-8.027E-2
27.723,-1.344E-2,-6.934E-2
27.771,-1.622E-2,-0.103
27.819,-1.122E-2,-0.115
27.867,-5.747E-3,-9.972E-2
27.915,-6.985E-3,-9.764E-2
27.963,-1.472E-2,-0.109
28.011,-4.747E-2,-0.101
28.059,-2.194E-2,-8.410E-2
28.107,-9.799E-3,-9.837E-2
28.154,-4.662E-2,-0.123
28.202,-2.986E-2,-0.128
28.250,-2.640E-2,-0.136
28.298,-4.116E-2,-0.145
28.346,-2.272E-2,-0.134
28.394,-1.741E-2,-0.117
28.442,-1.050E-2,-0.102
28.490,-6.218E-3,-8.591E-2
28.538,-5.879E-3,-7.677E-2
28.586,-4.471E-3,-8.361E-2
28.634,1.524E-3,-8.703E-2
28.682,3.383E-3,-0.106
28.730,-4.560E-2,-0.108
28.778,-5.226E-3,-0.102
28.826,-5.472E-2,-0.120
28.874,-5.630E-2,-0.120
28.922,-5.671E-2,-0.122
28.970,4.820E-3,-0.111
29.018,5.399E-3,-0.107
29.066,-2.009E-2,-7.842E-2
29.114,-4.903E-3,-0.125
29.162,-4.907E-3,-0.120
29.210,-4.024E-3,-0.113
29.258,-2.699E-3,-0.106
29.306,-1.723E-3,-9.866E-2
29.354,-2.117E-2,-0.103
29.402,-2.938E-3,-0.101
29.450,-1.114E-2,-0.113
29.497,-1.185E-2,-0.123
29.545,-9.525E-3,-0.128
29.593,-7.007E-3,-0.128
29.641,-1.165E-2,-0.119
29.689,-1.001E-2,-0.105
29.737,-8.923E-3,-9.172E-2
29.785,-2.251E-2,-9.808E-2
29.833,-1.684E-2,-0.102
29.881,-2.997E-2,-0.121
29.929,-2.970E-2,-0.133
29.977,-1.520E-2,-0.131
30.025,-1.483E-2,-0.110
30.073,-9.173E-3,-0.119
30.121,-1.360E-2,-0.110
30.169,-9.350E-3,-9.343E-2
30.217,-2.148E-2,-8.758E-2
30.265,-1.477E-2,-7.461E-2
30.313,-2.110E-2,-0.111
30.361,-3.433E-2,-6.810E-2
30.409,-1.365E-2,-0.114
30.457,-2.477E-2,-9.744E-2
30.505,-5.691E-2,-0.136
30.553,-4.597E-2,-0.144
30.601,-3.446E-2,-0.147
30.649,-3.240E-2,-0.143
30.697,-3.189E-2,-0.134
30.745,-2.564E-2,-0.120
30.792,-1.392E-2,-0.106
30.840,-8.105E-3,-9.107E-2
30.888,-1.884E-2,-9.806E-2
30.936,9.797E-4,-0.101
30.984,-9.041E-3,-8.413E-2
31.032,-3.028E-2,-0.117
31.080,-3.061E-3,-0.113
31.128,-2.442E-3,-0.120
31.176,-2.863E-3,-0.125
31.224,-8.081E-4,-0.127
31.272,-3.250E-2,-7.912E-2
31.320,-3.862E-2,-8.468E-2
31.368,-3.963E-2,-8.735E-2
31.416,-4.271E-2,-9.000E-2
31.464,-2.849E-3,-0.125
31.512,-1.482E-3,-0.122
31.560,-1.229E-2,-9.378E-2
31.608,2.341E-3,-9.590E-2
31.656,3.369E-3,-0.106
31.704,4.943E-3,-0.102
31.752,2.947E-3,-9.786E-2
31.800,2.211E-3,-9.750E-2
31.848,-4.221E-2,-0.103
31.896,-2.104E-2,-0.103
31.944,3.463E-4,-8.942E-2
31.992,-6.939E-4,-8.417E-2
32.040,-1.658E-3,-7.972E-2
32.087,-3.167E-3,-8.282E-2
32.135,-5.338E-3,-8.103E-2
32.183,-8.349E-3,-8.698E-2
32.231,-2.409E-2,-0.111
32.279,-1.714E-2,-0.113
32.327,-1.983E-2,-0.111
32.375,-2.035E-2,-0.108
32.423,-1.185E-2,-0.101
32.471,-2.698E-2,-9.686E-2
32.519,-9.087E-3,-7.754E-2
32.567,-3.186E-2,-7.135E-2
32.615,-4.272E-2,-0.130
32.663,-2.118E-2,-0.135
32.711,-2.580E-2,-0.111
32.759,-1.851E-2,-0.120
32.807,-1.669E-2,-0.102
32.855,-3.697E-2,-8.240E-2
32.903,-2.661E-2,-8.227E-2
32.951,-1.500E-2,-8.203E-2
32.999,-1.048E-2,-9.259E-2
33.047,-3.837E-3,-0.105
33.095,-8.451E-3,-0.140
33.143,2.893E-3,-0.129
33.191,-1.639E-2,-0.137
33.239,-1.257E-2,-0.125
33.287,-1.651E-2,-8.901E-2
33.335,-1.372E-2,-0.112
33.382,-1.036E-2,-0.124
33.430,-5.675E-3,-0.120
33.478,-1.248E-2,-9.938E-2
33.526,4.826E-3,-0.111
33.574,-1.141E-2,-9.020E-2
33.622,-1.106E-2,-8.523E-2
33.670,-3.690E-2,-8.562E-2
33.718,-5.695E-2,-0.115
33.766,-4.727E-2,-0.115
33.814,-3.226E-2,-0.115
33.862,-1.717E-2,-0.116
33.910,-1.895E-2,-0.120
33.958,-1.205E-2,-0.117
34.006,-3.696E-2,-9.254E-2
34.054,-2.435E-2,-0.114
34.102,-2.359E-2,-8.080E-2
34.150,-1.158E-2,-9.619E-2
34.198,-2.587E-2,-6.544E-2
34.246,-3.175E-2,-0.103
34.294,-1.923E-2,-0.103
34.342,-1.126E-2,-0.108
34.390,-3.027E-2,-0.125
34.438,-1.946E-2,-0.128
34.486,-3.159E-2,-0.131
34.534,-1.773E-2,-0.121
34.582,-1.062E-2,-0.106
34.630,-2.140E-2,-8.089E-2
34.678,-1.622E-2,-6.535E-2
34.725,-2.112E-2,-0.108
34.773,-8.906E-3,-0.119
34.821,-2.195E-2,-0.138
34.869,-6.732E-3,-0.138
34.917,-5.230E-2,-0.157
34.965,-5.216E-3,-0.143
35.013,-3.288E-2,-0.125
35.061,-3.811E-2,-0.115
35.109,-2.650E-2,-0.110
35.157,-4.147E-2,-0.132
35.205,-3.308E-2,-0.125
35.253,-1.336E-2,-0.125
35.301,-2.289E-2,-0.106
35.349,6.944E-4,-9.497E-2
35.397,3.207E-4,-9.987E-2
35.445,8.538E-3,-8.134E-2
35.493,6.907E-3,-0.101
35.541,-1.486E-3,-8.526E-2
35.589,-4.844E-2,-0.106
35.637,-4.123E-2,-0.109
35.685,-7.105E-3,-8.240E-2
35.733,-4.890E-3,-0.114
35.781,-4.048E-3,-9.348E-2
35.829,-1.206E-2,-8.221E-2
35.877,-5.326E-3,-9.568E-2
35.925,-9.341E-3,-0.103
35.973,-1.453E-2,-0.115
36.020,-1.423E-2,-0.106
36.068,-3.335E-2,-8.432E-2
36.116,-1.078E-2,-9.096E-2
36.164,-1.791E-2,-0.108
36.212,-1.076E-2,-0.121
36.260,-5.692E-2,-0.126
36.308,-7.366E-3,-0.124
36.356,-4.508E-2,-0.124
36.404,-7.644E-3,-0.121
36.452,-5.691E-3,-0.112
36.500,-1.021E-2,-0.104
36.548,-1.051E-2,-8.671E-2
36.596,1.286E-3,-7.982E-2
36.644,-7.350E-5,-8.077E-2
36.692,3.169E-4,-8.752E-2
36.740,1.147E-3,-9.672E-2
36.788,-6.745E-3,-0.124
36.836,-4.806E-2,-0.118
36.884,-2.410E-3,-0.104
36.932,-6.035E-3,-0.121
36.980,-7.730E-3,-0.111
37.028,-2.842E-3,-0.104
37.076,-4.794E-3,-0.102
37.124,1.996E-3,-0.102
37.172,-5.192E-2,-0.107
37.220,-4.218E-2,-0.104
37.268,-2.019E-3,-0.109
37.315,-1.479E-2,-0.102
37.363,1.440E-3,-9.048E-2
37.411,1.856E-3,-8.609E-2
37.459,-2.714E-4,-8.368E-2
37.507,2.802E-3,-8.735E-2
37.555,3.465E-3,-9.402E-2
37.603,4.687E-3,-0.101
37.651,5.017E-3,-0.106
37.699,3.609E-3,-0.113
37.747,-1.058E-2,-9.972E-2
37.795,-7.090E-3,-9.186E-2
37.843,-4.196E-2,-0.102
37.891,-2.904E-2,-0.101
37.939,-4.757E-2,-0.102
37.987,-4.791E-2,-0.110
38.035,-2.513E-2,-0.106
38.083,-1.994E-2,-0.112
38.131,-3.156E-2,-8.303E-2
38.179,-2.112E-2,-0.138
38.227,-2.645E-2,-7.197E-2
38.275,-2.923E-2,-7.297E-2
38.323,-4.714E-2,-0.134
38.371,-5.336E-2,-0.122
38.419,-4.379E-2,-0.119
38.467,-4.624E-2,-0.108
38.515,7.339E-3,-9.307E-2
38.563,-5.720E-3,-0.102
38.611,3.946E-3,-9.857E-2
38.658,7.302E-3,-8.872E-2
38.706,8.033E-3,-9.168E-2
38.754,-7.127E-3,-7.552E-2
38.802,4.584E-3,-9.308E-2
38.850,-3.645E-2,-0.107
38.898,-2.412E-2,-0.108
38.946,-7.599E-3,-0.103
38.994,-4.736E-2,-9.888E-2
39.042,-4.406E-2,-0.107
39.090,-1.793E-2,-0.102
39.138,-2.316E-2,-0.112
39.186,-2.334E-2,-0.126
39.234,-2.233E-2,-0.117
39.282,-1.905E-2,-9.451E-2
39.330,-2.400E-2,-0.133
39.378,-2.657E-2,-0.123
39.426,-1.110E-2,-9.373E-2
39.474,-4.058E-2,-7.186E-2
39.522,-2.099E-2,-6.571E-2
39.570,-2.647E-2,-0.106
39.618,-7.256E-3,-0.103
39.666,3.478E-3,-0.111
39.714,-1.156E-2,-0.142
39.762,4.767E-3,-0.110
39.810,-1.211E-2,-0.141
39.858,-1.019E-2,-0.135
39.906,4.782E-3,-9.501E-2
39.953,3.546E-3,-9.005E-2
40.001,3.103E-3,-8.978E-2
40.049,7.209E-4,-8.696E-2
40.097,1.767E-4,-9.346E-2
40.145,-4.571E-3,-0.119
40.193,-7.967E-3,-0.129
40.241,-1.552E-2,-9.278E-2
40.289,-1.328E-2,-0.133
40.337,-5.277E-2,-9.591E-2
40.385,-3.577E-2,-9.390E-2
40.433,-6.617E-3,-8.842E-2
40.481,-6.032E-3,-9.126E-2
40.529,-6.641E-3,-0.114
40.577,-4.098E-3,-9.932E-2
40.625,-9.414E-3,-0.108
40.673,-1.082E-2,-0.102
40.721,-4.851E-2,-0.107
40.769,-4.214E-2,-0.112
40.817,-6.815E-3,-8.345E-2
40.865,-7.727E-3,-8.803E-2
40.913,-7.692E-3,-0.102
40.961,-4.595E-3,-0.126
41.009,-1.201E-2,-0.135
41.057,-4.212E-2,-0.132
41.105,-2.043E-2,-0.128
41.153,-1.824E-2,-0.120
41.201,-2.329E-2,-0.109
41.248,-1.466E-2,-0.103
41.296,-7.100E-3,-9.813E-2
41.344,-3.066E-3,-9.280E-2
41.392,-1.028E-2,-9.814E-2
41.440,-1.764E-2,-7.774E-2
41.488,-1.315E-2,-0.124
41.536,-1.739E-2,-0.132
41.584,-8.734E-3,-9.796E-2
41.632,-2.512E-2,-0.126
41.680,-1.944E-2,-0.110
41.728,-1.061E-2,-9.113E-2
41.776,-2.278E-2,-8.570E-2
41.824,-1.698E-2,-7.295E-2
