,mass A,,
t,x,y,
0.000,-1.228E-2,-6.164E-2
0.017,-1.424E-2,-6.422E-2
0.034,-1.547E-2,-6.828E-2
0.050,-1.616E-2,-7.281E-2
0.067,-1.645E-2,-7.863E-2
0.084,-1.620E-2,-8.458E-2
0.101,-1.524E-2,-9.726E-2
0.117,-1.252E-2,-9.777E-2
0.134,-1.020E-2,-0.103
0.151,-1.198E-2,-0.105
0.168,-1.263E-2,-0.105
0.184,-1.313E-2,-0.103
0.201,-1.347E-2,-0.101
0.218,-1.445E-2,-0.101
0.235,-1.415E-2,-9.730E-2
0.251,-1.220E-2,-9.630E-2
0.268,-1.271E-2,-9.386E-2
0.285,-1.157E-2,-9.272E-2
0.302,-1.318E-2,-9.550E-2
0.318,-1.304E-2,-9.256E-2
0.335,-1.255E-2,-9.288E-2
0.352,-1.125E-2,-9.271E-2
0.369,-1.160E-2,-8.929E-2
0.385,-1.049E-2,-8.456E-2
0.402,-9.897E-3,-7.608E-2
0.419,-1.217E-2,-7.757E-2
0.436,-1.946E-4,-7.342E-2
0.452,-6.547E-4,-7.216E-2
0.469,-1.317E-3,-7.202E-2
0.486,-1.776E-3,-7.252E-2
0.503,-1.934E-3,-7.357E-2
0.519,-1.302E-3,-7.531E-2
0.536,-6.961E-4,-7.808E-2
0.553,2.777E-4,-8.108E-2
0.570,2.248E-3,-8.855E-2
0.586,2.603E-3,-9.278E-2
0.603,3.429E-3,-9.440E-2
0.620,4.416E-3,-9.612E-2
0.637,5.026E-3,-9.898E-2
0.653,5.229E-3,-0.102
0.670,5.919E-3,-0.104
0.687,5.498E-3,-0.106
0.704,5.370E-3,-0.107
0.720,5.392E-3,-0.108
0.737,5.052E-3,-0.108
0.754,4.769E-3,-0.107
0.771,4.687E-3,-0.107
0.787,4.816E-3,-0.105
0.804,4.951E-3,-0.104
0.821,5.251E-3,-0.103
0.838,5.364E-3,-0.102
0.854,5.270E-3,-0.101
0.871,4.920E-3,-0.102
0.888,4.772E-3,-0.103
0.905,4.337E-3,-0.103
0.921,4.268E-3,-0.104
0.938,4.127E-3,-0.106
0.955,4.176E-3,-0.108
0.972,5.833E-3,-0.112
0.988,3.047E-3,-0.110
1.005,3.546E-3,-0.111
1.022,3.868E-3,-0.111
1.039,3.559E-3,-0.113
1.055,1.447E-3,-0.114
1.072,2.918E-3,-0.115
1.089,2.918E-3,-0.115
1.106,3.073E-3,-0.113
1.122,2.901E-3,-0.112
1.139,3.845E-3,-0.107
1.156,3.991E-3,-0.105
1.173,3.409E-3,-0.102
1.189,4.185E-3,-0.101
1.206,2.711E-3,-9.936E-2
1.223,2.671E-3,-9.883E-2
1.240,2.979E-3,-9.995E-2
1.256,4.448E-3,-0.100
1.273,4.128E-3,-0.101
1.290,1.966E-3,-0.101
1.307,1.959E-3,-0.102
1.323,1.275E-3,-0.102
1.340,3.126E-4,-0.102
1.357,-3.536E-4,-0.102
1.374,-1.498E-3,-0.102
1.390,-2.812E-3,-0.102
1.407,-3.461E-3,-0.102
1.424,-4.139E-3,-0.102
1.441,-6.116E-3,-0.102
1.457,-7.723E-3,-0.101
1.474,-6.893E-3,-9.965E-2
1.491,-9.116E-3,-9.700E-2
1.508,-9.273E-3,-9.547E-2
1.524,-9.118E-3,-9.433E-2
1.541,-8.964E-3,-9.302E-2
1.558,-1.062E-2,-8.994E-2
1.575,-1.242E-2,-8.816E-2
1.591,-1.179E-2,-8.571E-2
1.608,-1.278E-2,-8.376E-2
1.625,-1.705E-2,-7.184E-2
1.642,-1.911E-2,-7.048E-2
1.658,-2.003E-2,-6.947E-2
1.675,-2.446E-2,-6.804E-2
1.692,-2.578E-2,-6.892E-2
1.709,-2.793E-2,-7.029E-2
1.725,-2.903E-2,-7.296E-2
1.742,-2.897E-2,-7.650E-2
1.759,-2.644E-2,-8.663E-2
1.776,-2.723E-2,-9.022E-2
1.792,-2.507E-2,-9.607E-2
1.809,-2.359E-2,-9.867E-2
1.826,-2.471E-2,-0.102
1.843,-2.374E-2,-0.101
1.859,-2.096E-2,-0.101
1.876,-1.997E-2,-0.104
1.893,-8.866E-3,-0.130
1.910,-1.140E-2,-0.130
1.926,-1.025E-2,-0.130
1.943,-1.186E-2,-0.127
1.960,-1.086E-2,-0.125
1.977,-1.074E-2,-0.122
1.993,-1.264E-2,-0.120
2.010,-9.906E-3,-0.116
2.027,-1.183E-2,-0.111
2.044,-1.053E-2,-0.109
2.060,-9.498E-3,-0.104
2.077,-6.812E-3,-9.926E-2
2.094,-4.858E-3,-9.055E-2
2.111,-4.453E-3,-8.619E-2
2.127,-3.910E-3,-8.082E-2
2.144,-3.347E-3,-7.820E-2
2.161,-5.389E-3,-7.691E-2
2.178,-7.726E-3,-7.489E-2
2.194,-8.474E-3,-7.669E-2
2.211,-8.486E-3,-7.860E-2
2.228,-9.481E-3,-8.081E-2
2.245,-9.501E-3,-8.374E-2
2.261,-8.907E-3,-8.747E-2
2.278,-8.181E-3,-9.251E-2
2.295,-6.518E-3,-9.791E-2
2.312,-5.097E-3,-0.104
2.328,-4.755E-3,-0.108
2.345,-4.641E-3,-0.112
2.362,-4.753E-3,-0.115
2.379,-5.975E-3,-0.117
2.395,-5.364E-3,-0.117
2.412,-6.982E-3,-0.116
2.429,-7.442E-3,-0.114
2.446,-9.820E-3,-0.108
2.462,-9.395E-3,-0.106
2.479,-8.270E-3,-0.101
2.496,-8.317E-3,-9.421E-2
2.513,-6.469E-3,-8.853E-2
2.529,-6.981E-3,-8.489E-2
2.546,-6.805E-3,-7.806E-2
2.563,-5.882E-3,-7.241E-2
2.580,-6.288E-3,-6.809E-2
2.596,-7.193E-3,-6.415E-2
2.613,-7.761E-3,-6.146E-2
2.630,-9.842E-3,-5.956E-2
2.647,-1.088E-2,-5.840E-2
2.663,-1.393E-2,-6.025E-2
2.680,-1.489E-2,-6.165E-2
2.697,-1.512E-2,-6.476E-2
2.714,-1.447E-2,-6.895E-2
2.730,-1.379E-2,-7.402E-2
2.747,-1.275E-2,-7.929E-2
2.764,-1.025E-2,-8.711E-2
2.781,-1.066E-2,-9.205E-2
2.797,-1.504E-2,-9.293E-2
2.814,-1.607E-2,-9.457E-2
2.831,-1.945E-2,-9.527E-2
2.848,-2.011E-2,-9.351E-2
2.864,-2.243E-2,-8.951E-2
2.881,-2.277E-2,-8.269E-2
2.898,-2.350E-2,-7.724E-2
2.915,-2.322E-2,-7.203E-2
2.931,-2.347E-2,-6.554E-2
2.948,-2.377E-2,-5.845E-2
2.965,-2.590E-2,-5.106E-2
2.982,-2.433E-2,-4.698E-2
2.998,-2.625E-2,-4.150E-2
3.015,,
3.032,-2.828E-2,-3.568E-2
3.049,-2.991E-2,-3.367E-2
3.065,-2.999E-2,-3.348E-2
3.082,-3.080E-2,-3.498E-2
3.099,-3.326E-2,-3.688E-2
3.116,-3.148E-2,-4.181E-2
3.132,-3.278E-2,-4.327E-2
3.149,-3.276E-2,-4.603E-2
3.166,-2.923E-2,-5.239E-2
3.183,-2.869E-2,-5.658E-2
3.199,-2.538E-2,-6.230E-2
3.216,-2.142E-2,-6.764E-2
3.233,-1.674E-2,-7.284E-2
3.250,-1.264E-2,-7.921E-2
3.266,-8.354E-3,-8.636E-2
3.283,-6.575E-3,-9.420E-2
3.300,-1.888E-3,-9.997E-2
3.317,-1.864E-3,-0.103
3.333,-7.705E-4,-0.104
3.350,-8.787E-4,-0.104
3.367,-1.071E-3,-0.101
3.384,-1.422E-3,-0.104
3.400,-2.919E-3,-9.794E-2
3.417,-2.085E-3,-9.257E-2
3.434,-1.382E-3,-8.922E-2
3.451,-2.266E-3,-8.749E-2
3.467,-2.737E-3,-8.241E-2
3.484,-2.888E-3,-8.154E-2
3.501,-3.063E-3,-7.733E-2
3.518,2.876E-3,-7.525E-2
3.534,2.927E-3,-7.063E-2
3.551,2.812E-3,-6.895E-2
3.568,2.027E-3,-6.842E-2
3.585,2.115E-3,-6.833E-2
3.601,1.709E-3,-6.836E-2
3.618,1.415E-3,-6.899E-2
3.635,1.367E-3,-7.043E-2
3.652,1.485E-3,-7.169E-2
3.668,1.486E-3,-7.345E-2
3.685,1.244E-3,-7.585E-2
3.702,1.371E-3,-7.817E-2
3.719,2.671E-2,-0.104
3.735,2.349E-3,-8.270E-2
3.752,2.275E-3,-8.478E-2
3.769,2.080E-3,-8.804E-2
3.786,1.916E-2,-0.112
3.802,2.668E-3,-9.352E-2
3.819,1.977E-2,-0.112
3.836,3.231E-3,-9.562E-2
3.853,2.964E-3,-9.663E-2
3.869,3.364E-3,-0.102
3.886,2.533E-3,-0.100
3.903,3.708E-3,-0.105
3.920,3.686E-3,-0.101
3.936,2.358E-2,-0.106
3.953,2.609E-2,-0.104
3.970,2.738E-3,-0.113
3.987,2.007E-3,-0.111
4.003,1.754E-2,-0.115
4.020,-1.203E-3,-0.107
4.037,-3.157E-3,-0.107
4.054,2.737E-3,-0.103
4.070,-1.816E-3,-0.106
4.087,-7.965E-4,-9.519E-2
4.104,-6.429E-4,-9.099E-2
4.121,-1.047E-3,-8.550E-2
4.137,-1.926E-3,-9.063E-2
4.154,-3.548E-3,-9.412E-2
4.171,1.580E-3,-9.281E-2
4.188,1.465E-3,-9.008E-2
4.204,-3.184E-4,-8.733E-2
4.221,7.993E-4,-8.449E-2
4.238,-3.399E-4,-8.187E-2
4.255,5.893E-4,-7.889E-2
4.271,7.732E-5,-7.626E-2
4.288,-7.861E-4,-7.487E-2
4.305,-1.638E-3,-7.379E-2
4.322,-2.384E-3,-7.348E-2
4.338,-2.814E-3,-7.387E-2
4.355,-4.210E-3,-7.534E-2
4.372,-4.150E-3,-7.647E-2
4.389,-4.025E-3,-7.845E-2
4.405,-3.544E-3,-7.985E-2
4.422,-3.298E-3,-8.181E-2
4.439,-2.783E-3,-8.445E-2
4.456,-1.675E-3,-8.769E-2
4.472,-9.905E-4,-9.159E-2
4.489,2.813E-4,-9.623E-2
4.506,1.294E-3,-0.102
4.523,2.640E-3,-0.106
4.539,3.242E-3,-0.108
4.556,3.441E-3,-0.110
4.573,3.385E-3,-0.110
4.590,3.343E-3,-0.109
4.606,3.322E-3,-0.105
4.623,3.267E-3,-0.101
4.640,3.963E-3,-9.551E-2
4.657,3.216E-3,-9.352E-2
4.673,1.908E-2,-0.111
4.690,1.529E-3,-8.768E-2
4.707,9.484E-4,-8.311E-2
4.724,-7.081E-4,-8.166E-2
4.740,-1.999E-3,-8.020E-2
4.757,-3.669E-3,-7.674E-2
4.774,-4.782E-3,-7.455E-2
4.791,-6.059E-3,-7.511E-2
4.807,-1.137E-2,-7.405E-2
4.824,-1.247E-2,-7.387E-2
4.841,-1.410E-2,-7.626E-2
4.858,-1.555E-2,-7.828E-2
4.875,-1.809E-2,-8.166E-2
4.891,-1.960E-2,-8.494E-2
4.908,-2.157E-2,-8.879E-2
4.925,-2.262E-2,-9.268E-2
4.942,-2.409E-2,-9.832E-2
4.958,-2.408E-2,-0.104
4.975,-2.367E-2,-0.112
4.992,-2.227E-2,-0.120
5.009,-2.000E-2,-0.128
5.025,-1.790E-2,-0.135
5.042,-2.080E-2,-0.138
5.059,-2.389E-2,-0.142
5.076,-2.809E-2,-0.143
5.092,-2.864E-2,-0.142
5.109,-2.957E-2,-0.140
5.126,-3.028E-2,-0.133
5.143,-2.929E-2,-0.128
5.159,-2.861E-2,-0.120
5.176,-2.538E-2,-0.111
5.193,-2.286E-2,-0.106
5.210,-2.145E-2,-9.845E-2
5.226,-1.837E-2,-9.312E-2
5.243,-1.676E-2,-8.854E-2
5.260,-1.552E-2,-8.231E-2
5.277,-1.284E-2,-7.150E-2
5.293,-1.271E-2,-6.546E-2
5.310,-1.489E-2,-6.031E-2
5.327,-1.689E-2,-5.799E-2
5.344,-1.936E-2,-5.702E-2
5.360,-2.202E-2,-5.719E-2
5.377,-2.461E-2,-5.848E-2
5.394,-2.677E-2,-6.096E-2
5.411,-2.823E-2,-6.438E-2
5.427,-2.886E-2,-6.838E-2
5.444,-2.781E-2,-7.727E-2
5.461,-2.907E-2,-8.131E-2
5.478,-2.737E-2,-8.788E-2
5.494,-2.697E-2,-9.300E-2
5.511,-2.437E-2,-9.920E-2
5.528,-2.359E-2,-0.106
5.545,-9.431E-3,-0.117
5.561,-2.081E-2,-0.110
5.578,-7.311E-3,-0.123
5.595,-7.935E-3,-0.125
5.612,-9.385E-3,-0.123
5.628,-1.104E-2,-0.122
5.645,-8.534E-3,-0.114
5.662,-6.733E-3,-0.110
5.679,-7.493E-3,-0.105
5.695,-7.346E-3,-0.100
5.712,-8.287E-3,-9.653E-2
5.729,-9.966E-3,-9.197E-2
5.746,-9.602E-3,-9.160E-2
5.762,-9.439E-3,-8.885E-2
5.779,-9.647E-3,-8.519E-2
5.796,-1.224E-2,-8.082E-2
5.813,-1.427E-2,-7.773E-2
5.829,-1.594E-2,-7.463E-2
5.846,-1.626E-2,-6.839E-2
5.863,-1.772E-2,-6.959E-2
5.880,-1.668E-2,-7.335E-2
5.896,-1.886E-2,-7.593E-2
5.913,-2.065E-2,-8.088E-2
5.930,-2.099E-2,-8.546E-2
5.947,-2.354E-2,-8.675E-2
5.963,-2.257E-2,-9.425E-2
5.980,-2.306E-2,-0.102
5.997,-2.373E-2,-0.112
6.014,-2.095E-2,-0.116
6.030,-1.708E-2,-0.121
6.047,-1.813E-2,-0.128
6.064,-1.846E-2,-0.133
6.081,-2.869E-2,-0.135
6.097,-2.637E-2,-0.126
6.114,-2.694E-2,-0.124
6.131,-2.552E-2,-0.118
6.148,-2.486E-2,-0.108
6.164,1.683E-2,-0.101
6.181,-2.379E-2,-0.103
6.198,-2.421E-2,-9.517E-2
6.215,-2.333E-2,-8.986E-2
6.231,-2.301E-2,-8.382E-2
6.248,-2.322E-2,-7.944E-2
6.265,-2.178E-2,-7.686E-2
6.282,-1.997E-2,-7.411E-2
6.298,1.708E-2,-0.107
6.315,-1.890E-2,-6.934E-2
6.332,-1.599E-2,-6.749E-2
6.349,-1.746E-2,-6.659E-2
6.365,-1.619E-2,-6.530E-2
6.382,-1.546E-2,-6.493E-2
6.399,-1.820E-2,-6.477E-2
6.416,-1.709E-2,-6.732E-2
6.432,-2.054E-2,-7.137E-2
6.449,-1.959E-2,-7.557E-2
6.466,-1.900E-2,-8.252E-2
6.483,-1.859E-2,-8.818E-2
6.499,-1.837E-2,-9.385E-2
6.516,-1.904E-2,-0.103
6.533,-1.717E-2,-0.108
6.550,-9.270E-3,-0.113
6.566,-8.350E-3,-0.114
6.583,-1.033E-2,-0.118
6.600,-1.414E-2,-0.123
6.617,-9.746E-3,-0.123
6.633,-1.154E-2,-0.128
6.650,-1.156E-2,-0.126
6.667,-1.230E-2,-0.124
6.684,-1.397E-2,-0.121
6.700,-1.417E-2,-0.118
6.717,-1.421E-2,-0.113
6.734,-1.293E-2,-0.113
6.751,-1.539E-2,-0.101
6.767,-1.341E-2,-9.638E-2
6.784,-1.289E-2,-9.180E-2
6.801,-1.185E-2,-8.320E-2
6.818,-1.138E-2,-7.749E-2
6.834,-1.209E-2,-7.203E-2
6.851,-1.190E-2,-6.803E-2
6.868,-1.323E-2,-6.218E-2
6.885,-1.456E-2,-5.984E-2
6.901,-1.643E-2,-5.771E-2
6.918,-1.808E-2,-5.651E-2
6.935,-1.994E-2,-5.597E-2
6.952,-2.206E-2,-5.772E-2
6.968,-2.355E-2,-5.880E-2
6.985,-2.504E-2,-6.183E-2
7.002,-2.638E-2,-6.649E-2
7.019,-2.671E-2,-7.045E-2
7.035,-2.666E-2,-7.728E-2
7.052,-2.639E-2,-8.363E-2
7.069,-2.533E-2,-9.191E-2
7.086,-2.376E-2,-9.986E-2
7.102,-2.248E-2,-0.108
7.119,-1.582E-2,-0.119
7.136,-1.690E-2,-0.120
7.153,-1.926E-2,-0.123
7.169,-1.965E-2,-0.119
7.186,-2.785E-2,-0.128
7.203,-2.677E-2,-0.125
7.220,,
7.236,-2.700E-2,-0.114
7.253,-2.299E-2,-0.113
7.270,-2.067E-2,-0.105
7.287,-1.623E-2,-9.618E-2
7.303,-1.545E-2,-9.045E-2
7.320,-1.551E-2,-8.395E-2
7.337,-1.621E-2,-8.118E-2
7.354,-1.771E-2,-7.903E-2
7.370,-2.029E-2,-7.644E-2
7.387,-1.958E-2,-7.776E-2
7.404,-2.402E-2,-7.924E-2
7.421,-2.556E-2,-8.159E-2
7.437,-1.883E-2,-8.069E-2
7.454,-1.953E-2,-8.508E-2
7.471,-1.931E-2,-8.965E-2
7.488,-1.927E-2,-9.605E-2
7.504,-1.886E-2,-0.102
7.521,-1.717E-2,-0.108
7.538,-1.860E-2,-0.113
7.555,-2.184E-2,-0.121
7.571,-2.472E-2,-0.128
7.588,-2.304E-2,-0.132
7.605,-3.281E-2,-0.144
7.622,-3.346E-2,-0.145
7.638,-3.594E-2,-0.145
7.655,-3.614E-2,-0.142
7.672,-3.653E-2,-0.139
7.689,-3.601E-2,-0.135
7.705,-3.313E-2,-0.128
7.722,-3.189E-2,-0.123
7.739,-2.698E-2,-0.118
7.756,-2.317E-2,-0.113
7.772,-1.973E-2,-0.108
7.789,-1.420E-2,-9.840E-2
7.806,-1.071E-2,-9.250E-2
7.823,-7.353E-3,-8.631E-2
7.839,-7.333E-3,-8.146E-2
7.856,-6.851E-3,-7.590E-2
7.873,,
7.890,-7.544E-3,-7.201E-2
7.906,-8.635E-3,-7.293E-2
7.923,-1.191E-2,-7.478E-2
7.940,-1.100E-2,-7.441E-2
7.957,-9.857E-3,-8.135E-2
7.973,-1.238E-2,-8.668E-2
7.990,-8.727E-3,-9.067E-2
8.007,-7.349E-3,-9.664E-2
8.024,-6.013E-3,-0.104
8.040,-4.190E-3,-0.107
8.057,-3.072E-3,-0.116
8.074,-2.816E-3,-0.121
8.091,-2.473E-3,-0.124
8.107,-3.699E-3,-0.125
8.124,-2.581E-3,-0.128
8.141,-2.401E-3,-0.127
8.158,-2.772E-3,-0.127
8.174,-1.856E-3,-0.127
8.191,-2.801E-3,-0.122
8.208,-3.517E-3,-0.121
8.225,-3.245E-3,-0.119
8.241,-3.889E-3,-0.117
8.258,-3.601E-3,-0.115
8.275,-3.051E-3,-0.113
8.292,-2.513E-3,-0.109
8.308,-1.662E-3,-0.106
8.325,-2.924E-4,-0.104
8.342,9.906E-4,-0.101
8.359,1.062E-3,-9.910E-2
8.375,1.555E-3,-9.735E-2
8.392,1.169E-3,-9.613E-2
8.409,-1.220E-3,-9.703E-2
8.426,-1.325E-3,-9.765E-2
8.442,-9.325E-4,-9.824E-2
8.459,3.750E-4,-9.758E-2
8.476,6.319E-4,-9.806E-2
8.493,9.554E-4,-9.735E-2
8.509,-3.622E-4,-9.742E-2
8.526,-6.159E-4,-9.618E-2
8.543,1.031E-3,-9.149E-2
8.560,1.088E-3,-8.899E-2
8.576,1.063E-3,-8.573E-2
8.593,-3.981E-4,-8.142E-2
8.610,1.103E-3,-7.669E-2
8.627,-9.900E-5,-7.201E-2
8.643,1.283E-4,-6.802E-2
8.660,6.254E-5,-6.287E-2
8.677,-4.907E-4,-5.941E-2
8.694,-2.845E-4,-5.862E-2
8.710,-2.040E-3,-5.705E-2
8.727,-2.343E-3,-5.505E-2
8.744,-3.550E-3,-5.370E-2
8.761,-4.257E-3,-5.235E-2
8.777,-5.106E-3,-5.100E-2
8.794,-6.304E-3,-5.024E-2
8.811,-8.418E-3,-5.122E-2
8.828,-8.925E-3,-5.258E-2
8.844,-7.650E-3,-5.683E-2
8.861,-1.020E-2,-5.831E-2
8.878,-9.420E-3,-6.525E-2
8.895,-9.615E-3,-6.661E-2
8.911,-1.096E-2,-6.995E-2
8.928,-1.250E-2,-7.276E-2
8.945,-1.507E-2,-7.471E-2
8.962,-1.765E-2,-7.729E-2
8.978,-2.026E-2,-7.633E-2
8.995,-2.258E-2,-7.473E-2
9.012,-2.486E-2,-7.358E-2
9.029,-2.661E-2,-7.376E-2
9.045,-2.873E-2,-7.636E-2
9.062,-2.910E-2,-7.618E-2
9.079,-3.018E-2,-7.930E-2
9.096,-3.291E-2,-8.097E-2
9.112,-3.380E-2,-8.481E-2
9.129,-3.486E-2,-8.994E-2
9.146,-3.284E-2,-9.103E-2
9.163,-3.098E-2,-9.522E-2
9.179,-2.820E-2,-0.100
9.196,-2.510E-2,-9.939E-2
9.213,-2.251E-2,-0.103
9.230,-1.884E-2,-0.105
9.246,-1.997E-2,-0.101
9.263,-1.627E-2,-0.106
9.280,-1.501E-2,-0.102
9.297,-1.900E-2,-0.134
9.313,-1.825E-2,-0.138
9.330,-2.027E-2,-0.136
9.347,-1.899E-2,-0.135
9.364,-1.866E-2,-0.131
9.380,-1.614E-2,-0.125
9.397,-1.563E-2,-0.119
9.414,-1.385E-2,-0.112
9.431,-1.187E-2,-0.108
9.447,-1.026E-2,-0.103
9.464,-9.579E-3,-9.489E-2
9.481,-6.677E-3,-9.139E-2
9.498,-5.244E-3,-8.699E-2
9.514,-3.063E-3,-8.497E-2
9.531,-3.984E-3,-8.406E-2
9.548,-7.307E-3,-7.969E-2
9.565,-7.855E-3,-7.988E-2
9.581,-7.828E-3,-8.372E-2
9.598,-7.451E-3,-8.536E-2
9.615,-7.786E-3,-8.975E-2
9.632,-7.590E-3,-9.158E-2
9.649,-7.364E-3,-9.780E-2
9.665,-3.850E-3,-0.103
9.682,-2.539E-3,-0.108
9.699,-1.619E-3,-0.108
9.716,-1.933E-3,-0.116
9.732,1.023E-3,-0.115
9.749,3.842E-4,-0.118
9.766,5.432E-4,-0.119
9.783,9.738E-5,-0.118
9.799,2.765E-4,-0.118
9.816,1.169E-3,-0.115
9.833,7.590E-4,-0.115
9.850,9.878E-4,-0.112
9.866,1.836E-3,-0.105
9.883,1.730E-4,-0.103
9.900,5.402E-4,-0.103
9.917,1.415E-3,-9.756E-2
9.933,8.511E-4,-9.537E-2
9.950,-6.263E-4,-9.336E-2
9.967,-4.281E-4,-9.556E-2
9.984,-2.599E-3,-9.905E-2
10.000,-3.118E-3,-0.103
10.017,-2.934E-3,-0.103
10.034,-3.465E-3,-0.106
10.051,-3.486E-3,-0.107
10.067,-4.383E-3,-0.107
10.084,-5.128E-3,-0.107
10.101,-5.465E-3,-0.106
10.118,-5.751E-3,-0.105
10.134,-6.214E-3,-0.103
10.151,-6.261E-3,-0.101
10.168,-5.184E-3,-9.559E-2
10.185,-6.846E-3,-9.341E-2
10.201,-7.951E-3,-9.232E-2
10.218,-8.125E-3,-9.360E-2
10.235,-9.769E-3,-9.398E-2
10.252,-9.399E-3,-9.452E-2
10.268,-8.639E-3,-9.854E-2
10.285,-1.087E-2,-9.764E-2
10.302,-1.081E-2,-0.101
10.319,-1.079E-2,-0.105
10.335,-1.059E-2,-0.107
10.352,-7.803E-3,-0.114
10.369,-7.583E-3,-0.119
10.386,-6.641E-3,-0.123
10.402,-7.532E-3,-0.126
10.419,-9.183E-3,-0.125
10.436,-1.025E-2,-0.129
10.453,-1.154E-2,-0.129
10.469,-1.318E-2,-0.129
10.486,-1.704E-2,-0.127
10.503,-2.180E-2,-0.127
10.520,-2.037E-2,-0.122
10.536,-1.874E-2,-0.119
10.553,-1.914E-2,-0.115
10.570,-2.154E-2,-0.111
10.587,-2.156E-2,-0.108
10.603,-2.176E-2,-0.106
10.620,-2.142E-2,-0.102
10.637,-2.089E-2,-9.918E-2
10.654,-2.092E-2,-9.479E-2
10.670,-2.057E-2,-9.240E-2
10.687,-1.933E-2,-8.764E-2
10.704,-1.861E-2,-8.471E-2
10.721,-1.918E-2,-6.562E-2
10.737,-2.159E-2,-6.482E-2
10.754,-2.377E-2,-6.496E-2
10.771,-2.557E-2,-6.631E-2
10.788,-2.685E-2,-7.068E-2
10.804,-2.722E-2,-7.413E-2
10.821,-2.961E-2,-8.168E-2
10.838,-2.738E-2,-8.733E-2
10.855,-2.806E-2,-9.410E-2
10.871,-2.617E-2,-0.104
10.888,-2.558E-2,-0.108
10.905,-2.519E-2,-0.112
10.922,-2.442E-2,-0.117
10.938,-2.347E-2,-0.124
10.955,-2.434E-2,-0.129
10.972,-4.380E-2,-0.133
10.989,-4.160E-2,-0.134
11.005,-4.487E-2,-0.138
11.022,-5.188E-2,-0.129
11.039,-5.739E-2,-0.126
11.056,-3.590E-2,-0.112
11.072,1.948E-2,-0.114
11.089,-3.739E-2,-0.107
11.106,-2.867E-2,-9.960E-2
11.123,-3.022E-2,-8.680E-2
11.139,-2.625E-2,-7.836E-2
11.156,-2.410E-2,-7.176E-2
11.173,-2.305E-2,-6.590E-2
11.190,-1.793E-2,-6.440E-2
11.206,-1.942E-2,-6.075E-2
11.223,-1.722E-2,-6.147E-2
11.240,2.029E-2,-0.109
11.257,-1.977E-2,-6.295E-2
11.273,-2.064E-2,-6.557E-2
11.290,-1.896E-2,-7.193E-2
11.307,-1.956E-2,-7.357E-2
11.324,-1.847E-2,-8.198E-2
11.340,-1.516E-2,-8.586E-2
11.357,-1.225E-2,-9.159E-2
11.374,-9.545E-3,-9.609E-2
11.391,-1.073E-2,-0.103
11.407,-9.279E-3,-0.105
11.424,-8.400E-3,-0.113
11.441,-6.532E-3,-0.116
11.458,-8.161E-3,-0.118
11.474,-7.916E-3,-0.124
11.491,-1.160E-2,-0.125
11.508,-1.673E-2,-0.125
11.525,-2.310E-2,-0.125
11.541,-1.662E-2,-0.113
11.558,-2.048E-2,-0.119
11.575,-2.034E-2,-0.109
11.592,-2.345E-2,-0.105
11.608,-2.287E-2,-9.988E-2
11.625,-2.353E-2,-9.290E-2
11.642,2.845E-2,-0.107
11.659,2.778E-2,-0.108
11.675,-2.379E-2,-8.469E-2
11.692,-1.836E-2,-6.925E-2
11.709,-1.882E-2,-6.227E-2
11.726,-1.410E-2,-6.121E-2
11.742,-1.390E-2,-6.018E-2
11.759,-1.495E-2,-5.670E-2
11.776,-1.703E-2,-5.364E-2
11.793,2.948E-2,-0.111
11.809,-1.804E-2,-5.549E-2
11.826,-2.027E-2,-5.941E-2
11.843,-1.898E-2,-6.884E-2
11.860,-1.795E-2,-6.925E-2
11.876,-1.746E-2,-7.951E-2
11.893,2.963E-2,-0.111
11.910,-1.661E-2,-8.485E-2
11.927,-1.593E-2,-9.367E-2
11.943,-7.776E-3,-8.995E-2
11.960,-1.142E-2,-9.282E-2
11.977,3.789E-2,-8.549E-2
11.994,-5.947E-3,-0.111
12.010,-5.107E-3,-0.114
12.027,2.384E-2,-0.106
12.044,-5.068E-3,-0.120
12.061,-5.716E-3,-0.115
12.077,-1.676E-2,-0.122
12.094,-1.037E-2,-0.125
12.111,-8.123E-3,-0.123
12.128,-3.866E-3,-0.115
12.144,-3.295E-3,-0.109
12.161,-2.064E-3,-0.109
12.178,-2.719E-3,-0.103
12.195,-3.364E-3,-9.913E-2
12.211,-3.194E-3,-9.399E-2
12.228,-5.649E-4,-8.822E-2
12.245,8.395E-4,-8.349E-2
12.262,1.239E-3,-8.185E-2
12.278,-1.248E-3,-7.858E-2
12.295,-6.480E-4,-7.632E-2
12.312,3.672E-4,-7.467E-2
12.329,1.565E-3,-6.973E-2
12.345,3.189E-3,-6.705E-2
12.362,9.417E-4,-6.871E-2
12.379,9.488E-4,-6.973E-2
12.396,-5.782E-5,-7.261E-2
12.412,3.572E-4,-7.323E-2
12.429,-2.485E-5,-7.734E-2
12.446,-6.108E-4,-8.165E-2
12.463,2.193E-3,-8.077E-2
12.479,3.016E-3,-8.432E-2
12.496,4.101E-3,-8.815E-2
12.513,4.613E-3,-9.129E-2
12.530,4.926E-3,-9.370E-2
12.546,1.958E-3,-9.663E-2
12.563,2.701E-2,-0.103
12.580,2.644E-2,-0.104
12.597,2.378E-2,-0.107
12.613,5.111E-3,-0.107
12.630,3.519E-3,-0.110
12.647,4.331E-3,-0.113
12.664,2.449E-2,-0.104
12.680,3.112E-3,-0.115
12.697,1.462E-3,-0.114
12.714,2.267E-3,-0.111
12.731,2.460E-3,-0.110
12.747,-2.630E-3,-0.116
12.764,1.238E-3,-0.111
12.781,5.054E-3,-9.886E-2
12.798,-6.799E-4,-0.101
12.814,-5.248E-4,-9.397E-2
12.831,8.854E-4,-9.006E-2
12.848,1.904E-3,-8.882E-2
12.865,8.768E-4,-8.883E-2
12.881,1.872E-3,-8.431E-2
12.898,6.021E-4,-8.600E-2
12.915,-3.842E-4,-8.503E-2
12.932,-5.684E-4,-8.471E-2
12.948,1.470E-3,-8.554E-2
12.965,-5.699E-4,-8.542E-2
12.982,2.622E-4,-8.904E-2
12.999,1.109E-3,-9.273E-2
13.015,2.823E-4,-9.192E-2
13.032,-2.993E-4,-9.685E-2
13.049,-5.018E-4,-9.726E-2
13.066,-2.735E-4,-0.101
13.082,1.915E-2,-0.108
13.099,9.901E-4,-0.105
13.116,2.060E-3,-0.111
13.133,2.689E-3,-0.113
13.149,3.032E-3,-0.115
13.166,2.549E-3,-0.115
13.183,2.051E-6,-0.111
13.200,1.429E-3,-0.109
13.216,1.429E-3,-0.111
13.233,1.029E-3,-0.109
13.250,9.573E-4,-0.108
13.267,1.220E-3,-0.109
13.283,-1.912E-3,-0.101
13.300,-7.966E-5,-9.890E-2
13.317,-1.313E-3,-9.870E-2
13.334,-2.143E-3,-9.748E-2
13.350,-1.526E-3,-9.768E-2
13.367,-2.986E-3,-9.440E-2
13.384,-1.550E-3,-9.419E-2
13.401,-4.428E-3,-9.380E-2
13.417,-4.636E-3,-9.339E-2
13.434,-5.032E-3,-9.544E-2
13.451,-4.403E-3,-9.729E-2
13.468,-6.037E-3,-9.853E-2
13.484,-5.416E-3,-9.935E-2
13.501,-5.210E-3,-9.935E-2
13.518,-7.290E-3,-9.566E-2
13.535,-6.086E-3,-9.155E-2
13.551,-4.086E-3,-8.394E-2
13.568,-4.531E-3,-7.901E-2
13.585,-2.940E-3,-7.161E-2
13.602,-2.582E-3,-6.401E-2
13.618,-1.775E-3,-6.195E-2
13.635,-1.995E-3,-5.990E-2
13.652,-3.650E-3,-5.806E-2
13.669,-4.882E-3,-5.807E-2
13.685,-7.357E-3,-5.665E-2
13.702,-6.119E-3,-5.746E-2
13.719,-7.767E-3,-5.665E-2
13.736,-9.607E-3,-5.790E-2
13.752,-9.397E-3,-5.851E-2
13.769,-9.989E-3,-6.201E-2
13.786,-1.101E-2,-6.304E-2
13.803,-1.160E-2,-6.592E-2
13.819,-1.175E-2,-7.496E-2
13.836,-6.360E-3,-8.169E-2
13.853,-7.549E-3,-8.786E-2
13.870,-7.101E-3,-9.320E-2
13.886,-3.158E-3,-9.913E-2
13.903,-1.267E-3,-0.105
13.920,6.178E-7,-0.110
13.937,-2.020E-3,-0.115
13.953,-1.184E-3,-0.117
13.970,-2.616E-3,-0.118
13.987,-3.212E-3,-0.121
14.004,-2.614E-3,-0.118
14.020,-4.270E-3,-0.116
14.037,-2.409E-3,-0.118
14.054,-1.237E-3,-0.110
14.071,-2.305E-3,-0.104
14.087,-3.784E-3,-9.769E-2
14.104,-1.270E-4,-9.212E-2
14.121,-1.399E-3,-8.638E-2
14.138,-7.989E-4,-8.412E-2
14.154,1.891E-4,-7.857E-2
14.171,-4.484E-4,-7.549E-2
14.188,9.632E-4,-7.179E-2
14.205,3.428E-4,-7.117E-2
14.221,-1.085E-3,-7.262E-2
14.238,-2.734E-3,-7.161E-2
14.255,-3.969E-3,-7.120E-2
14.272,-5.398E-3,-7.245E-2
14.288,-5.184E-3,-7.368E-2
14.305,-6.604E-3,-7.615E-2
14.322,-6.392E-3,-7.718E-2
14.339,-7.995E-3,-8.294E-2
14.355,-8.997E-3,-8.644E-2
14.372,-9.179E-3,-8.972E-2
14.389,-9.988E-3,-9.158E-2
14.406,-1.137E-2,-9.980E-2
14.422,-7.880E-3,-9.937E-2
14.439,-9.678E-3,-0.107
14.456,-1.068E-2,-0.110
14.473,-1.108E-2,-0.112
14.490,-1.601E-2,-0.111
14.506,-1.169E-2,-0.112
14.523,-1.173E-2,-0.107
14.540,-1.507E-2,-9.839E-2
14.557,-1.367E-2,-9.304E-2
14.573,-1.391E-2,-8.811E-2
14.590,-1.250E-2,-8.441E-2
14.607,-8.863E-3,-7.617E-2
14.624,-1.056E-2,-6.838E-2
14.640,-1.249E-2,-5.648E-2
14.657,-1.619E-2,-5.650E-2
14.674,-1.702E-2,-5.507E-2
14.691,-1.929E-2,-5.283E-2
14.707,-2.565E-2,-5.411E-2
14.724,-2.645E-2,-5.678E-2
14.741,-2.684E-2,-6.048E-2
14.758,2.457E-2,-0.104
14.774,2.280E-2,-0.106
14.791,-2.753E-2,-7.876E-2
14.808,2.500E-2,-0.109
14.825,2.816E-2,-0.105
14.841,-2.505E-2,-8.121E-2
14.858,-2.458E-2,-8.942E-2
14.875,-1.911E-2,-0.109
14.892,-1.804E-2,-0.114
14.908,-1.738E-2,-0.121
14.925,-1.676E-2,-0.122
14.942,-2.007E-2,-0.118
14.959,-2.092E-2,-0.114
14.975,-2.374E-2,-0.121
14.992,-2.701E-2,-0.125
15.009,-2.785E-2,-0.122
15.026,-2.583E-2,-0.116
15.042,-2.465E-2,-0.109
15.059,-2.507E-2,-0.107
15.076,-2.531E-2,-0.103
15.093,-2.595E-2,-9.949E-2
15.109,-2.125E-2,-9.679E-2
15.126,-2.065E-2,-9.391E-2
15.143,-1.968E-2,-8.569E-2
15.160,-1.505E-2,-7.251E-2
15.176,-1.466E-2,-6.923E-2
15.193,-1.549E-2,-6.820E-2
15.210,-1.796E-2,-6.699E-2
15.227,-1.631E-2,-6.903E-2
15.243,-2.495E-2,-6.581E-2
15.260,-1.999E-2,-7.132E-2
15.277,-1.916E-2,-7.254E-2
15.294,-2.690E-2,-8.163E-2
15.310,-2.500E-2,-8.778E-2
15.327,-2.561E-2,-8.881E-2
15.344,-2.434E-2,-9.517E-2
15.361,-2.348E-2,-0.101
15.377,-2.383E-2,-0.109
15.394,-2.341E-2,-0.110
15.411,-2.254E-2,-0.118
15.428,-2.577E-2,-0.126
15.444,-2.554E-2,-0.129
15.461,-2.426E-2,-0.135
15.478,-2.449E-2,-0.132
15.495,-2.733E-2,-0.137
15.511,-2.471E-2,-0.131
15.528,-2.451E-2,-0.130
15.545,-2.292E-2,-0.122
15.562,-2.354E-2,-0.121
15.578,-2.480E-2,-0.117
15.595,-2.521E-2,-0.117
15.612,-2.360E-2,-0.113
15.629,-2.342E-2,-0.109
15.645,-2.307E-2,-0.100
15.662,-2.311E-2,-9.495E-2
15.679,-2.232E-2,-9.043E-2
15.696,-2.173E-2,-8.570E-2
15.712,-1.931E-2,-7.973E-2
15.729,-1.872E-2,-7.603E-2
15.746,-1.896E-2,-7.193E-2
15.763,-1.896E-2,-7.193E-2
15.779,-1.550E-2,-6.615E-2
15.796,-1.817E-2,-6.658E-2
15.813,-1.736E-2,-6.452E-2
15.830,-1.963E-2,-6.372E-2
15.846,-1.980E-2,-6.803E-2
15.863,-1.876E-2,-7.110E-2
15.880,-2.101E-2,-7.153E-2
15.897,-2.095E-2,-7.974E-2
15.913,-2.132E-2,-8.591E-2
15.930,-2.234E-2,-8.735E-2
15.947,-2.126E-2,-9.515E-2
15.964,-2.083E-2,-9.740E-2
15.980,-2.100E-2,-0.103
15.997,-1.972E-2,-0.109
16.014,-1.947E-2,-0.115
16.031,-2.229E-2,-0.124
16.047,-2.349E-2,-0.128
16.064,-1.283E-2,-0.125
16.081,-1.041E-2,-0.120
16.098,-1.166E-2,-0.117
16.114,-1.187E-2,-0.116
16.131,-1.087E-2,-0.112
16.148,-9.886E-3,-0.106
16.165,-1.014E-2,-9.979E-2
16.181,-9.156E-3,-9.301E-2
16.198,-6.511E-3,-8.950E-2
16.215,-4.504E-3,-8.291E-2
16.232,-3.118E-3,-7.551E-2
16.248,-1.512E-3,-7.016E-2
16.265,-5.006E-3,-6.977E-2
16.282,-8.124E-3,-6.446E-2
16.299,-9.792E-3,-6.077E-2
16.315,-1.351E-2,-5.813E-2
16.332,-1.309E-2,-5.833E-2
16.349,-1.453E-2,-5.814E-2
16.366,-2.046E-2,-6.228E-2
16.382,-2.003E-2,-6.454E-2
16.399,-2.188E-2,-6.537E-2
16.416,-2.141E-2,-7.359E-2
16.433,-2.237E-2,-8.222E-2
16.449,-2.135E-2,-8.180E-2
16.466,-2.313E-2,-9.146E-2
16.483,-2.089E-2,-8.960E-2
16.500,-2.308E-2,-9.824E-2
16.516,-1.771E-2,-0.103
16.533,-1.932E-2,-0.108
16.550,-1.967E-2,-0.116
16.567,-1.389E-2,-0.121
16.583,-1.345E-2,-0.125
16.600,-1.158E-2,-0.129
16.617,-1.135E-2,-0.132
16.634,-1.155E-2,-0.132
16.650,-1.237E-2,-0.133
16.667,-1.095E-2,-0.131
16.684,-1.321E-2,-0.131
16.701,-1.158E-2,-0.129
16.717,-1.222E-2,-0.124
16.734,-1.123E-2,-0.120
16.751,-1.146E-2,-0.115
16.768,-1.007E-2,-0.109
16.784,-8.253E-3,-0.105
16.801,-5.192E-3,-0.102
16.818,-5.423E-3,-9.832E-2
16.835,-5.660E-3,-9.381E-2
16.851,-3.858E-3,-8.722E-2
16.868,-3.276E-3,-8.229E-2
16.885,-7.380E-3,-8.273E-2
16.902,-6.164E-3,-8.046E-2
16.918,-5.954E-3,-8.108E-2
16.935,-6.567E-3,-8.149E-2
16.952,-9.021E-3,-8.294E-2
16.969,-9.428E-3,-8.356E-2
16.985,-9.412E-3,-8.582E-2
17.002,-8.391E-3,-8.499E-2
17.019,-9.988E-3,-9.158E-2
17.036,-6.919E-3,-8.991E-2
17.052,-4.184E-3,-9.934E-2
17.069,-6.132E-3,-0.114
17.086,-1.184E-3,-0.117
17.103,-9.587E-4,-0.120
17.119,-5.007E-4,-0.127
17.136,1.571E-3,-0.129
17.153,3.249E-4,-0.127
17.170,7.571E-4,-0.131
17.186,5.489E-4,-0.130
17.203,-7.003E-4,-0.128
17.220,-9.057E-4,-0.128
17.237,-1.114E-3,-0.127
17.253,1.118E-3,-0.123
17.270,1.527E-3,-0.123
17.287,,
17.304,1.935E-3,-0.123
17.320,2.509E-3,-0.117
17.337,2.710E-3,-0.116
17.354,,
17.371,3.137E-3,-0.118
17.387,2.723E-3,-0.118
17.404,3.114E-3,-0.115
17.421,4.904E-3,-0.107
17.438,5.104E-3,-0.106
17.454,5.302E-3,-0.105
17.471,5.301E-3,-0.105
17.488,5.508E-3,-0.105
17.505,4.713E-3,-0.109
17.521,4.505E-3,-0.109
17.538,4.497E-3,-0.107
17.555,4.267E-3,-0.104
17.572,4.266E-3,-0.104
17.588,4.867E-3,-0.102
17.605,,
17.622,-1.543E-2,-7.683E-2
17.639,-1.543E-2,-7.642E-2
17.655,-1.564E-2,-7.621E-2
17.672,4.669E-3,-0.103
17.689,4.670E-3,-0.103
17.706,4.670E-3,-0.103
17.722,4.676E-3,-0.104
17.739,4.079E-3,-0.106
17.756,3.876E-3,-0.107
17.773,3.876E-3,-0.107
17.789,3.876E-3,-0.107
17.806,2.867E-3,-0.109
17.823,3.048E-3,-0.106
17.840,3.048E-3,-0.106
17.856,3.048E-3,-0.106
17.873,3.048E-3,-0.106
17.890,3.048E-3,-0.106
17.907,3.048E-3,-0.106
17.923,3.048E-3,-0.106
17.940,3.043E-3,-0.105
17.957,2.211E-3,-0.103
17.974,3.627E-3,-0.100
17.990,3.832E-3,-0.100
18.007,4.449E-3,-0.101
18.024,4.655E-3,-0.101
18.041,4.655E-3,-0.101
18.057,4.451E-3,-0.101
18.074,1.791E-3,-0.102
18.091,-2.778E-4,-9.993E-2
18.108,-2.807E-4,-9.952E-2
18.124,-1.099E-3,-9.993E-2
18.141,-1.702E-3,-0.102
18.158,-5.776E-3,-0.107
18.175,-7.613E-3,-0.108
18.191,-1.352E-2,-0.114
18.208,1.764E-2,-0.108
18.225,,
18.242,1.847E-2,-0.109
18.258,1.847E-2,-0.109
18.275,-2.281E-2,-0.109
18.292,-2.241E-2,-0.106
18.309,-2.060E-2,-0.101
18.325,-2.041E-2,-9.863E-2
18.342,-1.982E-2,-9.555E-2
18.359,-1.879E-2,-9.492E-2
18.376,-1.904E-2,-8.876E-2
18.392,-2.239E-2,-8.016E-2
18.409,-2.246E-2,-6.990E-2
18.426,-2.415E-2,-6.313E-2
18.443,-2.868E-2,-6.173E-2
18.459,-2.706E-2,-5.843E-2
18.476,-3.259E-2,-5.970E-2
18.493,-3.466E-2,-6.260E-2
18.510,-3.445E-2,-6.813E-2
18.526,-3.243E-2,-7.264E-2
18.543,-3.054E-2,-8.022E-2
18.560,-2.794E-2,-8.687E-2
18.577,-2.394E-2,-9.352E-2
18.593,-2.080E-2,-0.102
18.610,-1.856E-2,-0.105
18.627,-1.734E-2,-0.110
18.644,-1.740E-2,-0.111
18.660,-1.747E-2,-0.110
18.677,-1.728E-2,-0.107
18.694,-1.630E-2,-9.963E-2
18.711,-1.345E-2,-9.616E-2
18.727,-1.200E-2,-8.841E-2
18.744,-1.081E-2,-8.198E-2
18.761,-1.066E-2,-7.740E-2
18.778,-1.200E-2,-7.281E-2
18.794,-1.281E-2,-7.024E-2
18.811,2.423E-2,-0.115
18.828,2.196E-2,-0.115
18.845,-1.999E-2,-7.091E-2
18.861,-2.243E-2,-7.441E-2
18.878,-2.119E-2,-7.523E-2
18.895,-2.352E-2,-8.181E-2
18.912,-2.328E-2,-8.714E-2
18.928,-1.761E-2,-8.814E-2
18.945,-2.134E-2,-9.987E-2
18.962,-1.668E-2,-0.104
18.979,-1.768E-2,-0.108
18.995,-1.663E-2,-0.111
19.012,-1.600E-2,-0.113
19.029,-1.660E-2,-0.115
19.046,-1.597E-2,-0.118
19.062,-1.514E-2,-0.118
19.079,-1.558E-2,-0.114
19.096,-9.023E-3,-0.141
19.113,-8.812E-3,-0.142
19.129,-1.088E-2,-0.140
19.146,-1.006E-2,-0.139
19.163,-6.144E-3,-0.142
19.180,-8.837E-3,-0.139
19.196,-6.589E-3,-0.137
19.213,-8.251E-3,-0.134
19.230,-6.217E-3,-0.132
19.247,-9.111E-3,-0.129
19.263,-8.911E-3,-0.128
19.280,-1.014E-2,-0.128
19.297,-1.098E-2,-0.126
19.314,-1.122E-2,-0.123
19.331,-1.144E-2,-0.119
19.347,-1.063E-2,-0.115
19.364,-9.819E-3,-0.111
19.381,-7.015E-3,-0.106
19.398,-6.007E-3,-0.103
19.414,-8.934E-3,-9.547E-2
19.431,-3.840E-3,-8.969E-2
19.448,-5.706E-3,-8.723E-2
19.465,-4.887E-3,-8.682E-2
19.481,-4.073E-3,-8.579E-2
19.498,-5.727E-3,-8.415E-2
19.515,-5.128E-3,-8.169E-2
19.532,-7.376E-3,-8.334E-2
19.548,2.668E-2,-0.104
19.565,-8.186E-3,-8.499E-2
19.582,-7.133E-3,-8.868E-2
19.599,-6.316E-3,-8.806E-2
19.615,1.942E-2,-0.108
19.632,-5.453E-3,-9.401E-2
19.649,1.937E-2,-0.114
19.666,1.937E-2,-0.116
19.682,-2.450E-2,-0.132
19.699,-2.553E-2,-0.138
19.716,-2.854E-2,-0.140
19.733,-3.036E-2,-0.144
19.749,-3.056E-2,-0.146
19.766,-3.119E-2,-0.143
19.783,-3.469E-2,-0.142
19.800,-3.469E-2,-0.142
19.816,-3.720E-2,-0.136
19.833,-3.742E-2,-0.133
19.850,-3.705E-2,-0.127
19.867,-3.708E-2,-0.123
19.883,,
19.900,-3.608E-2,-0.120
19.917,-2.674E-2,-0.104
19.934,-2.104E-2,-9.638E-2
19.950,-1.697E-2,-9.121E-2
19.967,-1.393E-2,-8.544E-2
19.984,-1.559E-2,-8.340E-2
20.001,-1.318E-2,-7.497E-2
20.017,-1.317E-2,-7.640E-2
20.034,-1.379E-2,-7.620E-2
20.051,-1.378E-2,-7.764E-2
20.068,-1.458E-2,-8.072E-2
20.084,-1.517E-2,-8.422E-2
20.101,-1.536E-2,-8.710E-2
20.118,-1.694E-2,-9.614E-2
20.135,-1.673E-2,-9.635E-2
20.151,-1.296E-2,-0.107
20.168,-1.126E-2,-0.115
20.185,-3.408E-3,-0.122
20.202,-4.979E-4,-0.127
20.218,-2.911E-4,-0.127
20.235,3.658E-3,-0.134
20.252,-6.960E-4,-0.128
20.269,-8.913E-4,-0.130
20.285,-8.913E-4,-0.130
20.302,-1.510E-3,-0.129
20.319,-2.334E-3,-0.129
20.336,-2.135E-3,-0.128
20.352,-5.122E-4,-0.125
20.369,8.965E-4,-0.121
20.386,8.922E-4,-0.120
20.403,1.289E-3,-0.118
20.419,-1.632E-4,-0.116
20.436,2.203E-4,-0.112
20.453,-1.244E-3,-0.109
20.470,-1.247E-3,-0.108
20.486,-1.677E-3,-0.105
20.503,-1.685E-3,-0.104
20.520,-2.311E-3,-0.103
20.537,-2.110E-3,-0.102
20.553,-1.500E-3,-0.101
20.570,2.989E-3,-9.724E-2
20.587,1.328E-3,-9.458E-2
20.604,9.141E-4,-9.417E-2
20.620,-9.354E-4,-9.398E-2
20.637,-9.383E-4,-9.357E-2
20.654,-3.377E-3,-9.728E-2
20.671,-3.579E-3,-9.769E-2
20.687,-3.579E-3,-9.769E-2
20.704,-3.782E-3,-9.810E-2
20.721,-4.765E-3,-0.104
20.738,-5.370E-3,-0.106
20.754,-5.983E-3,-0.106
20.771,-6.595E-3,-0.107
20.788,-6.793E-3,-0.108
20.805,-5.887E-3,-0.120
20.821,-1.020E-2,-0.120
20.838,-1.166E-2,-0.117
20.855,,
20.872,-1.146E-2,-0.116
20.888,-1.105E-2,-0.115
20.905,-1.003E-2,-0.115
20.922,-7.600E-3,-0.110
20.939,-7.649E-3,-0.103
20.955,-7.262E-3,-9.957E-2
20.972,-5.088E-3,-8.744E-2
20.989,-5.721E-3,-8.498E-2
21.006,-5.490E-3,-8.867E-2
21.022,-6.319E-3,-8.765E-2
21.039,-6.948E-3,-8.581E-2
21.056,-7.146E-3,-8.683E-2
21.073,-7.116E-3,-9.115E-2
21.089,-7.101E-3,-9.320E-2
21.106,-7.081E-3,-9.607E-2
21.123,-7.077E-3,-9.669E-2
21.140,-5.154E-3,-0.107
21.156,-1.498E-2,-0.112
21.173,-1.638E-2,-0.118
21.190,-1.756E-2,-0.124
21.207,-1.899E-2,-0.126
21.223,-2.474E-2,-0.126
21.240,,
21.257,-2.353E-2,-0.123
21.274,-2.190E-2,-0.120
21.290,-2.155E-2,-0.111
21.307,-2.078E-2,-0.104
21.324,-1.899E-2,-9.657E-2
21.341,-1.797E-2,-9.553E-2
21.357,,
21.374,-2.985E-2,-0.129
21.391,-8.131E-3,-9.280E-2
21.408,-1.003E-2,-8.501E-2
21.424,-1.010E-2,-7.556E-2
21.441,-1.133E-2,-7.577E-2
21.458,-1.517E-2,-7.377E-2
21.475,-1.679E-2,-7.600E-2
21.491,-1.770E-2,-8.195E-2
21.508,-1.774E-2,-8.912E-2
21.525,-1.811E-2,-0.105
21.542,-1.560E-2,-0.111
21.558,-1.457E-2,-0.111
21.575,-1.476E-2,-0.114
21.592,-2.560E-2,-0.117
21.609,-2.686E-2,-0.114
21.625,-2.721E-2,-0.112
21.642,2.001E-2,-0.109
21.659,1.988E-2,-0.109
21.676,2.178E-2,-0.110
21.692,-1.525E-2,-9.529E-2
21.709,-1.842E-2,-8.562E-2
21.726,-1.462E-2,-8.011E-2
21.743,-2.134E-2,-7.527E-2
21.759,-1.996E-2,-7.484E-2
21.776,-2.253E-2,-7.467E-2
21.793,-2.726E-2,-7.558E-2
21.810,-2.881E-2,-7.941E-2
21.826,-3.068E-2,-8.626E-2
21.843,-2.735E-2,-9.172E-2
21.860,1.882E-2,-0.113
21.877,-2.455E-2,-9.920E-2
21.893,1.920E-2,-0.112
21.910,-2.344E-2,-0.126
21.927,-2.364E-2,-0.132
21.944,-2.468E-2,-0.137
21.960,-2.583E-2,-0.139
21.977,,
21.994,,
22.011,-2.826E-2,-0.133
22.027,,
22.044,-2.427E-2,-0.126
22.061,-2.183E-2,-0.122
22.078,-2.131E-2,-0.118
22.094,-1.444E-2,-0.106
22.111,-1.062E-2,-0.103
22.128,-9.391E-3,-9.562E-2
22.145,-3.008E-3,-9.283E-2
22.161,-5.607E-3,-8.736E-2
22.178,-4.356E-3,-8.315E-2
22.195,-7.282E-3,-8.335E-2
22.212,-5.275E-3,-8.260E-2
22.228,-8.219E-3,-8.453E-2
22.245,,
22.262,-6.129E-3,-9.121E-2
22.279,-4.638E-3,-9.522E-2
22.295,-7.843E-3,-0.105
22.312,-6.951E-3,-0.111
22.329,-6.800E-3,-0.121
22.346,-7.286E-3,-0.124
22.362,-7.612E-3,-0.127
22.379,2.966E-2,-0.111
22.396,-8.924E-3,-0.128
22.413,-9.472E-3,-0.128
22.429,2.604E-2,-0.104
22.446,-9.511E-3,-0.122
22.463,-9.232E-3,-0.118
22.480,-7.973E-3,-0.115
22.496,-6.870E-3,-0.112
22.513,-2.717E-3,-0.108
22.530,-2.742E-3,-0.105
22.547,-4.257E-3,-9.741E-2
22.563,-1.349E-3,-9.465E-2
22.580,6.477E-4,-9.244E-2
22.597,6.401E-4,-9.134E-2
22.614,-2.823E-3,-9.320E-2
22.630,-1.899E-3,-9.447E-2
22.647,-2.426E-3,-9.758E-2
22.664,-4.229E-3,-0.101
22.681,-4.199E-3,-0.106
22.697,-8.378E-3,-0.110
22.714,-3.960E-3,-0.114
22.731,-1.933E-3,-0.116
22.748,-3.010E-3,-0.119
22.764,-4.471E-3,-0.119
22.781,-7.034E-3,-0.119
22.798,-8.138E-3,-0.118
22.815,-1.123E-2,-0.120
22.831,-6.533E-3,-0.112
22.848,-5.787E-3,-0.114
22.865,-6.016E-3,-0.107
22.882,-5.491E-3,-0.104
22.898,-6.410E-3,-0.103
22.915,-6.060E-3,-0.101
22.932,-5.558E-3,-9.450E-2
22.949,-5.752E-3,-9.285E-2
22.965,-5.413E-3,-8.901E-2
22.982,-5.633E-3,-8.370E-2
22.999,-5.632E-3,-8.389E-2
23.016,-5.632E-3,-8.389E-2
23.032,-4.381E-3,-7.967E-2
23.049,-4.557E-3,-8.059E-2
23.066,2.588E-2,-0.104
23.083,2.626E-2,-0.104
23.099,-4.557E-3,-8.059E-2
23.116,-4.529E-3,-8.461E-2
23.133,-4.529E-3,-8.461E-2
23.150,3.506E-3,-0.101
23.166,4.204E-3,-0.104
23.183,4.383E-3,-0.106
23.200,-4.708E-3,-8.516E-2
23.217,4.722E-3,-0.110
23.233,4.867E-3,-0.112
23.250,4.990E-3,-0.113
23.267,4.932E-3,-0.113
23.284,4.848E-3,-0.114
23.300,5.090E-3,-0.114
23.317,5.118E-3,-0.113
23.334,5.472E-3,-0.112
23.351,5.554E-3,-0.112
23.367,5.451E-3,-0.111
23.384,5.073E-3,-0.110
23.401,5.151E-3,-0.109
23.418,5.865E-3,-0.108
23.434,4.957E-3,-0.107
23.451,6.780E-3,-0.106
23.468,5.115E-3,-0.103
23.485,5.475E-3,-0.103
23.501,4.925E-3,-0.102
23.518,4.383E-3,-0.103
23.535,3.095E-3,-0.102
23.552,1.030E-3,-0.104
23.568,1.008E-4,-0.105
23.585,-1.181E-3,-0.106
23.602,-2.938E-3,-0.108
23.619,-4.518E-3,-0.110
23.635,-5.962E-3,-0.114
23.652,-6.925E-3,-0.117
23.669,-8.687E-3,-0.120
23.686,-1.058E-2,-0.121
23.702,-1.257E-2,-0.122
23.719,-1.439E-2,-0.121
23.736,-1.590E-2,-0.120
23.753,-1.691E-2,-0.116
23.769,-1.771E-2,-0.113
23.786,-1.843E-2,-0.108
23.803,-1.733E-2,-0.104
23.820,-1.448E-2,-0.101
23.836,-1.908E-2,-9.624E-2
23.853,-1.616E-2,-9.585E-2
23.870,-1.358E-2,-8.057E-2
23.887,-1.507E-2,-9.511E-2
23.903,-1.428E-2,-7.663E-2
23.920,-1.938E-2,-7.923E-2
23.937,-1.622E-2,-8.689E-2
23.954,-1.771E-2,-8.251E-2
23.970,-1.674E-2,-9.055E-2
23.987,-1.632E-2,-9.878E-2
24.004,-1.776E-2,-0.103
24.021,-1.825E-2,-0.111
24.037,-1.804E-2,-0.115
24.054,-2.185E-2,-0.118
24.071,-1.857E-2,-0.118
24.088,-2.081E-2,-0.110
24.105,-2.349E-2,-0.120
24.121,-2.590E-2,-0.115
24.138,-2.317E-2,-0.113
24.155,-1.995E-2,-0.103
24.172,-1.617E-2,-9.457E-2
24.188,-1.327E-2,-8.961E-2
24.205,-1.148E-2,-8.484E-2
24.222,-1.078E-2,-7.990E-2
24.239,-1.283E-2,-7.479E-2
24.255,-1.309E-2,-7.140E-2
24.272,-1.615E-2,-7.097E-2
24.289,-1.632E-2,-7.207E-2
24.306,-1.835E-2,-7.080E-2
24.322,-1.980E-2,-6.871E-2
24.339,-2.119E-2,-7.017E-2
24.356,-2.223E-2,-7.240E-2
24.373,2.389E-2,-0.107
24.389,2.771E-2,-0.108
24.406,-1.712E-2,-8.872E-2
24.423,-1.655E-2,-9.183E-2
24.440,-1.740E-2,-0.101
24.456,-1.648E-2,-0.102
24.473,-1.550E-2,-0.111
24.490,-1.528E-2,-0.116
24.507,-1.307E-2,-0.119
24.523,-1.068E-2,-0.130
24.540,-1.006E-2,-0.131
24.557,-1.060E-2,-0.132
24.574,-1.134E-2,-0.131
24.590,-1.134E-2,-0.131
24.607,-1.190E-2,-0.130
24.624,-1.081E-2,-0.128
24.641,-1.156E-2,-0.125
24.657,-1.139E-2,-0.124
24.674,-1.104E-2,-0.122
24.691,-1.049E-2,-0.121
24.708,-9.586E-3,-0.120
24.724,-1.294E-2,-0.111
24.741,-9.110E-3,-0.110
24.758,-1.041E-2,-0.107
24.775,-8.591E-3,-0.105
24.791,-8.070E-3,-0.101
24.808,-6.997E-3,-9.798E-2
24.825,-6.576E-3,-9.833E-2
24.842,-6.974E-3,-9.659E-2
24.858,-9.222E-3,-9.361E-2
24.875,-8.967E-3,-9.723E-2
24.892,-1.042E-2,-9.937E-2
24.909,-9.710E-3,-0.102
24.925,-8.754E-3,-0.108
24.942,-1.074E-2,-0.112
24.959,-1.199E-2,-0.116
24.976,-1.526E-2,-0.120
24.992,-2.019E-2,-0.121
25.009,-2.055E-2,-0.122
25.026,-2.073E-2,-0.122
25.043,-2.018E-2,-0.122
25.059,-2.018E-2,-0.122
25.076,-3.171E-2,-0.122
25.093,-3.171E-2,-0.121
25.110,-3.156E-2,-0.117
25.126,-3.121E-2,-0.114
25.143,-2.726E-2,-0.104
25.160,-2.402E-2,-9.627E-2
25.177,-2.433E-2,-9.003E-2
25.193,-2.296E-2,-8.467E-2
25.210,-2.185E-2,-7.813E-2
25.227,-2.200E-2,-7.193E-2
25.244,2.340E-2,-0.107
25.260,-2.440E-2,-6.755E-2
25.277,2.721E-2,-0.104
25.294,-2.714E-2,-6.867E-2
25.311,-2.842E-2,-6.904E-2
25.327,-2.874E-2,-7.563E-2
25.344,-2.926E-2,-8.003E-2
25.361,-2.942E-2,-8.332E-2
25.378,-2.899E-2,-9.155E-2
25.394,-2.931E-2,-9.923E-2
25.411,-2.653E-2,-0.103
25.428,-2.285E-2,-0.107
25.445,-2.114E-2,-0.115
25.461,-2.055E-2,-0.122
25.478,-1.905E-2,-0.127
25.495,2.682E-2,-0.104
25.512,-2.104E-2,-0.130
25.528,-2.087E-2,-0.128
25.545,-2.106E-2,-0.127
25.562,-1.945E-2,-0.123
25.579,-1.838E-2,-0.118
25.595,-1.854E-2,-0.111
25.612,-1.824E-2,-0.112
25.629,-1.560E-2,-9.786E-2
25.646,-1.419E-2,-9.017E-2
25.662,-1.043E-2,-8.242E-2
25.679,-9.101E-3,-7.239E-2
25.696,-9.596E-3,-6.544E-2
25.713,-1.077E-2,-6.033E-2
25.729,-1.388E-2,-5.577E-2
25.746,-1.332E-2,-5.650E-2
25.763,-1.625E-2,-5.615E-2
25.780,-1.552E-2,-5.670E-2
25.796,-1.733E-2,-5.964E-2
25.813,-1.585E-2,-6.164E-2
25.830,-1.819E-2,-6.623E-2
25.847,-1.927E-2,-6.971E-2
25.863,-1.595E-2,-7.262E-2
25.880,-2.149E-2,-6.515E-2
25.897,-1.554E-2,-8.287E-2
25.914,-1.494E-2,-8.805E-2
25.930,-1.395E-2,-9.340E-2
25.947,-1.264E-2,-9.873E-2
25.964,-1.280E-2,-0.105
25.981,-8.188E-3,-0.111
25.997,-1.033E-2,-0.119
26.014,-6.654E-3,-0.121
26.031,-5.356E-3,-0.123
26.048,-4.230E-3,-0.127
26.064,-5.709E-3,-0.126
26.081,-3.865E-3,-0.125
26.098,-2.807E-3,-0.122
26.115,-1.911E-3,-0.118
26.131,-1.388E-3,-0.115
26.148,-3.208E-4,-0.111
26.165,1.108E-3,-0.106
26.182,2.352E-3,-0.101
26.198,5.069E-3,-9.218E-2
26.215,5.514E-3,-8.703E-2
26.232,5.600E-3,-8.160E-2
26.249,5.456E-3,-7.666E-2
26.265,4.613E-3,-7.217E-2
26.282,3.556E-3,-6.889E-2
26.299,2.036E-3,-6.593E-2
26.316,8.542E-4,-6.476E-2
26.332,-7.460E-4,-6.383E-2
26.349,-2.010E-3,-6.373E-2
26.366,-4.237E-3,-6.300E-2
26.383,-5.278E-3,-6.630E-2
26.399,-5.007E-3,-6.852E-2
26.416,-4.806E-3,-7.107E-2
26.433,-6.423E-3,-7.529E-2
26.450,-8.444E-3,-7.403E-2
26.466,-6.395E-3,-7.932E-2
26.483,-6.901E-3,-8.554E-2
26.500,-3.962E-3,-8.717E-2
26.517,-4.291E-3,-9.247E-2
26.533,-3.325E-3,-9.978E-2
26.550,-3.146E-3,-9.923E-2
26.567,-2.750E-3,-0.104
26.584,-5.137E-3,-0.102
26.600,-3.616E-3,-0.111
26.617,-4.151E-3,-0.113
26.634,-5.150E-3,-0.110
26.651,-4.348E-3,-0.111
26.667,-6.721E-3,-0.111
26.684,-7.464E-3,-0.110
26.701,-8.577E-3,-0.108
26.718,-1.117E-2,-0.103
26.734,-9.025E-3,-9.562E-2
26.751,-1.199E-2,-9.052E-2
26.768,-1.149E-2,-8.356E-2
26.785,-1.149E-2,-8.338E-2
26.801,-1.563E-2,-7.042E-2
26.818,-1.768E-2,-6.489E-2
26.835,-1.149E-2,-8.338E-2
26.852,-1.863E-2,-5.672E-2
26.868,-2.249E-2,-5.291E-2
26.885,-2.232E-2,-5.126E-2
26.902,-2.196E-2,-5.052E-2
26.919,-2.215E-2,-4.979E-2
26.935,-2.636E-2,-4.909E-2
26.952,-2.636E-2,-4.927E-2
26.969,-2.724E-2,-5.458E-2
26.986,-2.702E-2,-5.934E-2
27.002,-2.738E-2,-6.007E-2
27.019,-2.680E-2,-6.519E-2
27.036,-2.512E-2,-7.048E-2
27.053,,
27.069,-2.271E-2,-7.504E-2
27.086,-2.084E-2,-7.978E-2
27.103,-1.916E-2,-8.471E-2
27.120,-2.069E-2,-0.102
27.136,-2.101E-2,-0.108
27.153,,
27.170,-1.938E-2,-0.106
27.187,-1.639E-2,-0.115
27.203,-1.639E-2,-0.115
27.220,-2.154E-2,-0.111
27.237,-2.027E-2,-0.109
27.254,-1.902E-2,-0.105
27.270,-1.741E-2,-0.101
27.287,-1.724E-2,-9.824E-2
27.304,-1.671E-2,-9.585E-2
27.321,-1.477E-2,-8.523E-2
27.337,-1.259E-2,-8.265E-2
27.354,-1.077E-2,-8.099E-2
27.371,-9.119E-3,-8.226E-2
27.388,-9.119E-3,-8.226E-2
27.404,-9.471E-3,-8.428E-2
27.421,-1.019E-2,-8.648E-2
27.438,,
27.455,-1.037E-2,-8.703E-2
27.471,-9.427E-3,-9.050E-2
27.488,-9.041E-3,-9.342E-2
27.505,-9.207E-3,-9.580E-2
27.522,-1.008E-2,-0.102
27.538,-9.065E-3,-0.116
27.555,,
27.572,-3.573E-3,-0.117
27.589,-2.302E-3,-0.115
27.605,-1.717E-3,-0.121
27.622,-2.630E-3,-0.121
27.639,-7.326E-4,-0.104
27.656,-1.275E-3,-0.105
27.672,-9.143E-4,-0.105
27.689,-9.143E-4,-0.105
27.706,-7.722E-4,-9.867E-2
27.723,5.603E-3,-9.478E-2
27.739,1.012E-3,-9.225E-2
27.756,9.842E-4,-8.823E-2
27.773,-1.287E-4,-8.604E-2
27.790,7.694E-4,-8.366E-2
27.806,1.105E-3,-7.927E-2
27.823,1.816E-3,-7.633E-2
27.840,1.431E-3,-7.359E-2
27.857,-4.189E-4,-7.068E-2
27.873,-2.232E-4,-7.251E-2
27.890,1.542E-4,-7.415E-2
27.907,3.417E-3,-6.992E-2
27.924,1.591E-3,-7.030E-2
27.940,2.314E-3,-6.999E-2
27.957,9.589E-4,-6.966E-2
27.974,9.778E-4,-7.023E-2
27.991,1.339E-3,-7.142E-2
28.007,2.724E-3,-7.541E-2
28.024,1.111E-3,-8.018E-2
28.041,2.021E-3,-7.848E-2
28.058,1.928E-3,-8.141E-2
28.074,2.590E-3,-8.473E-2
28.091,3.262E-3,-8.731E-2
28.108,4.508E-3,-9.516E-2
28.125,9.009E-4,-0.102
28.141,-3.361E-4,-0.109
28.158,-8.517E-4,-0.113
28.175,-6.266E-4,-0.120
28.192,-4.144E-4,-0.124
28.208,-3.949E-3,-0.115
28.225,-3.038E-3,-0.115
28.242,-1.376E-3,-0.117
28.259,-1.388E-3,-0.115
28.275,-1.751E-3,-0.116
28.292,-1.942E-3,-0.115
28.309,-1.601E-3,-0.111
28.326,1.054E-5,-0.106
28.342,9.009E-4,-0.102
28.359,1.242E-3,-9.902E-2
28.376,-2.636E-3,-9.374E-2
28.393,-2.643E-4,-9.281E-2
28.409,-2.656E-4,-9.263E-2
28.426,-2.707E-4,-9.190E-2
28.443,-4.715E-4,-8.934E-2
28.460,-1.095E-4,-8.879E-2
28.476,3.383E-3,-9.114E-2
28.493,3.374E-3,-8.986E-2
28.510,3.372E-3,-8.968E-2
28.527,3.546E-3,-8.840E-2
28.543,3.523E-3,-8.510E-2
28.560,3.507E-3,-8.272E-2
28.577,3.507E-3,-8.272E-2
28.594,3.507E-3,-8.272E-2
28.610,9.638E-4,-8.530E-2
28.627,7.847E-4,-8.585E-2
28.644,1.358E-3,-8.932E-2
28.661,1.551E-3,-9.079E-2
28.677,1.745E-3,-9.243E-2
28.694,1.566E-3,-9.298E-2
28.711,2.890E-3,-9.919E-2
28.728,3.077E-3,-9.974E-2
28.744,3.262E-3,-0.100
28.761,3.445E-3,-0.100
28.778,5.140E-3,-0.107
28.795,5.157E-3,-0.109
28.811,,
28.828,5.337E-3,-0.109
28.845,5.338E-3,-0.109
28.862,4.797E-3,-0.110
28.878,5.746E-4,-0.108
28.895,2.561E-3,-0.104
28.912,2.928E-3,-0.105
28.929,4.022E-3,-0.104
28.946,2.161E-3,-9.956E-2
28.962,3.063E-3,-9.773E-2
28.979,3.784E-3,-9.626E-2
28.996,3.801E-3,-9.864E-2
29.013,2.152E-3,-9.828E-2
29.029,1.048E-3,-9.738E-2
29.046,1.743E-3,-9.598E-2
29.063,1.406E-3,-9.628E-2
29.080,2.011E-2,-0.108
29.096,4.789E-4,-9.445E-2
29.113,2.998E-4,-9.500E-2
29.130,-2.465E-4,-9.537E-2
29.147,3.125E-4,-9.683E-2
29.163,-4.077E-4,-9.848E-2
29.180,-3.860E-4,-0.102
29.197,-9.508E-7,-0.104
29.214,-6.982E-4,-0.109
29.230,-1.036E-3,-0.113
29.247,-1.919E-3,-0.118
29.264,-3.174E-3,-0.122
29.281,-3.525E-3,-0.124
29.297,-3.186E-3,-0.120
29.314,-1.741E-3,-0.117
29.331,4.313E-4,-0.114
29.348,-8.670E-4,-0.111
29.364,-1.624E-3,-0.108
29.381,-2.201E-3,-0.104
29.398,-2.965E-3,-9.905E-2
29.415,-2.998E-3,-9.429E-2
29.431,-5.929E-3,-9.377E-2
29.448,-6.486E-3,-9.249E-2
29.465,-2.482E-3,-8.953E-2
29.482,-3.332E-3,-8.807E-2
29.498,-4.898E-3,-8.612E-2
29.515,-6.715E-3,-8.591E-2
29.532,-7.081E-3,-8.522E-2
29.549,-6.715E-3,-8.591E-2
29.565,-8.458E-3,-8.672E-2
29.582,-7.979E-3,-8.829E-2
29.599,-8.502E-3,-9.195E-2
29.616,-9.507E-3,-9.188E-2
29.632,-1.020E-2,-9.444E-2
29.649,-9.184E-3,-9.909E-2
29.666,-9.165E-3,-0.102
29.683,-8.781E-3,-0.104
29.699,-8.770E-3,-0.106
29.716,-1.037E-2,-0.113
29.733,-1.032E-2,-0.119
29.750,-1.193E-2,-0.125
29.766,-7.128E-3,-7.751E-2
29.783,-1.209E-2,-0.129
29.800,-1.080E-2,-0.130
29.817,-1.163E-2,-0.129
29.833,-1.157E-2,-0.124
29.850,-1.288E-2,-0.120
29.867,-1.181E-2,-0.116
29.884,-1.461E-2,-0.114
29.900,-1.510E-2,-0.109
29.917,-1.443E-2,-0.107
29.934,2.028E-2,-0.109
29.951,-1.470E-2,-9.456E-2
29.967,-1.824E-2,-8.599E-2
29.984,-1.955E-2,-8.124E-2
30.001,-2.141E-2,-7.759E-2
30.018,-1.941E-2,-7.520E-2
30.034,-2.199E-2,-7.321E-2
30.051,-2.475E-2,-7.067E-2
30.068,-2.474E-2,-7.176E-2
30.085,1.869E-2,-0.116
30.101,-3.349E-2,-7.621E-2
30.118,-3.310E-2,-8.005E-2
30.135,-3.399E-2,-8.353E-2
30.152,-3.505E-2,-8.848E-2
30.168,-3.349E-2,-0.103
30.185,-3.106E-2,-0.109
30.202,-2.790E-2,-0.118
30.219,-2.985E-2,-0.126
30.235,-2.909E-2,-0.130
30.252,-2.977E-2,-0.137
30.269,-3.145E-2,-0.133
30.286,-3.235E-2,-0.134
30.302,-3.259E-2,-0.127
30.319,2.158E-2,-0.104
30.336,2.669E-2,-0.105
30.353,-3.029E-2,-0.116
30.369,-2.907E-2,-0.107
30.386,-7.218E-3,-7.780E-2
30.403,-2.603E-2,-9.720E-2
30.420,-2.319E-2,-8.456E-2
30.436,-2.285E-2,-8.071E-2
30.453,-2.233E-2,-7.595E-2
30.470,-1.981E-2,-7.100E-2
30.487,-1.267E-2,-7.150E-2
30.503,-1.381E-2,-6.602E-2
30.520,-1.307E-2,-6.638E-2
30.537,-1.435E-2,-6.675E-2
30.554,-1.379E-2,-6.766E-2
30.570,1.770E-2,-0.107
30.587,-1.341E-2,-6.985E-2
30.604,-1.431E-2,-7.279E-2
30.621,-1.425E-2,-8.047E-2
30.637,-1.312E-2,-8.577E-2
30.654,-1.181E-2,-8.923E-2
30.671,3.268E-2,-0.104
30.688,-1.049E-2,-9.526E-2
30.704,1.903E-2,-0.108
30.721,2.575E-2,-0.114
30.738,2.577E-2,-0.114
30.755,-9.708E-4,-0.123
30.771,1.045E-3,-0.123
30.788,5.207E-4,-0.127
30.805,3.582E-4,-0.130
30.822,-7.746E-4,-0.128
30.838,-1.561E-3,-0.128
30.855,-2.211E-3,-0.127
30.872,-7.329E-4,-0.130
30.889,-4.460E-3,-0.121
30.905,-4.111E-3,-0.118
30.922,-4.312E-3,-0.116
30.939,-4.323E-3,-0.114
30.956,-4.352E-3,-0.110
30.972,-7.053E-3,-0.116
30.989,-7.053E-3,-0.116
31.006,-7.464E-3,-0.110
31.023,-6.769E-3,-0.104
31.039,-4.612E-3,-9.888E-2
31.056,-4.612E-3,-9.888E-2
31.073,-4.442E-3,-9.705E-2
31.090,-3.910E-3,-9.467E-2
31.106,-3.398E-3,-8.936E-2
31.123,-3.801E-3,-8.406E-2
31.140,-3.996E-3,-8.241E-2
31.157,-3.839E-3,-7.857E-2
31.173,-1.369E-2,-5.614E-2
31.190,-1.385E-2,-5.961E-2
31.207,-1.513E-2,-5.926E-2
31.224,-1.550E-2,-5.926E-2
31.240,-1.822E-2,-6.239E-2
31.257,-1.875E-2,-6.568E-2
31.274,-1.892E-2,-6.660E-2
31.291,-1.997E-2,-7.447E-2
31.307,-1.959E-2,-7.648E-2
31.324,-1.827E-2,-8.141E-2
31.341,-1.825E-2,-8.507E-2
31.358,-1.749E-2,-8.818E-2
31.374,-1.654E-2,-9.311E-2
31.391,-2.423E-2,-0.119
31.408,-2.460E-2,-0.118
31.425,,
31.441,-6.502E-3,-9.029E-2
31.458,-3.194E-2,-0.115
31.475,-3.197E-2,-0.110
31.492,-3.219E-2,-0.106
31.508,-3.185E-2,-0.101
31.525,,
31.542,-3.151E-2,-9.852E-2
31.559,-2.605E-2,-6.756E-2
31.575,-2.644E-2,-6.464E-2
31.592,-2.644E-2,-6.464E-2
31.609,-2.974E-2,-6.302E-2
31.626,-2.933E-2,-6.923E-2
31.642,-3.297E-2,-7.255E-2
31.659,-3.422E-2,-7.659E-2
31.676,-3.418E-2,-8.189E-2
31.693,-3.413E-2,-8.976E-2
31.709,-3.446E-2,-9.451E-2
31.726,-3.426E-2,-9.707E-2
31.743,-3.384E-2,-0.105
31.760,-3.251E-2,-0.111
31.776,-3.486E-2,-0.116
31.793,-2.948E-2,-0.127
31.810,-3.090E-2,-0.133
31.827,-3.581E-2,-0.137
31.843,-3.581E-2,-0.137
31.860,-3.047E-2,-0.116
31.877,-3.029E-2,-0.115
31.894,-2.994E-2,-0.113
31.910,-2.997E-2,-0.109
31.927,-3.091E-2,-0.106
31.944,-2.931E-2,-9.869E-2
31.961,-2.534E-2,-9.024E-2
31.977,-2.285E-2,-8.016E-2
31.994,-2.268E-2,-7.888E-2
32.011,-2.177E-2,-7.741E-2
32.028,-2.109E-2,-7.119E-2
32.044,-1.856E-2,-6.568E-2
32.061,-1.219E-2,-6.088E-2
32.078,,
32.095,-1.312E-2,-5.906E-2
32.111,-1.513E-2,-5.962E-2
32.128,-2.006E-2,-6.149E-2
32.145,-2.149E-2,-6.607E-2
32.162,-2.311E-2,-6.956E-2
32.178,-2.292E-2,-7.065E-2
32.195,-2.289E-2,-7.486E-2
32.212,-2.324E-2,-7.687E-2
32.229,-1.970E-2,-8.618E-2
32.245,-1.710E-2,-9.238E-2
32.262,-1.505E-2,-9.712E-2
32.279,-1.320E-2,-0.101
32.296,-1.024E-2,-0.105
32.312,-1.003E-2,-0.109
32.329,-1.181E-2,-0.115
32.346,-1.105E-2,-0.120
32.363,-1.211E-2,-0.125
32.379,-1.540E-2,-0.126
32.396,-1.631E-2,-0.127
32.413,-1.650E-2,-0.126
32.430,-1.743E-2,-0.124
32.446,-1.871E-2,-0.123
32.463,-2.125E-2,-0.126
32.480,-2.054E-2,-0.123
32.497,-2.040E-2,-0.118
32.513,-2.039E-2,-0.118
32.530,-1.969E-2,-0.113
32.547,-1.720E-2,-0.104
32.564,-1.538E-2,-0.102
32.580,-1.429E-2,-0.101
32.597,-1.411E-2,-0.101
32.614,-1.105E-2,-9.380E-2
32.631,-7.155E-3,-7.530E-2
32.647,-6.233E-3,-7.639E-2
32.664,-6.785E-3,-7.584E-2
32.681,-6.439E-3,-7.310E-2
32.698,-6.262E-3,-7.218E-2
32.714,-5.912E-3,-6.998E-2
32.731,-5.564E-3,-6.742E-2
32.748,-5.954E-3,-6.395E-2
32.765,-6.322E-3,-6.359E-2
32.781,-4.982E-3,-7.217E-2
32.798,-5.171E-3,-7.126E-2
32.815,-5.130E-3,-7.711E-2
32.832,-5.305E-3,-7.821E-2
32.848,-5.103E-3,-8.096E-2
32.865,-4.908E-3,-8.278E-2
32.882,-2.848E-3,-8.954E-2
32.899,3.238E-3,-9.663E-2
32.915,1.947E-3,-9.517E-2
32.932,3.993E-3,-9.992E-2
32.949,3.993E-3,-9.992E-2
32.966,4.020E-3,-0.104
32.982,4.217E-3,-0.106
32.999,4.965E-3,-0.108
33.016,4.987E-3,-0.111
33.033,4.462E-3,-0.115
33.049,5.159E-3,-0.110
33.066,5.342E-3,-0.110
33.083,5.520E-3,-0.109
33.100,5.689E-3,-0.107
33.116,6.047E-3,-0.106
33.133,6.403E-3,-0.104
33.150,6.573E-3,-0.103
33.167,5.823E-3,-0.100
33.183,5.093E-3,-0.100
33.200,4.909E-3,-0.100
33.217,4.353E-3,-9.918E-2
33.234,4.353E-3,-9.918E-2
33.250,4.171E-3,-9.918E-2
33.267,1.242E-3,-9.902E-2
33.284,-4.038E-4,-9.903E-2
33.301,-5.009E-3,-9.449E-2
33.317,,
33.334,-2.534E-2,-0.118
33.351,-2.607E-2,-0.117
33.368,-2.736E-2,-0.116
33.384,-2.001E-2,-9.460E-2
33.401,-1.909E-2,-9.496E-2
33.418,-1.797E-2,-9.897E-2
33.435,-2.541E-2,-0.107
33.451,-2.541E-2,-0.107
33.468,-2.465E-2,-0.111
33.485,-2.679E-2,-0.119
33.502,-2.931E-2,-0.125
33.518,-3.313E-2,-0.129
33.535,-3.640E-2,-0.131
33.552,-3.804E-2,-0.132
33.569,-3.975E-2,-0.122
33.585,-3.976E-2,-0.122
33.602,-3.654E-2,-0.111
33.619,-3.769E-2,-0.103
33.636,-4.087E-2,-9.346E-2
33.652,-3.835E-2,-8.832E-2
33.669,-3.635E-2,-8.593E-2
33.686,-3.362E-2,-8.335E-2
33.703,-2.962E-2,-8.058E-2
33.719,-2.689E-2,-7.818E-2
33.736,-2.794E-2,-5.861E-2
33.753,-2.810E-2,-6.282E-2
33.770,-3.159E-2,-6.047E-2
33.787,-3.248E-2,-6.395E-2
33.803,-3.355E-2,-6.707E-2
33.820,-3.276E-2,-7.603E-2
33.837,-3.255E-2,-7.968E-2
33.854,-3.364E-2,-8.042E-2
33.870,-3.134E-2,-9.559E-2
33.887,-3.239E-2,-0.102
33.904,-3.268E-2,-0.113
33.921,-3.319E-2,-0.119
33.937,-2.768E-2,-0.123
33.954,-2.233E-2,-0.128
33.971,-2.378E-2,-0.131
33.988,,
34.004,-2.468E-2,-0.133
34.021,-1.835E-2,-0.123
34.038,-3.944E-3,-0.116
34.055,-4.501E-3,-0.115
34.071,-5.250E-3,-0.112
34.088,-3.661E-3,-0.104
34.105,-5.132E-3,-0.103
34.122,-5.145E-3,-0.101
34.138,-5.558E-3,-9.450E-2
34.155,-5.936E-3,-9.267E-2
34.172,-6.310E-3,-9.157E-2
34.189,-9.653E-3,-8.428E-2
34.205,-9.659E-3,-8.355E-2
34.222,-1.464E-2,-7.755E-2
34.239,-1.538E-2,-7.664E-2
34.256,-1.538E-2,-7.645E-2
34.272,-1.668E-2,-7.408E-2
34.289,-1.869E-2,-7.410E-2
34.306,-2.033E-2,-7.411E-2
34.323,-2.103E-2,-7.924E-2
34.339,-2.447E-2,-8.457E-2
34.356,-2.557E-2,-8.439E-2
34.373,-2.609E-2,-8.878E-2
34.390,-3.068E-2,-8.571E-2
34.406,-3.172E-2,-9.413E-2
34.423,-2.947E-2,-0.103
34.440,-2.946E-2,-0.103
34.457,-2.742E-2,-0.107
34.473,-2.624E-2,-0.119
34.490,-3.352E-2,-0.125
34.507,-3.333E-2,-0.125
34.524,-3.092E-2,-0.130
34.540,-3.073E-2,-0.131
34.557,-3.313E-2,-0.128
34.574,-3.391E-2,-0.120
34.591,-3.321E-2,-0.116
34.607,-3.396E-2,-0.114
34.624,-3.163E-2,-0.107
34.641,-3.001E-2,-0.104
34.658,-2.912E-2,-9.905E-2
34.674,-2.558E-2,-8.238E-2
34.691,-2.452E-2,-7.725E-2
34.708,-2.435E-2,-7.487E-2
34.725,-2.849E-2,-8.533E-2
34.741,-2.741E-2,-8.257E-2
34.758,-2.885E-2,-6.027E-2
34.775,-2.499E-2,-6.262E-2
34.792,,
34.808,-2.665E-2,-6.098E-2
34.825,-2.678E-2,-6.794E-2
34.842,-2.837E-2,-7.545E-2
34.859,-2.905E-2,-8.295E-2
34.875,-2.992E-2,-9.046E-2
34.892,-2.953E-2,-9.393E-2
34.909,-2.875E-2,-9.978E-2
34.926,-2.487E-2,-0.106
34.942,-2.828E-2,-0.116
34.959,-2.349E-2,-0.119
34.976,-2.127E-2,-0.123
34.993,-1.960E-2,-0.127
35.009,-1.976E-2,-0.130
35.026,-1.372E-2,-0.131
35.043,-1.503E-2,-0.127
35.060,-1.942E-2,-0.126
35.076,-1.942E-2,-0.126
35.093,-2.196E-2,-0.130
35.110,-2.130E-2,-0.120
35.127,,
35.143,-2.505E-2,-8.036E-2
35.160,-2.397E-2,-7.743E-2
35.177,-1.382E-2,-8.980E-2
35.194,-7.796E-3,-8.829E-2
35.210,-7.627E-3,-8.628E-2
35.227,-3.800E-3,-8.424E-2
35.244,-2.899E-3,-8.222E-2
35.261,-4.210E-3,-7.784E-2
35.277,-4.210E-3,-7.784E-2
35.294,-5.515E-3,-7.437E-2
35.311,-5.157E-3,-7.309E-2
35.328,-5.292E-3,-7.313E-2
35.344,-6.273E-3,-7.308E-2
35.361,-6.948E-3,-7.294E-2
35.378,-7.393E-3,-7.395E-2
35.395,-8.136E-3,-7.614E-2
35.411,-7.952E-3,-7.839E-2
35.428,-7.939E-3,-8.107E-2
35.445,-7.138E-3,-8.341E-2
35.462,-6.697E-3,-8.847E-2
35.478,-6.659E-3,-9.395E-2
35.495,-6.099E-4,-9.612E-2
35.512,1.124E-3,-9.962E-2
35.529,2.619E-3,-0.103
35.545,3.318E-3,-0.105
35.562,3.945E-3,-0.107
35.579,3.561E-3,-0.107
35.596,2.582E-3,-0.107
35.612,-5.280E-4,-0.107
35.629,4.366E-3,-0.101
35.646,2.345E-3,-9.975E-2
35.663,2.142E-3,-9.682E-2
35.679,1.365E-3,-9.042E-2
35.696,4.176E-4,-8.567E-2
35.713,-4.677E-4,-8.989E-2
35.730,-6.647E-4,-8.788E-2
35.746,-2.338E-3,-8.405E-2
35.763,-2.155E-3,-8.404E-2
35.780,-3.205E-4,-8.476E-2
35.797,-3.337E-3,-7.198E-2
35.813,-8.297E-3,-6.890E-2
35.830,-6.283E-3,-6.926E-2
35.847,-9.756E-3,-6.965E-2
35.864,-9.383E-3,-7.056E-2
35.880,-9.736E-3,-7.239E-2
35.897,-1.008E-2,-7.568E-2
35.914,-9.873E-3,-7.898E-2
35.931,-1.278E-2,-8.174E-2
35.947,-1.200E-2,-8.905E-2
35.964,-1.195E-2,-9.600E-2
35.981,-9.375E-3,-9.800E-2
35.998,-9.885E-3,-0.103
36.014,-9.484E-3,-0.109
36.031,-9.287E-3,-0.111
36.048,-1.075E-2,-0.111
36.065,-9.993E-3,-0.114
36.081,-1.215E-2,-0.120
36.098,-1.196E-2,-0.120
36.115,-1.212E-2,-0.124
36.132,-1.468E-2,-0.125
36.148,-1.742E-2,-0.124
36.165,-2.253E-2,-0.126
36.182,-1.468E-2,-0.123
36.199,-1.220E-2,-0.113
36.215,-1.456E-2,-0.115
36.232,-7.402E-3,-9.231E-2
36.249,-6.864E-3,-9.085E-2
36.266,-3.614E-3,-8.460E-2
36.282,-4.352E-3,-8.369E-2
36.299,-3.451E-3,-8.186E-2
36.316,-3.837E-3,-7.893E-2
36.333,-5.482E-3,-7.913E-2
36.349,-4.940E-3,-7.821E-2
36.366,-6.395E-3,-7.932E-2
36.383,-8.016E-3,-8.299E-2
36.400,-7.637E-3,-8.481E-2
36.416,-7.810E-3,-8.628E-2
36.433,-6.315E-3,-9.084E-2
36.450,-7.196E-3,-9.560E-2
36.467,-7.363E-3,-9.798E-2
36.483,-7.565E-3,-9.524E-2
36.500,-7.902E-3,-9.927E-2
36.517,-7.882E-3,-0.102
36.534,-6.059E-3,-0.101
36.550,-7.853E-3,-0.106
36.567,-6.000E-3,-0.110
36.584,-5.791E-3,-0.114
36.601,-5.937E-3,-0.119
36.617,-7.938E-3,-0.120
36.634,-8.476E-3,-0.122
36.651,-9.952E-3,-0.120
36.668,-1.289E-2,-0.119
36.684,-1.418E-2,-0.117
36.701,-1.549E-2,-0.112
36.718,-1.587E-2,-0.110
36.735,-1.791E-2,-0.107
36.751,-1.723E-2,-9.970E-2
36.768,-1.779E-2,-9.732E-2
36.785,-1.837E-2,-9.404E-2
36.802,-1.929E-2,-9.258E-2
36.818,-1.915E-2,-8.691E-2
36.835,-1.934E-2,-8.599E-2
36.852,-2.159E-2,-7.723E-2
36.869,-2.843E-2,-6.813E-2
36.885,-2.697E-2,-6.739E-2
36.902,-2.720E-2,-6.044E-2
36.919,-2.739E-2,-5.952E-2
36.936,-3.084E-2,-6.229E-2
36.952,-3.296E-2,-7.328E-2
36.969,-3.475E-2,-7.860E-2
36.986,-3.653E-2,-8.593E-2
37.003,,
37.019,-8.192E-3,-0.110
37.036,-3.054E-2,-0.106
37.053,-3.072E-2,-0.106
37.070,-2.979E-2,-0.109
37.086,-2.940E-2,-0.113
37.103,-2.901E-2,-0.116
37.120,-2.759E-2,-0.136
37.137,-3.176E-2,-0.141
37.153,-3.230E-2,-0.142
37.170,-3.910E-2,-0.137
37.187,-4.034E-2,-0.143
37.204,-3.912E-2,-0.134
37.220,-3.846E-2,-0.124
37.237,-3.795E-2,-0.119
37.254,-3.708E-2,-0.112
37.271,-3.650E-2,-0.117
37.287,-2.312E-2,-9.498E-2
37.304,-2.349E-2,-9.389E-2
37.321,-2.313E-2,-9.279E-2
37.338,-2.223E-2,-9.077E-2
37.354,-1.607E-2,-8.195E-2
37.371,-1.572E-2,-7.993E-2
37.388,-1.707E-2,-6.951E-2
37.405,,
37.421,-1.635E-2,-6.878E-2
37.438,-1.475E-2,-6.200E-2
37.455,-1.722E-2,-7.464E-2
37.472,-1.685E-2,-7.482E-2
37.488,-1.756E-2,-7.812E-2
37.505,-1.844E-2,-8.379E-2
37.522,-1.842E-2,-8.617E-2
37.539,-1.858E-2,-8.983E-2
37.555,-1.781E-2,-9.495E-2
37.572,-1.796E-2,-9.989E-2
37.589,-1.646E-2,-0.105
37.606,-1.606E-2,-0.110
37.622,-1.512E-2,-0.114
37.639,-1.492E-2,-0.116
37.656,,
37.673,-1.492E-2,-0.116
37.689,-5.580E-3,-0.118
37.706,-1.517E-3,-0.123
37.723,-3.165E-3,-0.123
37.740,-1.885E-3,-0.123
37.756,-7.662E-3,-0.107
37.773,-8.563E-3,-0.110
37.790,-1.738E-3,-0.118
37.807,-2.093E-3,-0.119
37.823,-2.453E-3,-0.120
37.840,-2.996E-3,-0.121
37.857,-4.350E-3,-0.110
37.874,-3.804E-3,-0.110
37.890,7.307E-4,-0.104
37.907,1.264E-3,-0.102
37.924,2.161E-3,-9.956E-2
37.941,2.341E-3,-9.920E-2
37.957,2.879E-3,-9.755E-2
37.974,3.235E-3,-9.626E-2
37.991,3.233E-3,-9.590E-2
38.008,5.098E-4,-7.268E-2
38.024,-1.327E-3,-7.160E-2
38.041,-2.372E-4,-7.049E-2
38.058,1.465E-4,-7.305E-2
38.075,-2.181E-4,-7.324E-2
38.091,-2.594E-3,-7.362E-2
38.108,-2.759E-3,-7.618E-2
38.125,2.912E-3,-0.102
38.142,,
38.158,-5.124E-4,-8.348E-2
38.175,-5.124E-4,-8.348E-2
38.192,-1.770E-3,-8.679E-2
38.209,7.598E-5,-8.915E-2
38.225,-2.988E-4,-8.787E-2
38.242,-1.378E-3,-9.044E-2
38.259,-4.446E-3,-9.650E-2
38.276,2.533E-3,-0.100
38.292,,
38.309,1.647E-3,-0.105
38.326,-1.211E-2,-9.948E-2
38.343,-1.193E-2,-9.948E-2
38.359,-1.283E-2,-0.101
38.376,-1.430E-2,-0.100
38.393,-1.484E-2,-0.101
38.410,-1.466E-2,-0.101
38.426,-1.618E-2,-9.256E-2
38.443,-1.547E-2,-8.999E-2
38.460,-1.641E-2,-8.634E-2
38.477,-1.679E-2,-8.341E-2
38.493,-1.736E-2,-8.049E-2
38.510,-1.647E-2,-7.811E-2
38.527,,
38.544,-1.614E-2,-7.189E-2
38.561,-1.633E-2,-7.170E-2
38.577,-1.674E-2,-6.549E-2
38.594,-1.876E-2,-6.422E-2
38.611,-2.169E-2,-6.351E-2
38.628,-2.169E-2,-6.369E-2
38.644,-2.294E-2,-6.736E-2
38.661,-2.110E-2,-6.918E-2
38.678,-1.869E-2,-7.428E-2
38.695,-1.882E-2,-8.142E-2
38.711,-1.950E-2,-8.874E-2
38.728,-1.911E-2,-9.166E-2
38.745,-1.816E-2,-9.806E-2
38.762,-1.680E-2,-0.109
38.778,,
38.795,3.467E-3,-0.103
38.812,-1.446E-2,-0.130
38.829,-1.519E-2,-0.130
38.845,-1.736E-2,-0.133
38.862,-2.229E-2,-0.135
38.879,-1.937E-2,-0.134
38.896,-1.866E-2,-0.130
38.912,-2.051E-2,-0.128
38.929,-2.075E-2,-0.120
38.946,-2.022E-2,-0.117
38.963,-1.879E-2,-0.111
38.979,-1.810E-2,-0.106
38.996,-1.756E-2,-0.105
39.013,-1.468E-2,-9.803E-2
39.030,-1.414E-2,-9.730E-2
39.046,-6.950E-3,-7.841E-2
39.063,-6.407E-3,-7.767E-2
39.080,-4.968E-3,-7.419E-2
39.097,-1.099E-2,-7.642E-2
39.113,-9.707E-3,-7.660E-2
39.130,-1.025E-2,-7.752E-2
39.147,-1.096E-2,-8.063E-2
39.164,-1.239E-2,-8.466E-2
39.180,-1.182E-2,-8.869E-2
39.197,-1.198E-2,-9.180E-2
39.214,-1.047E-2,-9.819E-2
39.231,-1.009E-2,-9.965E-2
39.247,-8.783E-3,-0.104
39.264,-6.371E-3,-0.109
39.281,-3.226E-3,-0.114
39.298,-3.402E-3,-0.115
39.314,-4.824E-3,-0.121
39.331,-4.824E-3,-0.121
39.348,-7.200E-3,-0.121
39.365,-6.659E-3,-0.120
39.381,-7.635E-3,-0.111
39.398,-6.919E-3,-0.109
39.415,-6.041E-3,-0.104
39.432,-5.715E-3,-9.816E-2
39.448,-5.202E-3,-9.303E-2
39.465,-5.395E-3,-9.157E-2
39.482,-5.978E-3,-8.663E-2
39.499,,
39.515,-5.875E-3,-0.128
39.532,-5.765E-3,-9.102E-2
39.549,-5.024E-3,-9.230E-2
39.566,-3.680E-3,-0.101
39.582,-3.673E-3,-0.102
39.599,-3.673E-3,-0.102
39.616,-4.010E-3,-0.107
39.633,-5.059E-3,-0.114
39.649,-5.207E-3,-0.118
39.666,-6.105E-3,-0.121
39.683,-8.976E-3,-0.129
39.700,-9.339E-3,-0.129
39.716,-6.763E-3,-0.131
39.733,-6.589E-3,-0.130
39.750,-1.035E-2,-0.116
39.767,-1.054E-2,-0.114
39.783,-1.038E-2,-0.111
39.800,-1.262E-2,-0.105
39.817,-1.428E-2,-0.103
39.834,-1.501E-2,-0.103
39.850,-1.883E-2,-0.107
39.867,-1.918E-2,-0.108
39.884,-1.791E-2,-0.107
39.901,-1.432E-2,-9.657E-2
39.917,-1.434E-2,-9.401E-2
39.934,-1.400E-2,-8.998E-2
39.951,-1.259E-2,-8.265E-2
39.968,-9.835E-3,-8.446E-2
39.984,-9.465E-3,-8.501E-2
40.001,-9.277E-3,-8.574E-2
40.018,-9.276E-3,-8.592E-2
40.035,-9.276E-3,-8.592E-2
40.051,-1.054E-2,-8.776E-2
40.068,-1.143E-2,-9.252E-2
40.085,-1.211E-2,-9.948E-2
40.102,-1.295E-2,-0.110
40.118,-1.275E-2,-0.112
40.135,-1.275E-2,-0.112
40.152,-1.455E-2,-0.116
40.169,-1.563E-2,-0.119
40.185,-1.525E-2,-0.121
40.202,-1.888E-2,-0.126
40.219,-1.798E-2,-0.123
40.236,-1.799E-2,-0.122
40.252,-1.786E-2,-0.114
40.269,-1.786E-2,-0.114
40.286,-1.786E-2,-0.114
40.303,-1.841E-2,-0.114
40.319,-2.102E-2,-0.107
40.336,-2.096E-2,-8.930E-2
40.353,-2.134E-2,-8.729E-2
40.370,-2.135E-2,-8.637E-2
40.386,-2.100E-2,-8.363E-2
40.403,-2.065E-2,-8.161E-2
40.420,-2.462E-2,-6.280E-2
40.437,-2.702E-2,-6.044E-2
40.453,-2.684E-2,-5.989E-2
40.470,-3.161E-2,-5.754E-2
40.487,-3.268E-2,-6.157E-2
40.504,-3.376E-2,-6.451E-2
40.520,-3.502E-2,-6.708E-2
40.537,-3.638E-2,-8.154E-2
40.554,-3.582E-2,-8.391E-2
40.571,-3.364E-2,-8.170E-2
40.587,-3.731E-2,-7.917E-2
40.604,-3.305E-2,-8.627E-2
40.621,-2.880E-2,-9.374E-2
40.638,-2.713E-2,-9.593E-2
40.654,-2.080E-2,-0.112
40.671,-1.874E-2,-0.119
40.688,-1.834E-2,-0.124
40.705,-1.703E-2,-0.128
40.721,-1.703E-2,-0.128
40.738,-2.250E-2,-0.131
40.755,-2.342E-2,-0.131
40.772,-2.124E-2,-0.128
40.788,-1.982E-2,-0.121
40.805,-1.982E-2,-0.121
40.822,-1.966E-2,-0.119
40.839,-2.049E-2,-0.104
40.855,-1.888E-2,-9.843E-2
40.872,-1.240E-2,-8.338E-2
40.889,-1.170E-2,-7.935E-2
40.906,-1.088E-2,-0.118
40.922,-1.071E-2,-0.117
40.939,-1.017E-2,-0.115
40.956,-1.677E-2,-6.037E-2
40.973,-1.456E-2,-6.273E-2
40.989,-1.715E-2,-5.817E-2
41.006,-1.715E-2,-5.817E-2
41.023,-1.931E-2,-6.386E-2
41.040,-1.671E-2,-6.860E-2
41.056,-1.982E-2,-6.917E-2
41.073,-2.419E-2,-7.158E-2
41.090,-2.435E-2,-7.578E-2
41.107,-2.452E-2,-7.670E-2
41.123,-2.470E-2,-7.817E-2
41.140,-2.429E-2,-8.438E-2
41.157,-2.444E-2,-8.932E-2
41.174,-2.163E-2,-9.863E-2
41.190,-2.052E-2,-9.972E-2
41.207,-1.812E-2,-0.103
41.224,-1.607E-2,-0.108
41.241,-1.621E-2,-0.115
41.257,-1.268E-2,-0.123
41.274,-1.394E-2,-0.125
41.291,-6.924E-3,-0.135
41.308,-3.625E-3,-0.135
41.324,-5.649E-3,-0.134
41.341,-4.764E-3,-0.130
41.358,-4.950E-3,-0.129
41.375,-5.877E-3,-0.127
41.391,-5.717E-3,-0.124
41.408,-3.744E-3,-0.118
41.425,-3.968E-3,-0.113
41.442,-3.789E-3,-0.112
41.458,-4.758E-3,-0.104
41.475,-2.979E-3,-9.704E-2
41.492,-3.735E-3,-9.357E-2
41.509,-3.737E-3,-9.320E-2
41.525,-4.141E-3,-8.772E-2
41.542,-4.349E-3,-8.424E-2
41.559,-4.723E-3,-8.296E-2
41.576,-9.886E-3,-7.715E-2
41.592,-1.207E-2,-7.899E-2
41.609,,
41.626,-1.207E-2,-7.899E-2
41.643,-1.201E-2,-8.777E-2
41.659,-1.201E-2,-8.777E-2
41.676,-1.418E-2,-9.071E-2
41.693,-1.797E-2,-9.824E-2
41.710,-1.813E-2,-0.102
41.726,-1.940E-2,-0.104
41.743,-1.901E-2,-0.107
41.760,-1.893E-2,-0.117
