,mass A,,
t,x,y,
0.000,-1.464E-2,-0.109
0.017,-1.455E-2,-0.114
0.034,-1.130E-2,-0.124
0.052,-1.195E-2,-0.127
0.069,-9.319E-4,-0.108
0.086,4.115E-4,-0.116
0.103,-4.011E-3,-0.130
0.120,-2.153E-2,-0.152
0.137,-2.408E-2,-0.152
0.155,-2.617E-2,-0.150
0.172,-2.736E-2,-0.146
0.189,-2.686E-2,-0.140
0.206,9.319E-4,-9.995E-2
0.223,-5.581E-3,-0.109
0.241,-5.519E-3,-0.103
0.258,-5.555E-3,-9.694E-2
0.275,-1.324E-2,-9.776E-2
0.292,-5.777E-3,-8.255E-2
0.309,-7.359E-3,-7.751E-2
0.326,-3.038E-2,-0.101
0.344,-2.134E-2,-9.856E-2
0.361,-1.991E-2,-0.106
0.378,-1.864E-2,-0.112
0.395,-1.502E-2,-0.119
0.412,-1.576E-2,-0.125
0.430,-1.994E-2,-0.139
0.447,-2.107E-2,-0.142
0.464,-7.404E-3,-0.130
0.481,-8.558E-3,-0.132
0.498,-9.212E-3,-0.130
0.515,-9.570E-3,-0.127
0.533,-2.232E-2,-0.140
0.550,-2.226E-2,-0.135
0.567,-4.943E-3,-0.107
0.584,-2.937E-3,-0.101
0.601,-6.771E-3,-7.171E-2
0.619,-1.205E-2,-0.104
0.636,-9.524E-3,-9.606E-2
0.653,-8.557E-4,-8.353E-2
0.670,-1.072E-3,-7.907E-2
0.687,-2.062E-3,-7.610E-2
0.704,-1.338E-2,-8.563E-2
0.722,-1.081E-2,-9.342E-2
0.739,-8.462E-3,-0.101
0.756,-5.882E-3,-0.108
0.773,-4.950E-3,-9.832E-2
0.790,-2.349E-3,-0.106
0.808,-2.935E-4,-0.113
0.825,1.150E-3,-0.120
0.842,-5.906E-3,-0.150
0.859,1.729E-3,-0.131
0.876,1.250E-3,-0.132
0.893,7.624E-4,-0.132
0.911,-1.112E-2,-0.150
0.928,-7.689E-3,-0.145
0.945,4.111E-3,-0.120
0.962,-2.420E-3,-0.136
0.979,-7.241E-4,-0.132
0.997,1.398E-3,-0.127
1.014,3.073E-3,-0.123
1.031,4.116E-3,-0.119
1.048,6.230E-3,-0.114
1.065,6.982E-3,-0.110
1.083,7.206E-3,-0.107
1.100,6.861E-3,-0.105
1.117,6.262E-3,-0.105
1.134,5.444E-3,-0.105
1.151,4.639E-3,-0.107
1.168,6.755E-3,-0.102
1.186,6.032E-3,-0.105
1.203,2.975E-4,-0.115
1.220,-1.424E-3,-0.118
1.237,-2.919E-3,-0.121
1.254,-4.666E-3,-0.123
1.272,-6.314E-3,-0.126
1.289,1.479E-3,-0.118
1.306,7.702E-4,-0.120
1.323,-3.215E-4,-0.122
1.340,-1.379E-2,-0.130
1.357,-9.983E-4,-9.983E-2
1.375,-5.481E-3,-0.109
1.392,-2.307E-3,-0.122
1.409,-1.999E-3,-0.118
1.426,-1.991E-3,-0.114
1.443,-2.495E-3,-0.110
1.461,-1.762E-2,-0.109
1.478,-1.837E-2,-0.100
1.495,-1.566E-2,-9.330E-2
1.512,-1.294E-2,-8.590E-2
1.529,-1.367E-2,-8.130E-2
1.546,-5.197E-3,-7.970E-2
1.564,-6.447E-3,-7.684E-2
1.581,-1.930E-2,-8.623E-2
1.598,-1.150E-2,-8.132E-2
1.615,-1.197E-2,-8.666E-2
1.632,-1.131E-2,-0.101
1.650,-7.436E-3,-0.109
1.667,-6.582E-3,-0.103
1.684,-5.922E-3,-0.122
1.701,-2.278E-3,-0.115
1.718,-1.123E-2,-0.137
1.735,-1.826E-3,-0.120
1.753,-2.073E-3,-0.119
1.770,-1.955E-2,-0.146
1.787,-2.285E-2,-0.145
1.804,-2.405E-2,-0.142
1.821,-2.408E-2,-0.137
1.839,-2.411E-2,-0.133
1.856,-2.413E-2,-0.129
1.873,-2.248E-2,-0.123
1.890,-3.040E-3,-9.591E-2
1.907,-2.993E-3,-9.319E-2
1.924,-2.758E-3,-8.965E-2
1.942,-2.808E-3,-8.641E-2
1.959,-3.020E-3,-8.337E-2
1.976,-2.796E-3,-7.856E-2
1.993,-9.214E-3,-8.262E-2
2.010,-9.306E-3,-7.765E-2
2.028,-1.039E-2,-7.428E-2
2.045,-9.362E-3,-7.398E-2
2.062,-8.952E-3,-8.009E-2
2.079,-7.302E-3,-8.539E-2
2.096,-6.208E-3,-9.059E-2
2.113,-5.522E-3,-9.526E-2
2.131,-6.088E-3,-8.206E-2
2.148,-4.695E-3,-8.585E-2
2.165,-4.532E-3,-0.109
2.182,-2.261E-3,-9.494E-2
2.199,-9.125E-4,-9.984E-2
2.217,9.137E-4,-0.104
2.234,1.938E-3,-0.110
2.251,3.676E-3,-0.115
2.268,1.075E-3,-0.126
2.285,-4.599E-5,-0.133
2.302,-2.025E-3,-0.138
2.320,-2.460E-3,-0.139
2.337,-7.377E-4,-0.135
2.354,2.438E-3,-0.128
2.371,3.720E-3,-0.124
2.388,-1.414E-3,-0.120
2.406,-7.037E-3,-0.140
2.423,-4.768E-3,-0.134
2.440,-6.196E-3,-0.128
2.457,-4.597E-3,-0.126
2.474,-4.623E-3,-0.122
2.491,6.429E-4,-9.250E-2
2.509,7.747E-4,-8.798E-2
2.526,7.947E-4,-8.379E-2
2.543,7.681E-4,-8.003E-2
2.560,8.470E-4,-7.652E-2
2.577,6.729E-4,-7.380E-2
2.595,3.639E-4,-7.157E-2
2.612,1.134E-4,-6.965E-2
2.629,-1.524E-4,-6.896E-2
2.646,-2.751E-4,-6.819E-2
2.663,-4.641E-4,-6.817E-2
2.680,-2.057E-4,-6.901E-2
2.698,3.947E-4,-7.041E-2
2.715,8.402E-4,-7.307E-2
2.732,1.156E-3,-7.554E-2
2.749,1.467E-3,-7.772E-2
2.766,7.922E-4,-7.999E-2
2.784,-3.098E-4,-8.178E-2
2.801,-1.954E-3,-8.281E-2
2.818,-3.968E-3,-8.310E-2
2.835,-5.992E-3,-8.214E-2
2.852,-7.446E-3,-8.102E-2
2.869,-7.912E-3,-8.034E-2
2.887,-9.774E-3,-7.781E-2
2.904,-1.325E-2,-7.507E-2
2.921,2.627E-3,-0.114
2.938,2.364E-3,-0.113
2.955,2.216E-3,-0.111
2.973,-1.663E-2,-7.617E-2
2.990,-1.680E-2,-7.888E-2
3.007,-1.641E-2,-8.158E-2
3.024,4.789E-3,-9.901E-2
3.041,5.034E-3,-9.694E-2
3.059,5.426E-3,-9.504E-2
3.076,5.747E-3,-9.308E-2
3.093,-1.364E-2,-0.101
3.110,-1.501E-2,-0.108
3.127,-1.270E-2,-0.109
3.144,-1.016E-2,-0.108
3.162,-2.914E-3,-9.817E-2
3.179,-2.325E-3,-0.101
3.196,-1.658E-3,-0.102
3.213,-1.517E-2,-0.131
3.230,-1.652E-2,-0.134
3.248,-1.967E-3,-0.102
3.265,-3.001E-3,-0.100
3.282,-8.068E-3,-0.108
3.299,-6.967E-3,-9.999E-2
3.316,-8.550E-3,-9.834E-2
3.333,-7.575E-3,-9.187E-2
3.351,-7.505E-3,-9.304E-2
3.368,-7.268E-3,-9.567E-2
3.385,-6.672E-3,-9.845E-2
3.402,-5.897E-3,-0.101
3.419,-4.952E-3,-0.105
3.437,-4.206E-3,-0.108
3.454,-3.115E-3,-0.112
3.471,-1.668E-3,-0.114
3.488,-5.952E-4,-0.117
3.505,-1.872E-2,-9.225E-2
3.522,-1.988E-2,-9.595E-2
3.540,-2.226E-2,-0.105
3.557,2.980E-3,-0.116
3.574,2.923E-3,-0.115
3.591,-1.544E-2,-9.520E-2
3.608,2.640E-3,-0.112
3.626,-3.665E-2,-0.124
3.643,-3.456E-2,-0.125
3.660,-1.386E-2,-0.128
3.677,-2.291E-2,-9.752E-2
3.694,-2.594E-2,-9.602E-2
3.711,-2.805E-2,-9.167E-2
3.729,-2.730E-2,-8.315E-2
3.746,-2.632E-2,-7.609E-2
3.763,-2.658E-2,-6.929E-2
3.780,-2.808E-2,-6.338E-2
3.797,1.674E-3,-0.110
3.815,4.558E-4,-0.111
3.832,-1.075E-3,-0.111
3.849,-2.321E-3,-0.110
3.866,-2.961E-3,-0.108
3.883,9.656E-5,-0.105
3.900,-1.348E-2,-0.108
3.918,-1.070E-2,-0.100
3.935,-1.027E-2,-9.656E-2
3.952,-2.927E-2,-9.674E-2
3.969,-2.767E-2,-0.104
3.986,-2.574E-2,-0.111
4.004,-2.443E-2,-0.118
4.021,-2.338E-2,-0.125
4.038,-2.223E-2,-0.131
4.055,-2.186E-2,-0.136
4.072,-2.224E-2,-0.141
4.089,-1.018E-2,-9.095E-2
4.107,-1.011E-2,-9.444E-2
4.124,-9.760E-3,-9.838E-2
4.141,-9.455E-3,-0.103
4.158,-9.669E-3,-0.109
4.175,-2.722E-2,-0.137
4.193,-2.878E-2,-0.134
4.210,-2.830E-2,-0.132
4.227,-3.389E-2,-0.123
4.244,-3.348E-2,-0.115
4.261,-3.099E-2,-0.110
4.278,-3.124E-2,-0.107
4.296,-3.058E-2,-0.101
4.313,-2.740E-2,-9.476E-2
4.330,-1.670E-2,-9.905E-2
4.347,-1.495E-2,-9.240E-2
4.364,-2.545E-2,-7.792E-2
4.382,-2.711E-2,-7.033E-2
4.399,-2.850E-2,-7.034E-2
4.416,-2.780E-2,-7.079E-2
4.433,-3.032E-2,-7.358E-2
4.450,-2.818E-2,-7.846E-2
4.467,-2.192E-2,-7.320E-2
4.485,-2.260E-2,-7.646E-2
4.502,-2.328E-2,-8.010E-2
4.519,-2.355E-2,-8.467E-2
4.536,-2.352E-2,-9.019E-2
4.553,-2.386E-2,-9.591E-2
4.571,-2.116E-2,-9.772E-2
4.588,-1.832E-2,-0.109
4.605,-1.553E-2,-0.117
4.622,-1.430E-2,-0.124
4.639,-1.410E-2,-0.129
4.656,-1.375E-2,-0.130
4.674,-1.528E-2,-0.132
4.691,-3.338E-2,-0.145
4.708,-3.451E-2,-0.143
4.725,-3.560E-2,-0.140
4.742,-2.022E-2,-0.125
4.760,-1.977E-2,-0.121
4.777,-1.884E-2,-0.115
4.794,-3.364E-2,-0.119
4.811,-1.692E-2,-0.104
4.828,-2.242E-2,-0.103
4.845,-1.975E-2,-9.618E-2
4.863,-1.936E-2,-9.148E-2
4.880,-1.760E-2,-7.902E-2
4.897,-1.211E-2,-7.493E-2
4.914,-1.211E-2,-7.150E-2
4.931,-3.910E-2,-8.515E-2
4.949,-1.580E-2,-7.232E-2
4.966,-1.503E-2,-7.301E-2
4.983,-1.541E-2,-7.579E-2
5.000,-1.563E-2,-7.918E-2
5.017,-1.539E-2,-8.333E-2
5.035,-2.377E-2,-0.106
5.052,-1.466E-2,-0.101
5.069,-1.209E-2,-0.107
5.086,-9.699E-3,-0.112
5.103,-8.288E-3,-0.117
5.120,-7.058E-3,-0.121
5.138,-5.998E-3,-0.123
5.155,-7.111E-3,-0.129
5.172,-4.781E-3,-0.133
5.189,-1.441E-2,-0.140
5.206,-1.556E-2,-0.141
5.224,-1.832E-2,-0.142
5.241,-1.649E-2,-0.140
5.258,-1.830E-2,-0.145
5.275,-1.856E-2,-0.139
5.292,-1.995E-2,-0.139
5.309,-1.995E-2,-0.139
5.327,-1.882E-2,-0.135
5.344,-5.107E-3,-0.125
5.361,-4.748E-3,-0.123
5.378,-4.159E-3,-0.121
5.395,-3.854E-3,-0.118
5.413,-3.490E-3,-0.114
5.430,-3.070E-3,-0.110
5.447,-2.762E-3,-0.106
5.464,-2.396E-3,-0.102
5.481,-9.606E-3,-0.102
5.498,-7.350E-3,-9.485E-2
5.516,-5.746E-3,-9.346E-2
5.533,-6.489E-3,-8.609E-2
5.550,-6.342E-3,-8.793E-2
5.567,-7.300E-3,-9.000E-2
5.584,-8.134E-3,-9.388E-2
5.602,-8.353E-3,-9.806E-2
5.619,-8.465E-3,-0.102
5.636,-4.281E-3,-7.510E-2
5.653,-1.001E-2,-0.107
5.670,-5.150E-3,-8.188E-2
5.687,-5.433E-3,-8.594E-2
5.705,-5.865E-3,-9.013E-2
5.722,-1.325E-2,-0.121
5.739,-1.383E-2,-0.125
5.756,-5.000E-3,-9.382E-2
5.773,-3.205E-3,-0.101
5.791,-2.686E-3,-0.107
5.808,-8.125E-4,-0.110
5.825,-7.988E-4,-0.113
5.842,-1.117E-3,-0.116
5.859,-2.215E-2,-0.120
5.876,-1.847E-2,-0.119
5.894,-2.014E-2,-0.112
5.911,-1.781E-2,-0.116
5.928,-1.739E-2,-0.109
5.945,-1.121E-2,-0.103
5.962,-1.144E-2,-0.104
5.980,-1.473E-2,-9.467E-2
5.997,7.468E-4,-0.101
6.014,-1.126E-2,-9.649E-2
6.031,3.162E-3,-9.299E-2
6.048,3.733E-3,-9.001E-2
6.065,3.899E-3,-8.764E-2
6.083,-1.902E-4,-9.688E-2
6.100,-2.827E-2,-0.112
6.117,-1.909E-2,-0.110
6.134,-1.236E-2,-0.111
6.151,-1.033E-2,-0.117
6.169,2.291E-3,-0.102
6.186,2.471E-3,-0.105
6.203,-7.972E-3,-0.117
6.220,-6.050E-3,-0.123
6.237,-6.026E-3,-0.127
6.254,2.235E-3,-0.109
6.272,-1.678E-2,-0.130
6.289,6.122E-4,-0.108
6.306,-2.997E-6,-0.107
6.323,-3.761E-4,-0.105
6.340,-8.850E-4,-0.103
6.358,-8.114E-3,-0.108
6.375,-7.495E-3,-0.104
6.392,-9.150E-3,-0.101
6.409,-9.653E-3,-9.510E-2
6.426,-7.577E-3,-9.532E-2
6.443,-7.603E-3,-9.163E-2
6.461,-1.216E-2,-9.927E-2
6.478,-1.260E-2,-0.102
6.495,-1.213E-2,-0.104
6.512,-1.328E-2,-0.104
6.529,-8.373E-3,-0.103
6.547,-8.345E-3,-0.106
6.564,-7.184E-3,-0.109
6.581,-1.142E-2,-0.106
6.598,-6.508E-3,-0.117
6.615,-6.942E-3,-0.121
6.632,-1.590E-2,-0.125
6.650,-1.149E-2,-0.129
6.667,-1.864E-2,-0.129
6.684,-9.689E-3,-0.125
6.701,-9.422E-3,-0.122
6.718,-8.682E-3,-0.117
6.736,-7.482E-3,-0.112
6.753,-6.472E-3,-0.108
6.770,-5.627E-3,-0.102
6.787,-4.752E-3,-9.703E-2
6.804,-4.181E-3,-9.187E-2
6.821,-7.601E-3,-9.186E-2
6.839,-1.296E-2,-8.406E-2
6.856,-7.678E-3,-8.080E-2
6.873,-1.021E-2,-8.150E-2
6.890,-1.364E-2,-8.568E-2
6.907,-1.547E-2,-8.776E-2
6.925,-1.157E-2,-8.481E-2
6.942,-1.285E-2,-8.611E-2
6.959,-2.163E-2,-9.459E-2
6.976,-3.212E-2,-0.114
6.993,-2.503E-2,-0.113
7.011,-1.225E-2,-9.801E-2
7.028,-6.807E-3,-0.107
7.045,-1.261E-2,-0.121
7.062,-2.905E-3,-0.108
7.079,-2.769E-2,-0.143
7.096,-2.837E-2,-0.148
7.114,-2.979E-2,-0.150
7.131,-6.156E-3,-0.108
7.148,-4.575E-3,-0.101
7.165,-4.659E-3,-9.713E-2
7.182,-5.230E-3,-9.398E-2
7.200,-5.239E-3,-9.079E-2
7.217,-3.111E-2,-0.139
7.234,-3.093E-2,-0.129
7.251,-5.494E-3,-8.301E-2
7.268,-4.990E-3,-7.785E-2
7.285,-5.099E-3,-7.354E-2
7.303,-5.414E-3,-7.043E-2
7.320,-6.497E-3,-7.713E-2
7.337,-6.986E-3,-7.448E-2
7.354,-6.475E-3,-7.201E-2
7.371,-6.696E-3,-7.608E-2
7.389,-5.032E-3,-7.606E-2
7.406,-5.627E-3,-8.295E-2
7.423,-3.275E-3,-8.630E-2
7.440,-3.160E-3,-8.697E-2
7.457,-2.455E-3,-9.051E-2
7.474,-4.668E-5,-9.221E-2
7.492,3.274E-3,-9.764E-2
7.509,2.771E-3,-9.972E-2
7.526,-4.844E-4,-0.115
7.543,5.525E-4,-0.116
7.560,4.707E-3,-0.118
7.578,4.702E-3,-0.117
7.595,2.632E-3,-0.117
7.612,3.158E-3,-0.118
7.629,1.039E-3,-0.111
7.646,1.477E-3,-9.973E-2
7.663,3.236E-3,-9.221E-2
7.681,4.514E-3,-8.987E-2
7.698,6.565E-3,-8.701E-2
7.715,5.511E-3,-8.443E-2
7.732,5.501E-3,-8.288E-2
7.749,3.666E-3,-7.953E-2
7.767,4.704E-3,-8.004E-2
7.784,2.354E-3,-7.695E-2
7.801,7.918E-4,-7.566E-2
7.818,-1.027E-3,-7.464E-2
7.835,-2.066E-3,-7.413E-2
7.852,-4.688E-3,-7.308E-2
7.870,-6.362E-3,-7.550E-2
7.887,-7.134E-3,-7.880E-2
7.904,-6.943E-3,-7.986E-2
7.921,-8.190E-3,-8.660E-2
7.938,-9.449E-3,-9.152E-2
7.956,-8.412E-3,-9.177E-2
7.973,-1.085E-2,-9.424E-2
7.990,-1.174E-2,-9.750E-2
8.007,-1.282E-2,-0.100
8.024,-1.409E-2,-0.103
8.041,-2.583E-3,-8.683E-2
8.059,-3.677E-3,-8.811E-2
8.076,-4.733E-3,-8.972E-2
8.093,-5.844E-3,-9.267E-2
8.110,-6.846E-3,-9.581E-2
8.127,-7.865E-3,-9.872E-2
8.145,-8.869E-3,-0.101
8.162,-1.044E-2,-0.103
8.179,-1.867E-2,-0.106
8.196,-1.896E-2,-0.100
8.213,-3.803E-2,-7.542E-2
8.230,-3.963E-2,-6.844E-2
8.248,-4.065E-2,-7.129E-2
8.265,-4.529E-2,-7.366E-2
8.282,-4.298E-2,-7.079E-2
8.299,-4.244E-2,-7.338E-2
8.316,-1.803E-2,-7.472E-2
8.334,-3.884E-2,-7.076E-2
8.351,-2.084E-2,-7.424E-2
8.368,-2.256E-2,-7.606E-2
8.385,-2.392E-2,-7.882E-2
8.402,-2.484E-2,-8.317E-2
8.419,-3.327E-2,-0.113
8.437,-3.349E-2,-0.118
8.454,-3.211E-2,-0.121
8.471,-3.111E-2,-0.125
8.488,-5.764E-2,-0.158
8.505,-6.308E-2,-0.156
8.523,-6.649E-2,-0.150
8.540,-1.744E-2,-0.133
8.557,-3.167E-2,-0.122
8.574,-3.116E-2,-0.117
8.591,-2.921E-2,-0.110
8.608,-2.681E-2,-0.103
8.626,-2.251E-2,-9.572E-2
8.643,-1.608E-2,-8.746E-2
8.660,-1.024E-2,-8.001E-2
8.677,-6.388E-3,-7.370E-2
8.694,-5.769E-3,-7.012E-2
8.712,-6.788E-3,-6.845E-2
8.729,-1.006E-2,-7.781E-2
8.746,-1.273E-2,-6.696E-2
8.763,-9.605E-3,-8.774E-2
8.780,-7.644E-3,-8.189E-2
8.797,-6.756E-3,-7.650E-2
8.815,-3.906E-3,-6.629E-2
8.832,-4.968E-3,-6.341E-2
8.849,-8.341E-3,-7.005E-2
8.866,-7.107E-3,-7.507E-2
8.883,-5.675E-3,-7.960E-2
8.901,-5.915E-3,-7.882E-2
8.918,-5.832E-3,-9.072E-2
8.935,-2.305E-3,-9.238E-2
8.952,-1.762E-3,-9.768E-2
8.969,-2.525E-3,-0.107
8.987,-1.026E-3,-0.111
9.004,-2.696E-4,-0.115
9.021,-1.226E-3,-0.120
9.038,-2.058E-4,-0.118
9.055,-7.161E-4,-0.119
9.072,-4.808E-4,-0.116
9.090,3.154E-4,-0.119
9.107,4.210E-6,-0.111
9.124,-2.907E-4,-0.106
9.141,7.607E-4,-0.108
9.158,1.494E-3,-0.102
9.176,9.888E-4,-0.104
9.193,3.517E-3,-9.531E-2
9.210,3.756E-3,-9.246E-2
9.227,4.254E-3,-8.961E-2
9.244,5.265E-3,-8.624E-2
9.261,5.267E-3,-8.650E-2
9.279,3.714E-3,-8.651E-2
9.296,4.235E-3,-8.703E-2
9.313,2.395E-3,-8.290E-2
9.330,2.643E-3,-8.134E-2
9.347,5.674E-4,-8.058E-2
9.365,-2.144E-4,-7.981E-2
9.382,2.923E-4,-7.825E-2
9.399,-9.853E-4,-8.059E-2
9.416,-1.945E-4,-8.266E-2
9.433,1.107E-3,-8.368E-2
9.450,8.533E-4,-8.446E-2
9.468,8.533E-4,-8.446E-2
9.485,8.533E-4,-8.446E-2
9.502,8.749E-4,-8.757E-2
9.519,1.139E-3,-8.834E-2
9.536,1.941E-3,-9.196E-2
9.554,1.747E-3,-0.101
9.571,2.270E-3,-0.102
9.588,2.270E-3,-0.102
9.605,2.022E-3,-0.104
9.622,2.042E-3,-0.106
9.639,2.844E-3,-0.110
9.657,4.677E-3,-0.113
9.674,5.466E-3,-0.115
9.691,3.651E-3,-0.114
9.708,2.340E-3,-0.112
9.725,2.340E-3,-0.112
9.743,2.076E-3,-0.111
9.760,-3.015E-4,-0.104
9.777,4.712E-4,-0.104
9.794,-6.264E-5,-0.102
9.811,-6.264E-5,-0.102
9.828,-3.250E-4,-0.101
9.846,-1.369E-3,-9.975E-2
9.863,-2.936E-3,-9.769E-2
9.880,-2.940E-3,-9.717E-2
9.897,-3.990E-3,-9.511E-2
9.914,-4.250E-3,-9.485E-2
9.932,-3.727E-3,-9.562E-2
9.949,,
9.966,-3.729E-3,-9.536E-2
9.983,-2.958E-3,-9.458E-2
10.000,-3.220E-3,-9.407E-2
10.017,-3.219E-3,-9.432E-2
10.035,-3.208E-3,-9.588E-2
10.052,-3.975E-3,-9.718E-2
10.069,-6.035E-3,-9.874E-2
10.086,-8.617E-3,-9.954E-2
10.103,-1.043E-2,-9.955E-2
10.121,-1.251E-2,-9.750E-2
10.138,-1.564E-2,-9.441E-2
10.155,-1.567E-2,-9.001E-2
10.172,-1.569E-2,-8.665E-2
10.189,-2.249E-2,-7.764E-2
10.206,-2.301E-2,-7.738E-2
10.224,-2.221E-2,-7.945E-2
10.241,-2.301E-2,-7.738E-2
10.258,-2.275E-2,-7.686E-2
10.275,-2.430E-2,-7.765E-2
10.292,-2.996E-2,-8.209E-2
10.310,-2.968E-2,-8.519E-2
10.327,-2.863E-2,-8.777E-2
10.344,-2.782E-2,-9.165E-2
10.361,-2.520E-2,-9.655E-2
10.378,-2.283E-2,-0.102
10.395,-2.743E-2,-0.111
10.413,-2.900E-2,-0.108
10.430,-3.526E-2,-0.102
10.447,-3.472E-2,-0.104
10.464,-3.473E-2,-0.104
10.481,-3.667E-2,-8.524E-2
10.499,-3.694E-2,-8.369E-2
10.516,-3.723E-2,-7.800E-2
10.533,-3.728E-2,-7.127E-2
10.550,-3.677E-2,-7.023E-2
10.567,-3.677E-2,-7.101E-2
10.584,-3.617E-2,-8.265E-2
10.602,-3.400E-2,-9.635E-2
10.619,-3.580E-2,-9.869E-2
10.636,-3.629E-2,-0.103
10.653,-3.654E-2,-0.103
10.670,-3.626E-2,-0.107
10.688,-3.650E-2,-0.110
10.705,-3.516E-2,-0.115
10.722,-3.174E-2,-0.123
10.739,-3.092E-2,-0.129
10.756,-2.907E-2,-0.135
10.773,-2.720E-2,-0.143
10.791,-2.536E-2,-0.147
10.808,-2.378E-2,-0.152
10.825,-2.378E-2,-0.152
10.842,-2.793E-2,-0.150
10.859,-2.740E-2,-0.152
10.877,-2.560E-2,-0.150
10.894,-2.178E-2,-0.141
10.911,-2.411E-2,-0.142
10.928,-2.491E-2,-0.138
10.945,-2.647E-2,-0.137
10.963,-2.677E-2,-0.131
10.980,-2.584E-2,-0.117
10.997,-2.357E-2,-0.108
11.014,-2.101E-2,-0.103
11.031,-1.790E-2,-0.104
11.048,-1.740E-2,-0.101
11.066,-1.587E-2,-9.804E-2
11.083,-1.465E-2,-8.819E-2
11.100,-1.262E-2,-8.197E-2
11.117,-1.057E-2,-7.962E-2
11.134,-1.059E-2,-7.678E-2
11.152,-1.035E-2,-7.367E-2
11.169,-1.233E-2,-8.662E-2
11.186,-1.307E-2,-9.258E-2
11.203,-1.409E-2,-9.440E-2
11.220,-1.822E-2,-9.521E-2
11.237,-2.569E-2,-0.101
11.255,-2.721E-2,-0.106
11.272,-2.433E-2,-0.109
11.289,-1.654E-2,-0.114
11.306,-1.159E-2,-0.118
11.323,-1.287E-2,-0.121
11.341,-6.914E-3,-0.121
11.358,-4.862E-3,-0.118
11.375,-4.100E-3,-0.116
11.392,-4.109E-3,-0.115
11.409,-4.415E-3,-0.108
11.426,-5.767E-3,-0.100
11.444,-4.755E-3,-9.666E-2
11.461,-5.303E-3,-9.227E-2
11.478,-5.582E-3,-8.942E-2
11.495,-6.096E-3,-8.995E-2
11.512,,
11.530,3.909E-2,-0.149
11.547,-6.147E-3,-8.270E-2
11.564,-6.150E-3,-8.218E-2
11.581,-6.150E-3,-8.218E-2
11.598,-5.622E-3,-8.373E-2
11.615,-6.936E-3,-8.089E-2
11.633,-6.945E-3,-7.960E-2
11.650,-8.666E-3,-9.255E-2
11.667,-1.098E-2,-9.490E-2
11.684,-1.202E-2,-9.464E-2
11.701,-1.540E-2,-9.105E-2
11.719,-1.148E-2,-9.723E-2
11.736,-1.296E-2,-0.107
11.753,-1.266E-2,-0.114
11.770,-1.341E-2,-0.117
11.787,-1.444E-2,-0.118
11.804,-1.654E-2,-0.114
11.822,-1.547E-2,-0.118
11.839,-1.520E-2,-0.120
11.856,-1.442E-2,-0.121
11.873,-1.417E-2,-0.119
11.890,-1.367E-2,-0.117
11.908,-1.291E-2,-0.115
11.925,-1.189E-2,-0.113
11.942,-6.529E-3,-0.102
11.959,-3.979E-3,-9.666E-2
11.976,-4.004E-3,-9.304E-2
11.993,-2.511E-3,-8.449E-2
12.011,-1.767E-3,-7.982E-2
12.028,-3.075E-3,-7.776E-2
12.045,-6.190E-3,-7.649E-2
12.062,-6.190E-3,-7.649E-2
12.079,-6.438E-3,-7.804E-2
12.097,-6.181E-3,-7.778E-2
12.114,-5.412E-3,-7.674E-2
12.131,-7.710E-3,-8.116E-2
12.148,-4.328E-3,-8.372E-2
12.165,-4.315E-3,-8.553E-2
12.182,-4.037E-3,-8.838E-2
12.200,-4.031E-3,-8.915E-2
12.217,-5.256E-3,-9.900E-2
12.234,-4.989E-3,-0.100
12.251,-5.240E-3,-0.101
12.268,-4.451E-3,-0.103
12.286,-3.658E-3,-0.105
12.303,-2.860E-3,-0.109
12.320,-5.644E-3,-0.118
12.337,-5.644E-3,-0.118
12.354,-5.119E-3,-0.119
12.371,-5.649E-3,-0.117
12.389,-5.673E-3,-0.113
12.406,-4.129E-3,-0.112
12.423,-3.394E-3,-0.106
12.440,-2.663E-3,-9.976E-2
12.457,-3.202E-3,-9.665E-2
12.475,-1.758E-3,-8.112E-2
12.492,-1.508E-3,-7.982E-2
12.509,-7.410E-4,-7.852E-2
12.526,2.743E-4,-7.567E-2
12.543,2.064E-3,-7.255E-2
12.560,2.821E-3,-6.970E-2
12.578,1.785E-3,-6.970E-2
12.595,4.987E-4,-7.075E-2
12.612,-1.050E-3,-7.128E-2
12.629,-9.056E-3,-7.366E-2
12.646,-9.055E-3,-7.392E-2
12.664,-9.303E-3,-7.548E-2
12.681,-9.570E-3,-7.418E-2
12.698,-9.062E-3,-7.289E-2
12.715,-1.545E-2,-8.483E-2
12.732,-1.594E-2,-8.846E-2
12.749,-1.514E-2,-9.234E-2
12.767,-1.639E-2,-9.778E-2
12.784,-1.663E-2,-0.101
12.801,-1.688E-2,-0.103
12.818,-1.892E-2,-0.106
12.835,-1.916E-2,-0.109
12.853,-1.966E-2,-0.112
12.870,-1.912E-2,-0.115
12.887,-1.525E-2,-0.114
12.904,-1.244E-2,-0.108
12.921,-1.220E-2,-0.105
12.939,-1.221E-2,-0.104
12.956,-1.145E-2,-0.102
12.973,-1.175E-2,-9.568E-2
12.990,-1.260E-2,-8.481E-2
13.007,-1.062E-2,-7.264E-2
13.024,-1.116E-2,-6.928E-2
13.042,-1.168E-2,-6.799E-2
13.059,-1.273E-2,-6.618E-2
13.076,-1.404E-2,-6.360E-2
13.093,-2.001E-2,-6.209E-2
13.110,-2.540E-2,-6.756E-2
13.128,-2.670E-2,-6.783E-2
13.145,-2.774E-2,-6.629E-2
13.162,-2.956E-2,-6.475E-2
13.179,-3.104E-2,-7.537E-2
13.196,-3.048E-2,-8.106E-2
13.213,-3.046E-2,-8.494E-2
13.231,-3.356E-2,-8.574E-2
13.248,-3.009E-2,-0.100
13.265,-3.009E-2,-0.100
13.282,-3.137E-2,-0.103
13.299,-2.874E-2,-0.108
13.317,-2.223E-2,-0.114
13.334,-1.804E-2,-0.122
13.351,-1.853E-2,-0.125
13.368,-1.799E-2,-0.128
13.385,-1.697E-2,-0.127
13.402,-1.646E-2,-0.125
13.420,-1.546E-2,-0.121
13.437,-1.419E-2,-0.116
13.454,-1.423E-2,-0.110
13.471,-1.275E-2,-0.100
13.488,-8.438E-3,-8.815E-2
13.506,-6.691E-3,-7.882E-2
13.523,-3.349E-3,-7.569E-2
13.540,-1.557E-3,-7.283E-2
13.557,-3.611E-3,-7.518E-2
13.574,-2.048E-3,-7.672E-2
13.591,-2.315E-3,-7.543E-2
13.609,-2.317E-3,-7.517E-2
13.626,-3.606E-3,-7.595E-2
13.643,-7.717E-3,-8.012E-2
13.660,-1.355E-2,-9.750E-2
13.677,-9.864E-3,-0.106
13.695,,
13.712,-1.114E-2,-0.109
13.729,-1.139E-2,-0.111
13.746,-1.033E-2,-0.113
13.763,-9.535E-3,-0.116
13.780,-1.107E-2,-0.119
13.798,-1.105E-2,-0.121
13.815,-1.027E-2,-0.122
13.832,-8.715E-3,-0.123
13.849,-8.972E-3,-0.123
13.866,-8.176E-3,-0.126
13.884,-9.707E-3,-0.129
13.901,-9.958E-3,-0.130
13.918,-1.154E-2,-0.126
13.935,-1.081E-2,-0.119
13.952,-1.081E-2,-0.119
13.969,-1.006E-2,-0.116
13.987,-1.087E-2,-0.111
14.004,-9.864E-3,-0.106
14.021,-7.631E-3,-9.254E-2
14.038,2.945E-3,-8.755E-2
14.055,2.943E-3,-8.729E-2
14.073,2.683E-3,-8.704E-2
14.090,2.661E-3,-8.393E-2
14.107,2.661E-3,-8.393E-2
14.124,2.661E-3,-8.393E-2
14.141,2.661E-3,-8.393E-2
14.158,3.179E-3,-8.393E-2
14.176,2.448E-3,-9.040E-2
14.193,4.152E-4,-9.585E-2
14.210,1.546E-4,-9.560E-2
14.227,4.170E-4,-9.611E-2
14.244,2.779E-3,-0.101
14.262,3.577E-3,-0.104
14.279,4.107E-3,-0.106
14.296,4.125E-3,-0.108
14.313,4.394E-3,-0.110
14.330,4.934E-3,-0.113
14.347,4.941E-3,-0.114
14.365,-5.895E-3,-0.119
14.382,-3.058E-3,-0.117
14.399,,
14.416,6.383E-5,-0.120
14.433,1.627E-3,-0.121
14.451,1.369E-3,-0.121
14.468,1.877E-3,-0.120
14.485,2.632E-3,-0.117
14.502,8.403E-3,-9.088E-2
14.519,8.403E-3,-9.088E-2
14.536,6.067E-3,-8.986E-2
14.554,5.567E-3,-9.245E-2
14.571,5.790E-3,-8.727E-2
14.588,5.504E-3,-8.339E-2
14.605,7.071E-3,-8.545E-2
14.622,7.366E-3,-9.063E-2
14.640,7.373E-3,-9.166E-2
14.657,8.410E-3,-9.191E-2
14.674,9.192E-3,-9.269E-2
14.691,4.076E-3,-0.101
14.708,3.823E-3,-0.102
14.725,5.122E-3,-0.103
14.743,5.656E-3,-0.105
14.760,6.970E-3,-0.108
14.777,6.202E-3,-0.109
14.794,5.690E-3,-0.110
14.811,4.411E-3,-0.112
14.829,-5.079E-4,-0.112
14.846,-3.894E-3,-0.109
14.863,-3.374E-3,-0.109
14.880,-3.116E-3,-0.109
14.897,-1.286E-3,-0.112
14.915,-1.282E-3,-0.112
14.932,-1.053E-3,-0.108
14.949,6.975E-4,-9.921E-2
14.966,1.329E-4,-9.249E-2
14.983,,
15.000,-3.504E-3,-9.044E-2
15.018,-3.519E-3,-8.837E-2
15.035,-3.808E-3,-8.398E-2
15.052,-4.317E-3,-8.527E-2
15.069,-4.000E-3,-9.355E-2
15.086,-4.252E-3,-9.459E-2
15.104,-4.241E-3,-9.614E-2
15.121,-9.178E-3,-9.333E-2
15.138,-1.928E-2,-9.185E-2
15.155,-1.641E-2,-9.545E-2
15.172,-1.584E-2,-0.103
15.189,-5.655E-3,-0.116
15.207,-3.563E-3,-0.119
15.224,-2.256E-3,-0.121
15.241,-1.467E-3,-0.123
15.258,-9.334E-4,-0.125
15.275,-6.529E-4,-0.128
15.293,-4.547E-3,-0.126
15.310,-6.471E-3,-0.110
15.327,-3.429E-3,-0.101
15.344,-3.962E-3,-9.899E-2
15.361,,
15.378,3.779E-2,-0.112
15.396,3.620E-2,-0.106
15.413,3.122E-4,-8.110E-2
15.430,-1.002E-3,-7.826E-2
15.447,5.367E-4,-7.618E-2
15.464,1.277E-3,-7.100E-2
15.482,-2.564E-2,-8.907E-2
15.499,-2.192E-2,-9.085E-2
15.516,8.563E-4,-7.877E-2
15.533,9.718E-4,-8.206E-2
15.550,1.609E-3,-8.583E-2
15.567,2.452E-3,-8.994E-2
15.585,3.604E-3,-9.481E-2
15.602,4.589E-3,-9.924E-2
15.619,5.218E-3,-0.103
15.636,2.706E-3,-8.555E-2
15.653,2.877E-3,-8.949E-2
15.671,3.616E-3,-9.425E-2
15.688,4.572E-3,-9.907E-2
15.705,5.971E-3,-0.113
15.722,5.466E-3,-0.115
15.739,4.950E-3,-0.115
15.756,6.488E-3,-0.113
15.774,6.208E-3,-0.110
15.791,6.465E-3,-0.110
15.808,5.430E-3,-0.110
15.825,2.818E-3,-0.106
15.842,2.547E-3,-0.105
15.860,4.092E-3,-0.104
15.877,4.351E-3,-0.104
15.894,6.403E-3,-0.101
15.911,7.131E-3,-9.399E-2
15.928,6.836E-3,-8.882E-2
15.945,6.836E-3,-8.882E-2
15.963,6.060E-3,-8.883E-2
15.980,4.243E-3,-8.806E-2
15.997,3.466E-3,-8.807E-2
16.014,3.470E-3,-8.858E-2
16.031,4.259E-3,-9.039E-2
16.049,5.039E-3,-9.090E-2
16.066,3.745E-3,-9.091E-2
16.083,3.761E-3,-9.324E-2
16.100,3.264E-3,-9.609E-2
16.117,2.247E-3,-9.869E-2
16.134,9.671E-4,-0.101
16.152,7.264E-4,-0.103
16.169,1.515E-3,-0.105
16.186,2.818E-3,-0.106
16.203,3.598E-3,-0.107
16.220,3.598E-3,-0.107
16.238,5.149E-3,-0.107
16.255,5.153E-3,-0.107
16.272,5.165E-3,-0.109
16.289,4.136E-3,-0.110
16.306,3.363E-3,-0.110
16.323,2.342E-3,-0.112
16.341,2.342E-3,-0.112
16.358,3.083E-3,-0.107
16.375,4.375E-3,-0.107
16.392,4.371E-3,-0.106
16.409,4.362E-3,-0.105
16.427,3.580E-3,-0.104
16.444,4.351E-3,-0.104
16.461,5.879E-3,-9.995E-2
16.478,6.619E-3,-9.477E-2
16.495,6.353E-3,-9.374E-2
16.512,,
16.530,6.340E-3,-9.193E-2
16.547,7.102E-3,-8.985E-2
16.564,7.357E-3,-8.933E-2
16.581,7.357E-3,-8.933E-2
16.598,9.237E-3,-9.915E-2
16.616,9.239E-3,-9.941E-2
16.633,7.402E-3,-9.580E-2
16.650,5.138E-3,-0.105
16.667,6.190E-3,-0.107
16.684,5.697E-3,-0.111
16.701,3.890E-3,-0.112
16.719,3.620E-3,-0.110
16.736,2.292E-3,-0.105
16.753,2.523E-3,-0.101
16.770,3.019E-3,-9.816E-2
16.787,3.019E-3,-9.816E-2
16.805,1.740E-3,-0.100
16.822,1.999E-3,-0.100
16.839,1.988E-3,-9.869E-2
16.856,1.715E-3,-9.662E-2
16.873,2.482E-3,-9.532E-2
16.891,4.290E-3,-9.479E-2
16.908,5.126E-3,-0.103
16.925,4.351E-3,-0.104
16.942,4.351E-3,-0.104
16.959,4.100E-3,-0.105
16.976,3.596E-3,-0.107
16.994,3.875E-3,-0.110
17.011,3.106E-3,-0.111
17.028,3.370E-3,-0.111
17.045,5.151E-3,-0.107
17.062,5.151E-3,-0.107
17.080,5.151E-3,-0.107
17.097,5.916E-3,-0.105
17.114,6.168E-3,-0.104
17.131,6.168E-3,-0.104
17.148,6.930E-3,-0.102
17.165,7.954E-3,-0.101
17.183,9.245E-3,-0.100
17.200,1.002E-2,-9.967E-2
17.217,1.001E-2,-9.837E-2
17.234,9.740E-3,-9.708E-2
17.251,9.740E-3,-9.708E-2
17.269,9.230E-3,-9.812E-2
17.286,9.232E-3,-9.838E-2
17.303,9.232E-3,-9.838E-2
17.320,9.235E-3,-9.890E-2
17.337,1.002E-2,-9.967E-2
17.354,1.002E-2,-9.967E-2
17.372,1.002E-2,-9.967E-2
17.389,1.002E-2,-9.967E-2
17.406,1.002E-2,-9.967E-2
17.423,1.002E-2,-9.967E-2
17.440,1.002E-2,-9.967E-2
17.458,1.002E-2,-9.967E-2
17.475,1.002E-2,-9.967E-2
17.492,9.512E-3,-0.101
17.509,9.527E-3,-0.104
17.526,9.006E-3,-0.103
17.543,7.949E-3,-9.994E-2
17.561,8.723E-3,-9.968E-2
17.578,8.723E-3,-9.968E-2
17.595,8.723E-3,-9.968E-2
17.612,8.475E-3,-0.101
17.629,7.965E-3,-0.102
17.647,7.965E-3,-0.102
17.664,7.706E-3,-0.102
17.681,7.446E-3,-0.102
17.698,6.687E-3,-0.105
17.715,1.023E-3,-0.109
17.732,,
17.750,3.803E-2,-0.108
17.767,3.854E-2,-0.108
17.784,-6.290E-3,-9.926E-2
17.801,-6.290E-3,-9.926E-2
17.818,-6.027E-3,-9.978E-2
17.836,-6.027E-3,-9.978E-2
17.853,-5.861E-3,-8.658E-2
17.870,-6.132E-3,-8.477E-2
17.887,-6.394E-3,-8.425E-2
17.904,-6.394E-3,-8.425E-2
17.921,-7.174E-3,-8.374E-2
17.939,-9.751E-3,-8.531E-2
17.956,-9.221E-3,-8.712E-2
17.973,-9.710E-3,-9.126E-2
17.990,-9.187E-3,-9.204E-2
18.007,-8.400E-3,-9.358E-2
18.025,-6.577E-3,-9.512E-2
18.042,-6.290E-3,-9.926E-2
18.059,-1.200E-2,-9.620E-2
18.076,-8.164E-3,-9.022E-2
18.093,-8.421E-3,-9.048E-2
18.110,-8.421E-3,-9.048E-2
18.128,-1.155E-2,-8.740E-2
18.145,-1.258E-2,-8.740E-2
18.162,-1.696E-2,-9.028E-2
18.179,-1.390E-2,-8.353E-2
18.196,-1.416E-2,-8.405E-2
18.214,-1.543E-2,-8.794E-2
18.231,-1.697E-2,-8.924E-2
18.248,-1.799E-2,-9.210E-2
18.265,-2.052E-2,-9.962E-2
18.282,-2.286E-2,-9.886E-2
18.299,-2.284E-2,-0.102
18.317,-2.378E-2,-0.114
18.334,-2.351E-2,-0.117
18.351,-2.193E-2,-0.120
18.368,-1.932E-2,-0.123
18.385,-1.489E-2,-0.127
18.403,1.835E-2,-6.985E-2
18.420,,
18.437,1.782E-2,-6.856E-2
18.454,-2.010E-2,-0.114
18.471,-1.683E-2,-0.112
18.488,-1.683E-2,-0.111
18.506,-1.684E-2,-0.111
18.523,-1.692E-2,-9.840E-2
18.540,-1.612E-2,-9.614E-2
18.557,-1.633E-2,-9.552E-2
18.574,-1.717E-2,-9.265E-2
18.592,-1.496E-2,-8.586E-2
18.609,-1.536E-2,-8.627E-2
18.626,-1.637E-2,-8.875E-2
18.643,-1.658E-2,-8.875E-2
18.660,-1.699E-2,-8.916E-2
18.677,-1.875E-2,-0.102
18.695,-1.790E-2,-0.105
18.712,-1.499E-2,-0.111
18.729,-1.414E-2,-0.115
18.746,-1.412E-2,-0.118
18.763,,
18.781,-1.509E-2,-9.551E-2
18.798,-5.867E-3,-0.123
18.815,-5.644E-3,-0.125
18.832,-5.644E-3,-0.125
18.849,-3.704E-3,-0.122
18.867,-3.335E-3,-0.119
18.884,-2.674E-3,-0.114
18.901,-1.413E-3,-0.109
18.918,-3.660E-4,-0.105
18.935,7.036E-4,-9.767E-2
18.952,1.797E-3,-9.238E-2
18.970,2.624E-3,-8.653E-2
18.987,3.301E-3,-8.140E-2
19.004,3.777E-3,-7.744E-2
19.021,3.698E-3,-7.408E-2
19.038,2.642E-3,-7.159E-2
19.056,1.985E-3,-7.017E-2
19.073,1.174E-3,-6.960E-2
19.090,4.282E-4,-7.016E-2
19.107,-2.721E-4,-7.010E-2
19.124,-1.158E-3,-6.833E-2
19.141,-1.936E-3,-6.772E-2
19.159,-2.642E-3,-6.795E-2
19.176,-3.358E-3,-6.850E-2
19.193,-7.357E-3,-6.901E-2
19.210,-6.064E-3,-7.222E-2
19.227,-2.810E-3,-7.631E-2
19.245,-2.024E-3,-8.000E-2
19.262,-1.371E-3,-8.347E-2
19.279,2.716E-3,-9.717E-2
19.296,9.522E-4,-9.946E-2
19.313,1.359E-3,-9.688E-2
19.330,1.940E-3,-9.973E-2
19.348,3.004E-3,-0.103
19.365,2.738E-3,-0.104
19.382,1.711E-3,-0.103
19.399,1.159E-3,-0.100
19.416,7.504E-4,-9.762E-2
19.434,6.350E-4,-9.492E-2
19.451,5.824E-4,-9.200E-2
19.468,6.050E-4,-8.902E-2
19.485,5.070E-4,-8.645E-2
19.502,-6.348E-5,-8.404E-2
19.519,-6.266E-4,-8.162E-2
19.537,-1.227E-3,-7.910E-2
19.554,-1.331E-3,-9.490E-2
19.571,-1.216E-3,-9.173E-2
19.588,-9.989E-4,-8.803E-2
19.605,-1.284E-3,-8.474E-2
19.623,-1.920E-3,-8.215E-2
19.640,-8.301E-3,-4.878E-2
19.657,-1.085E-2,-4.656E-2
19.674,-1.335E-2,-4.496E-2
19.691,-1.544E-2,-4.471E-2
19.708,-1.720E-2,-4.551E-2
19.726,-1.853E-2,-4.773E-2
19.743,-1.918E-2,-5.084E-2
19.760,-1.940E-2,-5.443E-2
19.777,-3.599E-3,-0.104
19.794,-3.801E-3,-0.108
19.812,-1.451E-3,-0.114
19.829,-1.899E-3,-0.116
19.846,-2.586E-3,-0.117
19.863,-4.013E-3,-0.118
19.880,-6.648E-3,-0.119
19.897,-2.811E-3,-0.118
19.915,-1.134E-2,-0.118
19.932,-1.243E-2,-0.113
19.949,-1.312E-2,-0.108
19.966,-1.374E-2,-0.103
19.983,-1.404E-2,-9.836E-2
20.001,-1.468E-2,-9.383E-2
20.018,-1.537E-2,-9.050E-2
20.035,-2.134E-2,-8.219E-2
20.052,-1.840E-2,-8.393E-2
20.069,-2.271E-2,-7.734E-2
20.086,-2.401E-2,-7.632E-2
20.104,-2.578E-2,-7.592E-2
20.121,-2.761E-2,-7.622E-2
20.138,-3.051E-2,-7.888E-2
20.155,-2.998E-2,-8.856E-2
20.172,-3.117E-2,-8.364E-2
20.190,-3.077E-2,-8.813E-2
20.207,-2.178E-2,-0.113
20.224,-2.846E-2,-0.100
20.241,-1.821E-2,-0.124
20.258,-1.526E-2,-0.131
20.275,-4.193E-2,-0.120
20.293,-3.993E-2,-0.114
20.310,-1.308E-2,-0.132
20.327,-4.139E-2,-9.534E-2
20.344,-3.754E-2,-9.280E-2
20.361,-1.654E-2,-0.132
20.379,-2.474E-2,-9.418E-2
20.396,-1.851E-2,-9.512E-2
20.413,-1.854E-2,-8.861E-2
20.430,-5.113E-3,-9.922E-2
20.447,-3.576E-3,-9.422E-2
20.464,-2.322E-3,-8.928E-2
20.482,-1.383E-3,-8.476E-2
20.499,-4.125E-4,-8.127E-2
20.516,-1.850E-4,-7.808E-2
20.533,-3.131E-4,-7.511E-2
20.550,-8.118E-4,-7.287E-2
20.568,-1.650E-3,-7.126E-2
20.585,-3.109E-3,-7.500E-2
20.602,-3.125E-3,-7.270E-2
20.619,-3.813E-3,-7.316E-2
20.636,-9.770E-3,-7.827E-2
20.653,-9.548E-3,-7.712E-2
20.671,-9.757E-3,-8.012E-2
20.688,-9.524E-3,-8.058E-2
20.705,-9.284E-3,-8.196E-2
20.722,-9.040E-3,-8.380E-2
20.739,-8.305E-3,-9.002E-2
20.757,-8.761E-3,-9.071E-2
20.774,3.045E-4,-0.102
20.791,9.992E-4,-0.102
20.808,1.460E-3,-0.102
20.825,2.614E-3,-0.102
20.843,4.725E-3,-0.108
20.860,4.509E-3,-0.110
20.877,8.884E-3,-0.109
20.894,7.941E-3,-0.106
20.911,7.941E-3,-0.106
20.928,7.251E-3,-0.106
20.946,9.975E-3,-0.100
20.963,8.603E-3,-0.102
20.980,6.756E-3,-0.101
20.997,6.735E-3,-9.844E-2
21.014,6.270E-3,-9.775E-2
21.032,6.268E-3,-9.752E-2
21.049,6.266E-3,-9.729E-2
21.066,6.263E-3,-9.683E-2
21.083,4.864E-3,-9.454E-2
21.100,4.861E-3,-9.408E-2
21.117,5.561E-3,-9.522E-2
21.135,2.102E-3,-9.502E-2
21.152,2.095E-3,-9.410E-2
21.169,3.468E-3,-9.270E-2
21.186,5.309E-3,-9.223E-2
21.203,5.772E-3,-9.246E-2
21.221,5.325E-3,-9.453E-2
21.238,1.670E-3,-9.917E-2
21.255,5.350E-4,-0.102
21.272,7.703E-4,-0.102
21.289,3.174E-4,-0.104
21.306,7.816E-4,-0.104
21.324,1.246E-3,-0.104
21.341,1.478E-3,-0.105
21.358,6.046E-3,-9.868E-2
21.375,7.864E-3,-9.498E-2
21.392,7.635E-3,-9.521E-2
21.410,7.403E-3,-9.498E-2
21.427,4.176E-3,-9.500E-2
21.444,3.483E-3,-9.478E-2
21.461,3.488E-3,-9.547E-2
21.478,3.038E-3,-9.709E-2
21.495,3.273E-3,-9.778E-2
21.513,3.505E-3,-9.800E-2
21.530,4.194E-3,-9.754E-2
21.547,3.728E-3,-9.685E-2
21.564,3.269E-3,-9.708E-2
21.581,3.051E-3,-9.893E-2
21.599,5.119E-3,-9.799E-2
21.616,4.866E-3,-9.477E-2
21.633,3.040E-3,-9.732E-2
21.650,3.040E-3,-9.732E-2
21.667,2.123E-3,-9.801E-2
21.684,1.436E-3,-9.871E-2
21.702,2.932E-4,-0.100
21.719,-3.805E-4,-0.103
21.736,-1.733E-3,-0.107
21.753,3.737E-4,-0.112
21.770,1.304E-3,-0.113
21.788,2.903E-3,-0.111
21.805,-7.272E-3,-0.103
21.822,1.772E-3,-0.107
21.839,1.487E-3,-0.103
21.856,1.061E-3,-9.894E-2
21.873,7.538E-4,-9.442E-2
21.891,3.633E-4,-8.988E-2
21.908,-1.010E-4,-8.478E-2
21.925,1.725E-4,-7.946E-2
21.942,4.206E-4,-7.496E-2
21.959,2.416E-4,-7.161E-2
21.977,-1.110E-4,-6.817E-2
21.994,-8.918E-4,-6.577E-2
22.011,1.391E-3,-6.793E-2
22.028,-2.425E-3,-0.102
22.045,-3.015E-3,-0.101
22.062,-4.357E-3,-9.898E-2
22.080,-5.522E-3,-9.737E-2
22.097,-6.710E-3,-9.526E-2
22.114,-7.883E-3,-9.344E-2
22.131,-9.140E-3,-9.109E-2
22.148,-1.063E-2,-8.861E-2
22.166,-1.161E-2,-8.689E-2
22.183,-1.743E-3,-6.798E-2
22.200,-2.027E-3,-7.026E-2
22.217,-1.892E-3,-7.367E-2
22.234,-1.556E-3,-7.762E-2
22.251,-7.415E-4,-8.258E-2
22.269,2.378E-4,-8.752E-2
22.286,1.424E-3,-9.305E-2
22.303,2.739E-3,-9.736E-2
22.320,3.577E-3,-0.101
22.337,3.737E-3,-0.103
22.355,-3.030E-2,-9.262E-2
22.372,-2.475E-2,-9.195E-2
22.389,3.701E-3,-0.103
22.406,4.155E-3,-9.970E-2
22.423,4.844E-3,-9.644E-2
22.440,5.909E-3,-9.328E-2
22.458,6.693E-3,-9.090E-2
22.475,7.139E-3,-8.917E-2
22.492,7.271E-3,-8.780E-2
22.509,-2.196E-2,-6.966E-2
22.526,-2.292E-2,-6.460E-2
22.544,-2.407E-2,-6.172E-2
22.561,-1.510E-2,-6.632E-2
22.578,-1.651E-2,-6.345E-2
22.595,-1.853E-2,-6.202E-2
22.612,-2.062E-2,-6.195E-2
22.629,-2.304E-2,-6.273E-2
22.647,-2.507E-2,-6.459E-2
22.664,-2.648E-2,-6.754E-2
22.681,-2.725E-2,-7.127E-2
22.698,5.796E-3,-9.591E-2
22.715,-2.898E-3,-8.712E-2
22.733,-2.552E-3,-9.015E-2
22.750,-2.611E-3,-9.343E-2
22.767,-2.415E-3,-9.738E-2
22.784,6.081E-3,-0.104
22.801,-2.230E-2,-9.606E-2
22.819,-2.233E-2,-9.329E-2
22.836,7.070E-3,-0.102
22.853,7.530E-3,-9.914E-2
22.870,7.844E-3,-9.575E-2
22.887,8.108E-3,-9.164E-2
22.904,7.844E-3,-8.720E-2
22.922,7.260E-3,-8.330E-2
22.939,6.441E-3,-7.993E-2
22.956,5.183E-3,-7.697E-2
22.973,3.780E-3,-7.418E-2
22.990,2.689E-3,-7.155E-2
23.008,1.525E-3,-6.970E-2
23.025,-1.298E-2,-6.332E-2
23.042,-1.396E-2,-5.988E-2
23.059,-1.089E-2,-6.182E-2
23.076,-2.466E-3,-8.037E-2
23.093,-2.513E-3,-7.331E-2
23.111,-3.320E-3,-7.333E-2
23.128,-5.146E-3,-6.984E-2
23.145,-3.985E-3,-7.860E-2
23.162,-4.038E-3,-8.168E-2
23.179,-3.983E-3,-8.502E-2
23.197,-3.986E-3,-8.833E-2
23.214,-1.167E-2,-7.284E-2
23.231,-1.176E-2,-7.669E-2
23.248,-1.118E-2,-8.146E-2
23.265,-9.488E-3,-8.707E-2
23.282,-7.560E-3,-9.327E-2
23.300,-5.632E-3,-9.943E-2
23.317,-4.453E-3,-0.105
23.334,-1.438E-2,-9.919E-2
23.351,1.602E-3,-0.108
23.368,1.606E-3,-0.105
23.386,1.664E-3,-0.101
23.403,1.807E-3,-9.721E-2
23.420,1.933E-3,-9.193E-2
23.437,2.345E-3,-8.681E-2
23.454,2.540E-3,-8.252E-2
23.471,2.167E-3,-7.784E-2
23.489,2.517E-3,-7.381E-2
23.506,2.362E-3,-7.114E-2
23.523,1.815E-3,-6.888E-2
23.540,1.145E-3,-6.748E-2
23.557,5.357E-4,-6.689E-2
23.575,-3.034E-4,-6.687E-2
23.592,-1.051E-3,-6.738E-2
23.609,-1.625E-3,-6.863E-2
23.626,-2.111E-3,-6.978E-2
23.643,-2.081E-3,-7.127E-2
23.660,-2.146E-3,-7.310E-2
23.678,-1.693E-3,-7.438E-2
23.695,-1.280E-3,-7.749E-2
23.712,-6.507E-4,-8.002E-2
23.729,2.220E-4,-8.318E-2
23.746,8.998E-4,-8.551E-2
23.764,1.218E-3,-8.656E-2
23.781,1.579E-3,-8.725E-2
23.798,2.759E-3,-9.017E-2
23.815,3.909E-3,-8.970E-2
23.832,1.394E-3,-9.272E-2
23.849,2.985E-3,-8.948E-2
23.867,2.254E-3,-8.693E-2
23.884,2.315E-3,-8.400E-2
23.901,2.445E-3,-8.136E-2
23.918,2.985E-3,-8.948E-2
23.935,1.907E-3,-7.733E-2
23.953,1.342E-3,-7.618E-2
23.970,7.751E-4,-7.487E-2
23.987,8.184E-4,-7.253E-2
24.004,5.278E-4,-7.165E-2
24.021,1.601E-4,-7.200E-2
24.038,2.876E-3,-7.381E-2
24.056,-7.372E-4,-7.055E-2
24.073,1.078E-3,-7.738E-2
24.090,9.268E-4,-7.432E-2
24.107,7.093E-4,-7.152E-2
24.124,2.423E-4,-6.846E-2
24.142,-5.647E-3,-7.421E-2
24.159,-5.869E-3,-7.792E-2
24.176,-5.887E-3,-8.166E-2
24.193,-5.920E-3,-8.542E-2
24.210,-5.627E-3,-8.983E-2
24.227,-4.516E-3,-6.698E-2
24.245,-4.560E-3,-6.965E-2
24.262,-4.149E-3,-7.339E-2
24.279,-3.974E-3,-7.701E-2
24.296,-3.951E-3,-8.056E-2
24.313,-3.331E-3,-8.517E-2
24.331,-6.422E-3,-0.110
24.348,-6.764E-3,-0.107
24.365,-6.597E-3,-0.103
24.382,-7.304E-3,-9.790E-2
24.399,-7.174E-3,-9.307E-2
24.416,-6.838E-3,-8.734E-2
24.434,-6.624E-3,-8.184E-2
24.451,-6.815E-3,-7.703E-2
24.468,-7.830E-3,-7.284E-2
24.485,-9.395E-3,-6.916E-2
24.502,-1.136E-2,-6.625E-2
24.520,-1.374E-2,-6.383E-2
24.537,-1.578E-2,-6.180E-2
24.554,-1.773E-2,-6.080E-2
24.571,-1.716E-2,-7.005E-2
24.588,-1.876E-2,-6.817E-2
24.605,-2.276E-2,-6.638E-2
24.623,-2.221E-2,-6.684E-2
24.640,-2.173E-2,-7.043E-2
24.657,-2.077E-2,-7.412E-2
24.674,-1.954E-2,-7.793E-2
24.691,-2.822E-2,-7.220E-2
24.709,-1.706E-2,-9.054E-2
24.726,-1.771E-2,-9.608E-2
24.743,-2.776E-2,-8.817E-2
24.760,-1.445E-2,-0.102
24.777,-1.177E-2,-0.103
24.795,-9.949E-3,-0.106
24.812,-3.498E-2,-0.102
24.829,-1.600E-2,-0.130
24.846,-3.506E-2,-9.087E-2
24.863,-3.000E-2,-8.808E-2
24.880,-3.246E-2,-8.005E-2
24.898,-2.882E-2,-7.641E-2
24.915,-2.506E-2,-7.314E-2
24.932,-3.953E-3,-8.002E-2
24.949,-4.700E-3,-7.417E-2
24.966,-5.518E-3,-6.840E-2
24.984,-6.087E-3,-6.404E-2
25.001,-7.231E-3,-6.107E-2
25.018,-8.247E-3,-6.054E-2
25.035,-9.472E-3,-6.133E-2
25.052,-9.238E-3,-6.337E-2
25.069,-9.119E-3,-7.251E-2
25.087,-2.208E-3,-6.441E-2
25.104,3.763E-3,-6.873E-2
25.121,3.354E-3,-6.636E-2
25.138,2.746E-3,-6.449E-2
25.155,2.219E-3,-6.346E-2
25.173,1.439E-3,-6.308E-2
25.190,5.723E-4,-6.337E-2
25.207,-1.805E-4,-6.440E-2
25.224,-4.130E-4,-6.627E-2
25.241,-1.298E-4,-6.883E-2
25.258,5.232E-4,-7.193E-2
25.276,1.211E-3,-7.495E-2
25.293,1.954E-3,-7.819E-2
25.310,-6.101E-3,-0.123
25.327,3.467E-3,-8.447E-2
25.344,3.868E-3,-8.745E-2
25.362,5.686E-3,-0.108
25.379,5.557E-3,-0.112
25.396,-3.509E-2,-8.869E-2
25.413,-2.800E-2,-8.840E-2
25.430,-2.050E-2,-8.830E-2
25.447,-1.285E-2,-8.804E-2
25.465,-2.546E-3,-8.926E-2
25.482,-6.794E-4,-8.600E-2
25.499,5.168E-4,-8.325E-2
25.516,8.419E-4,-8.114E-2
25.533,3.966E-4,-8.189E-2
25.551,-1.009E-3,-7.867E-2
25.568,2.041E-3,-8.626E-2
25.585,1.917E-3,-8.154E-2
25.602,4.384E-4,-8.788E-2
25.619,2.305E-4,-9.111E-2
25.636,-4.626E-4,-9.089E-2
25.654,3.164E-3,-9.062E-2
25.671,3.002E-3,-9.413E-2
25.688,2.486E-3,-9.723E-2
25.705,-1.320E-3,-0.100
25.722,9.796E-4,-9.826E-2
25.740,4.787E-4,-9.365E-2
25.757,-3.246E-3,-8.837E-2
25.774,-1.639E-3,-8.744E-2
25.791,-3.269E-3,-8.514E-2
25.808,-3.269E-3,-8.514E-2
25.825,-3.272E-3,-8.468E-2
25.843,-4.226E-3,-8.008E-2
25.860,-9.891E-3,-0.114
25.877,-6.013E-3,-0.113
25.894,-5.187E-3,-0.107
25.911,-7.657E-3,-8.379E-2
25.929,-1.087E-2,-8.520E-2
25.946,1.959E-3,-9.800E-2
25.963,-1.105E-2,-9.035E-2
25.980,-1.087E-2,-8.543E-2
25.997,,
26.014,-1.887E-2,-9.609E-2
26.032,-1.887E-2,-9.609E-2
26.049,-1.864E-2,-9.562E-2
26.066,-1.705E-2,-9.262E-2
26.083,-1.705E-2,-9.192E-2
26.100,-1.775E-2,-9.124E-2
26.118,-2.076E-2,-8.872E-2
26.135,-2.656E-2,-8.392E-2
26.152,-2.678E-2,-8.462E-2
26.169,-2.678E-2,-8.462E-2
26.186,-2.795E-2,-8.301E-2
26.203,-2.772E-2,-8.278E-2
26.221,-2.746E-2,-8.600E-2
26.238,-2.676E-2,-8.784E-2
26.255,-2.676E-2,-8.807E-2
26.272,-2.997E-2,-8.971E-2
26.289,-3.112E-2,-8.995E-2
26.307,-3.088E-2,-9.248E-2
26.324,-2.908E-2,-0.119
26.341,-2.999E-2,-0.121
26.358,-3.068E-2,-0.121
26.375,-3.159E-2,-0.122
26.392,-3.203E-2,-0.125
26.410,-2.386E-2,-0.140
26.427,-2.664E-2,-0.137
26.444,-2.734E-2,-0.137
26.461,-2.325E-2,-0.129
26.478,-2.675E-2,-0.122
26.496,-2.770E-2,-0.118
26.513,-2.316E-2,-0.108
26.530,-2.089E-2,-0.103
26.547,-2.045E-2,-9.955E-2
26.564,-1.657E-2,-9.469E-2
26.581,-1.200E-2,-8.843E-2
26.599,-6.734E-3,-8.402E-2
26.616,-6.515E-3,-8.240E-2
26.633,-7.680E-3,-8.057E-2
26.650,-1.160E-2,-8.013E-2
26.667,-1.429E-2,-9.121E-2
26.685,-1.449E-2,-9.606E-2
26.702,-1.514E-2,-0.102
26.719,-1.628E-2,-0.104
26.736,-1.672E-2,-0.106
26.753,-1.716E-2,-0.110
26.771,-1.759E-2,-0.114
26.788,-1.641E-2,-0.118
26.805,-1.524E-2,-0.120
26.822,-1.662E-2,-0.121
26.839,-1.867E-2,-0.124
26.856,-1.636E-2,-0.125
26.874,-1.605E-2,-0.103
26.891,-1.336E-2,-9.236E-2
26.908,-1.336E-2,-9.190E-2
26.925,-1.523E-2,-8.868E-2
26.942,-1.249E-2,-8.429E-2
26.960,-6.988E-3,-8.056E-2
26.977,-6.760E-3,-8.033E-2
26.994,-6.536E-3,-7.940E-2
27.011,-6.789E-3,-7.618E-2
27.028,-6.801E-3,-7.434E-2
27.045,-8.200E-3,-7.204E-2
27.063,-8.684E-3,-6.882E-2
27.080,-7.525E-3,-6.973E-2
27.097,-5.409E-3,-7.571E-2
27.114,-5.407E-3,-7.594E-2
27.131,-5.857E-3,-7.756E-2
27.149,-5.380E-3,-7.986E-2
27.166,-5.557E-3,-8.746E-2
27.183,-7.358E-3,-9.370E-2
27.200,-7.809E-3,-9.509E-2
27.217,-8.252E-3,-9.763E-2
27.234,-7.777E-3,-9.970E-2
27.252,-4.711E-3,-0.110
27.269,-7.439E-5,-0.113
27.286,3.930E-4,-0.114
27.303,1.062E-4,-0.106
27.320,8.025E-4,-0.107
27.338,1.265E-3,-0.107
27.355,1.492E-3,-0.107
27.372,1.940E-3,-0.105
27.389,2.838E-3,-0.101
27.406,3.277E-3,-9.824E-2
27.423,3.240E-3,-9.294E-2
27.441,2.767E-3,-9.133E-2
27.458,2.764E-3,-9.086E-2
27.475,3.896E-3,-8.786E-2
27.492,2.497E-3,-8.556E-2
27.509,3.203E-3,-8.763E-2
27.527,3.203E-3,-8.763E-2
27.544,4.598E-3,-8.947E-2
27.561,4.602E-3,-8.993E-2
27.578,,
27.595,-3.298E-2,-8.812E-2
27.612,-3.275E-2,-8.812E-2
27.630,2.313E-3,-9.225E-2
27.647,3.696E-3,-9.224E-2
27.664,2.780E-3,-9.317E-2
27.681,2.564E-3,-9.524E-2
27.698,2.567E-3,-9.571E-2
27.716,3.530E-3,-0.101
27.733,2.608E-3,-0.101
27.750,6.555E-3,-0.106
27.767,6.785E-3,-0.106
27.784,6.555E-3,-0.106
27.801,4.015E-3,-0.105
27.819,3.093E-3,-0.105
27.836,,
27.853,-1.765E-2,-0.105
27.870,-1.719E-2,-0.104
27.887,3.728E-3,-9.685E-2
27.905,4.882E-3,-9.707E-2
27.922,5.343E-3,-9.707E-2
27.939,5.343E-3,-9.707E-2
27.956,3.252E-3,-9.478E-2
27.973,9.412E-4,-9.387E-2
27.990,-9.203E-4,-9.135E-2
28.008,-2.567E-3,-8.652E-2
28.025,-3.038E-3,-8.514E-2
28.042,-1.673E-3,-8.260E-2
28.059,-1.676E-3,-8.214E-2
28.076,-4.207E-3,-8.285E-2
28.094,-4.663E-3,-8.354E-2
28.111,-4.893E-3,-8.354E-2
28.128,-5.586E-3,-8.332E-2
28.145,-5.817E-3,-8.332E-2
28.162,-7.893E-3,-8.310E-2
28.179,-7.883E-3,-8.448E-2
28.197,-8.861E-3,-7.642E-2
28.214,-8.173E-3,-7.596E-2
28.231,-7.478E-3,-7.641E-2
28.248,-6.756E-3,-8.079E-2
28.265,-7.446E-3,-8.102E-2
28.283,-8.824E-3,-8.173E-2
28.300,-9.037E-3,-8.426E-2
28.317,-1.128E-2,-9.327E-2
28.334,-1.218E-2,-9.581E-2
28.351,-1.742E-2,-0.106
28.368,-1.810E-2,-0.106
28.386,-1.301E-2,-0.110
28.403,-1.024E-2,-0.111
28.420,-1.024E-2,-0.110
28.437,-9.070E-3,-0.113
28.454,-8.344E-3,-0.117
28.472,,
28.489,-1.717E-2,-0.107
28.506,-1.669E-2,-0.110
28.523,-1.054E-2,-0.134
28.540,-8.912E-3,-0.135
28.557,-1.336E-2,-0.126
28.575,-1.451E-2,-0.125
28.592,-1.451E-2,-0.125
28.609,-1.406E-2,-0.124
28.626,-1.314E-2,-0.123
28.643,-1.084E-2,-0.123
28.661,-8.564E-3,-0.119
28.678,-7.200E-3,-0.116
28.695,-6.981E-3,-0.115
28.712,-6.531E-3,-0.113
28.729,-6.811E-3,-0.106
28.747,-1.230E-3,-8.006E-2
28.764,-1.457E-3,-8.052E-2
28.781,-1.332E-2,-9.812E-2
28.798,,
28.815,-1.170E-2,-9.857E-2
28.832,-3.326E-3,-7.685E-2
28.850,-3.320E-3,-7.777E-2
28.867,-3.771E-3,-7.915E-2
28.884,-4.677E-3,-8.147E-2
28.901,-4.904E-3,-8.193E-2
28.918,-5.593E-3,-8.239E-2
28.936,-1.390E-3,-8.093E-2
28.953,-1.345E-3,-8.344E-2
28.970,-4.366E-3,-9.299E-2
28.987,1.924E-4,-8.944E-2
29.004,1.607E-3,-9.366E-2
29.021,2.884E-3,-9.821E-2
29.039,1.720E-3,-0.106
29.056,4.544E-3,-0.107
29.073,5.153E-3,-0.110
29.090,6.010E-4,-0.111
29.107,-3.101E-3,-0.109
29.125,-4.800E-3,-0.106
29.142,-3.510E-2,-8.553E-2
29.159,-6.852E-3,-9.934E-2
29.176,-7.119E-3,-9.380E-2
29.193,-6.273E-3,-8.729E-2
29.210,-4.797E-3,-8.021E-2
29.228,-3.692E-3,-7.330E-2
29.245,1.047E-3,-0.123
29.262,1.478E-3,-0.121
29.279,1.796E-3,-0.118
29.296,2.034E-3,-0.114
29.314,1.552E-3,-6.630E-2
29.331,1.385E-3,-6.319E-2
29.348,1.180E-3,-6.053E-2
29.365,7.389E-4,-5.841E-2
29.382,3.399E-5,-5.696E-2
29.399,-8.072E-4,-5.619E-2
29.417,-1.644E-3,-5.585E-2
29.434,-2.796E-3,-5.569E-2
29.451,-1.366E-2,-8.222E-2
29.468,-1.473E-2,-9.467E-2
29.485,6.077E-6,-5.665E-2
29.503,-1.234E-3,-5.676E-2
29.520,-2.479E-3,-5.733E-2
29.537,-3.358E-3,-5.844E-2
29.554,-4.157E-3,-5.983E-2
29.571,-4.808E-3,-6.127E-2
29.588,-5.135E-3,-6.273E-2
29.606,-5.314E-3,-6.402E-2
29.623,-9.746E-4,-0.110
29.640,-1.552E-3,-0.113
29.657,-2.440E-3,-0.117
29.674,-3.905E-3,-0.120
29.692,-1.960E-2,-0.123
29.709,-1.845E-2,-0.122
29.726,-1.892E-2,-0.122
29.743,-2.381E-2,-0.109
29.760,-3.428E-2,-9.075E-2
29.777,-1.555E-2,-0.109
29.795,-1.959E-2,-9.039E-2
29.812,-1.797E-2,-8.248E-2
29.829,-1.659E-2,-7.579E-2
29.846,-1.580E-2,-7.094E-2
29.863,-1.587E-2,-6.755E-2
29.881,-1.208E-2,-7.167E-2
29.898,5.280E-3,-0.109
29.915,5.111E-3,-0.111
29.932,-3.147E-2,-9.521E-2
29.949,-3.024E-2,-9.270E-2
29.966,-2.608E-3,-0.105
29.984,-1.796E-3,-0.102
30.001,-1.100E-3,-9.893E-2
30.018,-5.887E-4,-9.644E-2
30.035,1.821E-5,-9.429E-2
30.052,2.913E-4,-9.196E-2
30.070,6.127E-4,-9.014E-2
30.087,9.887E-4,-8.852E-2
30.104,1.341E-3,-8.722E-2
30.121,1.654E-3,-8.626E-2
30.138,-1.430E-2,-0.117
30.155,-1.800E-2,-0.121
30.173,-3.490E-2,-0.114
30.190,-2.698E-2,-0.113
30.207,-1.484E-2,-0.111
30.224,-1.434E-2,-0.113
30.241,-1.857E-2,-0.106
30.259,-2.749E-2,-8.023E-2
30.276,-2.211E-2,-7.944E-2
30.293,-1.735E-2,-7.821E-2
30.310,-1.561E-2,-9.952E-2
30.327,-4.821E-3,-7.825E-2
30.344,-4.346E-3,-7.440E-2
30.362,-4.715E-3,-7.152E-2
30.379,-6.012E-3,-6.918E-2
30.396,-8.685E-3,-6.859E-2
30.413,-1.373E-2,-8.262E-2
30.430,-1.436E-2,-7.892E-2
30.448,-1.568E-2,-7.643E-2
30.465,-1.325E-2,-6.974E-2
30.482,-1.483E-2,-7.243E-2
30.499,-1.588E-2,-7.561E-2
30.516,-1.722E-2,-7.848E-2
30.533,-1.783E-2,-8.266E-2
30.551,-1.814E-2,-8.719E-2
30.568,-1.825E-2,-9.197E-2
30.585,-1.694E-2,-9.766E-2
30.602,-1.551E-2,-0.103
30.619,-1.409E-2,-0.108
30.637,-1.244E-2,-0.113
30.654,-1.140E-2,-0.118
30.671,-1.082E-2,-0.121
30.688,-3.466E-2,-0.113
30.705,-3.496E-2,-0.106
30.723,-1.159E-2,-0.119
30.740,-3.421E-2,-8.867E-2
30.757,-2.852E-2,-8.817E-2
30.774,-2.077E-2,-8.922E-2
30.791,-6.353E-3,-9.692E-2
30.808,-4.555E-3,-9.105E-2
30.826,-3.652E-3,-8.543E-2
30.843,-3.331E-3,-8.065E-2
30.860,-3.624E-3,-7.609E-2
30.877,-4.289E-3,-7.266E-2
30.894,-5.323E-3,-7.026E-2
30.912,-1.542E-2,-5.893E-2
30.929,-1.155E-2,-6.186E-2
30.946,-1.251E-2,-5.951E-2
30.963,-1.470E-2,-6.494E-2
30.980,-1.766E-2,-7.118E-2
30.997,-1.637E-2,-5.986E-2
31.015,-1.763E-2,-6.248E-2
31.032,-2.013E-2,-8.019E-2
31.049,-1.806E-2,-7.902E-2
31.066,-1.816E-2,-8.003E-2
31.083,-1.764E-2,-8.370E-2
31.101,-1.669E-2,-8.795E-2
31.118,-1.552E-2,-9.250E-2
31.135,-1.389E-2,-9.826E-2
31.152,-1.247E-2,-0.104
31.169,-1.168E-2,-0.109
31.186,-1.109E-2,-0.112
31.204,-1.072E-2,-0.116
31.221,-3.495E-2,-0.106
31.238,-3.264E-2,-0.102
31.255,-5.797E-3,-0.120
31.272,-2.671E-2,-9.523E-2
31.290,-4.386E-3,-0.110
31.307,-3.465E-3,-0.106
31.324,-3.501E-3,-0.102
31.341,-3.821E-3,-9.708E-2
31.358,-3.565E-3,-9.175E-2
31.375,-3.407E-3,-8.634E-2
31.393,-3.580E-3,-8.134E-2
31.410,-4.286E-3,-7.713E-2
31.427,-5.940E-3,-7.364E-2
31.444,-7.797E-3,-7.117E-2
31.461,-8.952E-3,-6.803E-2
31.479,-6.425E-3,-6.769E-2
31.496,-7.164E-3,-6.443E-2
31.513,-8.616E-3,-6.201E-2
31.530,-1.682E-2,-7.427E-2
31.547,-1.841E-2,-7.739E-2
31.564,-1.959E-2,-8.089E-2
31.582,-2.028E-2,-8.507E-2
31.599,-2.055E-2,-8.957E-2
31.616,-2.042E-2,-9.472E-2
31.633,-1.995E-2,-0.101
31.650,-1.883E-2,-0.107
31.668,-1.769E-2,-0.114
31.685,-1.625E-2,-0.121
31.702,-1.449E-2,-0.128
31.719,-9.905E-3,-0.104
31.736,-1.024E-2,-0.108
31.753,-1.096E-2,-0.111
31.771,-1.162E-2,-0.114
31.788,-1.273E-2,-0.117
31.805,-3.498E-2,-0.103
31.822,-3.212E-2,-9.911E-2
31.839,-2.900E-2,-9.529E-2
31.857,-2.845E-2,-8.746E-2
31.874,-2.349E-2,-8.738E-2
31.891,-1.836E-2,-8.678E-2
31.908,-1.722E-2,-8.072E-2
31.925,-7.520E-3,-8.748E-2
31.942,-6.177E-3,-8.134E-2
31.960,-5.642E-3,-7.580E-2
31.977,-5.480E-3,-7.072E-2
31.994,-5.670E-3,-6.662E-2
32.011,-6.559E-3,-6.311E-2
32.028,-8.081E-3,-6.068E-2
32.046,-1.242E-2,-6.170E-2
32.063,-8.737E-3,-6.121E-2
32.080,-9.398E-3,-6.560E-2
32.097,-1.726E-2,-6.173E-2
32.114,-1.245E-2,-5.823E-2
32.131,-1.268E-2,-6.064E-2
32.149,-1.225E-2,-6.386E-2
32.166,-1.129E-2,-6.801E-2
32.183,-1.009E-2,-7.263E-2
32.200,-9.010E-3,-7.734E-2
32.217,-7.985E-3,-8.182E-2
32.235,-1.012E-2,-9.464E-2
32.252,-8.328E-3,-8.679E-2
32.269,-7.541E-3,-0.100
32.286,-5.242E-3,-9.968E-2
32.303,-4.030E-3,-0.108
32.320,-5.547E-4,-0.111
32.338,-2.170E-3,-0.110
32.355,-1.011E-3,-0.111
32.372,-2.629E-3,-0.111
32.389,-3.822E-3,-0.105
32.406,-3.831E-3,-0.104
32.424,-4.537E-3,-0.102
32.441,-1.775E-3,-0.101
32.458,-2.473E-3,-0.100
32.475,-1.965E-3,-0.107
32.492,-1.136E-3,-9.343E-2
32.509,-3.228E-3,-9.091E-2
32.527,1.462E-3,-8.435E-2
32.544,1.781E-3,-8.190E-2
32.561,-1.268E-2,-6.919E-2
32.578,1.234E-3,-7.769E-2
32.595,4.415E-3,-8.137E-2
32.613,4.256E-3,-7.923E-2
32.630,3.839E-3,-7.740E-2
32.647,3.497E-3,-7.587E-2
32.664,5.743E-3,-5.535E-2
32.681,-1.521E-2,-5.849E-2
32.699,-1.102E-2,-6.445E-2
32.716,-1.263E-2,-6.493E-2
32.733,-1.538E-2,-6.679E-2
32.750,-1.325E-2,-7.530E-2
32.767,-1.393E-2,-7.692E-2
32.784,-1.528E-2,-8.154E-2
32.802,-1.478E-2,-8.684E-2
32.819,-1.428E-2,-9.237E-2
32.836,-1.286E-2,-9.812E-2
32.853,-7.089E-3,-9.923E-2
32.870,-4.977E-3,-0.105
32.888,-1.131E-3,-0.102
32.905,-2.213E-3,-0.104
32.922,-3.137E-3,-0.104
32.939,-3.133E-3,-0.105
32.956,-2.450E-3,-0.103
32.973,-3.631E-3,-9.921E-2
32.991,-5.602E-3,-0.101
33.008,-5.772E-3,-0.108
33.025,-5.874E-3,-0.106
33.042,-6.892E-3,-0.103
33.059,-7.205E-3,-9.856E-2
33.077,-6.890E-3,-9.383E-2
33.094,-6.954E-3,-9.003E-2
33.111,-7.372E-3,-8.714E-2
33.128,-9.484E-3,-7.545E-2
33.145,-7.466E-3,-7.948E-2
33.162,-8.296E-3,-7.625E-2
33.180,-9.519E-3,-7.437E-2
33.197,-1.027E-2,-7.229E-2
33.214,-9.802E-3,-7.367E-2
33.231,-1.405E-2,-5.963E-2
33.248,-2.095E-2,-6.107E-2
33.266,-1.679E-2,-6.334E-2
33.283,-1.904E-2,-7.166E-2
33.300,-2.063E-2,-7.420E-2
33.317,-1.923E-2,-7.742E-2
33.334,-1.340E-2,-8.660E-2
33.351,-1.821E-2,-9.124E-2
33.369,-1.681E-2,-9.354E-2
33.386,-1.258E-2,-0.105
33.403,-1.073E-2,-0.106
33.420,-1.399E-2,-0.102
33.437,-1.349E-2,-0.107
33.455,-1.318E-2,-0.132
33.472,-1.279E-2,-0.107
33.489,-1.095E-2,-0.108
33.506,-1.163E-2,-0.109
33.523,-1.209E-2,-0.110
33.540,-1.259E-2,-0.104
33.558,-1.261E-2,-0.101
33.575,-9.383E-3,-9.444E-2
33.592,-8.669E-3,-8.849E-2
33.609,-1.125E-2,-9.742E-2
33.626,-7.956E-3,-7.772E-2
33.644,-8.983E-3,-7.395E-2
33.661,-8.373E-3,-8.034E-2
33.678,-8.270E-3,-7.027E-2
33.695,-8.663E-3,-7.181E-2
33.712,-9.351E-3,-7.228E-2
33.729,-1.165E-2,-7.368E-2
33.747,-9.300E-3,-7.965E-2
33.764,-2.461E-2,-6.658E-2
33.781,-2.556E-2,-7.071E-2
33.798,-2.583E-2,-7.574E-2
33.815,-2.532E-2,-8.197E-2
33.833,-2.449E-2,-8.849E-2
33.850,-2.352E-2,-9.565E-2
33.867,-2.257E-2,-0.103
33.884,-1.367E-3,-0.106
33.901,-1.418E-3,-0.109
33.918,-7.003E-3,-0.111
33.936,-2.181E-3,-0.109
33.953,-6.589E-3,-0.105
33.970,-6.387E-3,-0.101
33.987,-7.319E-3,-9.923E-2
34.004,-9.174E-3,-9.763E-2
34.022,-1.103E-2,-9.557E-2
34.039,-1.058E-2,-9.418E-2
34.056,-9.901E-3,-9.257E-2
34.073,-8.318E-3,-8.818E-2
34.090,-8.815E-3,-8.311E-2
34.107,-9.087E-3,-7.814E-2
34.125,-8.784E-3,-7.489E-2
34.142,-8.673E-3,-7.043E-2
34.159,-9.382E-3,-6.790E-2
34.176,-1.148E-2,-6.469E-2
34.193,-1.261E-2,-6.700E-2
34.211,-1.581E-2,-7.163E-2
34.228,-1.579E-2,-7.486E-2
34.245,-1.810E-2,-7.418E-2
34.262,-1.665E-2,-8.362E-2
34.279,-1.847E-2,-8.686E-2
34.296,-1.380E-2,-9.490E-2
34.314,-1.172E-2,-9.604E-2
34.331,-1.444E-2,-0.103
34.348,-1.533E-2,-0.108
34.365,-1.482E-2,-0.115
34.382,-1.478E-2,-0.119
34.400,-1.453E-2,-0.123
34.417,-1.197E-2,-0.127
34.434,-1.499E-2,-0.123
34.451,-1.041E-2,-0.118
34.468,-1.319E-2,-0.116
34.485,-1.300E-2,-0.111
34.503,-1.509E-2,-0.109
34.520,-1.466E-2,-0.104
34.537,-1.241E-2,-9.696E-2
34.554,-2.450E-2,-0.115
34.571,-2.318E-2,-0.105
34.589,-1.426E-2,-9.582E-2
34.606,-1.563E-2,-9.699E-2
34.623,-1.475E-2,-9.168E-2
34.640,-5.580E-3,-8.424E-2
34.657,7.609E-5,-7.627E-2
34.675,-8.205E-5,-7.936E-2
34.692,-2.790E-3,-7.676E-2
34.709,-4.933E-3,-7.778E-2
34.726,-4.696E-3,-7.870E-2
34.743,-4.923E-3,-7.884E-2
34.760,-5.177E-3,-8.092E-2
34.778,-5.297E-3,-8.351E-2
34.795,-5.023E-3,-8.640E-2
34.812,-4.449E-3,-8.952E-2
34.829,-2.702E-3,-8.367E-2
34.846,-2.063E-3,-8.721E-2
34.864,-1.321E-3,-9.077E-2
34.881,-2.008E-3,-0.101
34.898,2.440E-3,-0.101
34.915,3.319E-3,-0.103
34.932,1.249E-3,-0.105
34.949,2.638E-3,-0.106
34.967,3.749E-3,-9.985E-2
34.984,-4.175E-4,-9.734E-2
35.001,2.097E-3,-9.433E-2
35.018,-2.305E-4,-9.112E-2
35.035,1.592E-3,-8.811E-2
35.053,3.182E-3,-8.464E-2
35.070,2.927E-3,-8.118E-2
35.087,2.679E-3,-7.865E-2
35.104,2.442E-3,-7.773E-2
35.121,1.738E-3,-7.589E-2
35.138,1.270E-3,-7.497E-2
35.156,5.853E-4,-7.590E-2
35.173,-1.023E-3,-7.660E-2
35.190,-1.025E-3,-7.637E-2
35.207,-2.640E-3,-7.615E-2
35.224,-4.242E-3,-7.778E-2
35.242,-1.919E-3,-8.029E-2
35.259,1.372E-4,-7.774E-2
35.276,-5.462E-4,-7.890E-2
35.293,-2.846E-3,-7.961E-2
35.310,-4.858E-3,-8.861E-2
35.327,-2.316E-2,-8.475E-2
35.345,-2.443E-2,-8.871E-2
35.362,-2.853E-2,-9.892E-2
35.379,-2.381E-2,-0.114
35.396,-2.328E-2,-0.118
35.413,-2.359E-2,-0.125
35.431,1.822E-3,-9.695E-2
35.448,1.822E-3,-9.995E-2
35.465,1.524E-3,-0.103
35.482,8.184E-4,-0.106
35.499,-3.478E-2,-0.128
35.516,-3.781E-2,-0.123
35.534,-3.741E-2,-0.114
35.551,-3.606E-2,-0.109
35.568,-3.290E-2,-0.100
35.585,-3.294E-2,-9.457E-2
35.602,-2.634E-2,-8.162E-2
35.620,-2.029E-2,-7.757E-2
35.637,-1.888E-2,-7.118E-2
35.654,-1.921E-2,-6.629E-2
35.671,-1.885E-2,-6.474E-2
35.688,-2.070E-2,-6.475E-2
35.705,-2.161E-2,-6.614E-2
35.723,-1.908E-2,-6.474E-2
35.740,-2.093E-2,-6.452E-2
35.757,-2.161E-2,-6.545E-2
35.774,-2.344E-2,-6.823E-2
35.791,-2.134E-2,-7.167E-2
35.809,-2.617E-2,-7.355E-2
35.826,-2.820E-2,-7.979E-2
35.843,-2.726E-2,-8.232E-2
35.860,-2.674E-2,-9.084E-2
35.877,-1.889E-2,-0.125
35.894,-1.886E-2,-0.130
35.912,-1.978E-2,-0.130
35.929,-1.975E-2,-0.135
35.946,-2.135E-2,-0.136
35.963,-1.904E-2,-0.137
35.980,-2.112E-2,-0.136
35.998,-2.045E-2,-0.134
36.015,-1.863E-2,-0.130
36.032,-3.502E-2,-9.550E-2
36.049,-2.625E-2,-9.638E-2
36.066,-2.513E-2,-8.803E-2
36.083,-1.199E-2,-9.074E-2
36.101,-1.273E-2,-8.291E-2
36.118,-1.061E-2,-7.602E-2
36.135,-1.146E-2,-6.893E-2
36.152,-1.291E-2,-6.321E-2
36.169,-1.405E-2,-5.987E-2
36.187,-1.823E-2,-5.528E-2
36.204,-2.008E-2,-5.484E-2
36.221,-2.308E-2,-5.417E-2
36.238,-2.444E-2,-5.671E-2
36.255,-2.441E-2,-6.132E-2
36.272,2.101E-4,-7.121E-2
36.290,-2.873E-2,-6.919E-2
36.307,-2.987E-2,-7.196E-2
36.324,-2.984E-2,-7.657E-2
36.341,-2.775E-2,-7.817E-2
36.358,-2.725E-2,-8.301E-2
36.376,-2.561E-2,-8.807E-2
36.393,-2.323E-2,-9.888E-2
36.410,-2.411E-2,-0.104
36.427,-2.475E-2,-0.112
36.444,-2.444E-2,-0.123
36.461,-2.140E-2,-0.130
36.479,-1.999E-2,-0.134
36.496,-1.816E-2,-0.132
36.513,-2.066E-2,-0.136
36.530,-2.090E-2,-0.134
36.547,-2.026E-2,-0.127
36.565,-2.030E-2,-0.121
36.582,-1.871E-2,-0.118
36.599,-1.876E-2,-0.111
36.616,-1.742E-2,-0.104
36.633,-1.468E-2,-0.101
36.651,-1.355E-2,-9.766E-2
36.668,-1.128E-2,-9.281E-2
36.685,-9.720E-3,-8.542E-2
36.702,-8.831E-3,-8.080E-2
36.719,-7.963E-3,-7.296E-2
36.736,-5.459E-3,-6.856E-2
36.754,-1.008E-2,-6.721E-2
36.771,-1.196E-2,-6.216E-2
36.788,-1.355E-2,-6.516E-2
36.805,-1.470E-2,-6.494E-2
36.822,-1.722E-2,-6.703E-2
36.840,-1.769E-2,-6.704E-2
36.857,-1.812E-2,-7.096E-2
36.874,-1.834E-2,-7.211E-2
36.891,-1.902E-2,-7.465E-2
36.908,-1.992E-2,-7.673E-2
36.925,-2.060E-2,-7.881E-2
36.943,-2.012E-2,-8.134E-2
36.960,-1.891E-2,-8.940E-2
36.977,-1.263E-2,-9.789E-2
36.994,-1.263E-2,-9.835E-2
37.011,-1.051E-2,-0.105
37.029,-8.098E-3,-0.120
37.046,-1.470E-2,-0.132
37.063,-1.609E-2,-0.130
37.080,-1.107E-2,-0.123
37.097,-1.337E-2,-0.124
37.114,-1.060E-2,-0.125
37.132,-1.016E-2,-0.121
37.149,-7.659E-3,-0.117
37.166,-6.315E-3,-0.111
37.183,-6.346E-3,-0.107
37.200,-8.931E-3,-9.947E-2
37.218,-1.081E-2,-9.372E-2
37.235,-1.039E-2,-8.796E-2
37.252,-9.993E-3,-7.943E-2
37.269,-1.023E-2,-7.828E-2
37.286,-1.234E-2,-7.322E-2
37.303,-1.724E-2,-6.427E-2
37.321,-1.609E-2,-6.380E-2
37.338,-1.609E-2,-6.380E-2
37.355,-1.724E-2,-6.542E-2
37.372,-1.769E-2,-6.588E-2
37.389,-1.838E-2,-6.704E-2
37.407,-2.044E-2,-6.890E-2
37.424,-2.227E-2,-7.122E-2
37.441,-2.200E-2,-7.698E-2
37.458,-2.265E-2,-8.297E-2
37.475,-2.310E-2,-8.390E-2
37.492,-2.191E-2,-8.965E-2
37.510,-1.933E-2,-9.609E-2
37.527,-1.884E-2,-0.100
37.544,,
37.561,-1.814E-2,-0.102
37.578,-1.463E-2,-0.108
37.596,-1.501E-2,-0.120
37.613,-1.749E-2,-0.128
37.630,-2.205E-2,-0.135
37.647,-2.205E-2,-0.135
37.664,-2.205E-2,-0.135
37.681,-2.071E-2,-0.130
37.699,-2.071E-2,-0.129
37.716,-2.072E-2,-0.127
37.733,-2.213E-2,-0.124
37.750,-2.330E-2,-0.121
37.767,-2.471E-2,-0.117
37.785,-2.494E-2,-0.117
37.802,-2.453E-2,-0.110
37.819,-2.318E-2,-0.106
37.836,-2.297E-2,-0.103
37.853,-1.981E-2,-9.217E-2
37.870,-1.641E-2,-8.524E-2
37.888,-1.621E-2,-8.016E-2
37.905,-1.644E-2,-7.970E-2
37.922,-2.243E-2,-8.044E-2
37.939,-2.286E-2,-8.574E-2
37.956,-2.306E-2,-9.012E-2
37.974,-2.736E-2,-0.101
37.991,-2.780E-2,-0.104
38.008,-2.847E-2,-0.107
38.025,-2.889E-2,-0.113
38.042,-2.888E-2,-0.114
38.059,-2.888E-2,-0.114
38.077,-2.352E-2,-0.123
38.094,-2.278E-2,-0.129
38.111,-2.499E-2,-0.143
38.128,-2.499E-2,-0.143
38.145,-2.475E-2,-0.145
38.163,-2.381E-2,-0.147
38.180,-2.241E-2,-0.149
38.197,-2.404E-2,-0.148
38.214,-2.566E-2,-0.146
38.231,-2.591E-2,-0.144
38.248,-2.640E-2,-0.140
38.266,-2.642E-2,-0.137
38.283,-2.758E-2,-0.136
38.300,-3.039E-2,-0.129
38.317,-3.180E-2,-0.125
38.334,-3.113E-2,-0.122
38.352,-2.819E-2,-0.115
38.369,-2.708E-2,-0.108
38.386,-2.641E-2,-0.104
38.403,-2.461E-2,-9.820E-2
38.420,-2.329E-2,-8.920E-2
38.437,-2.239E-2,-8.643E-2
38.455,-1.988E-2,-8.272E-2
38.472,-1.485E-2,-7.670E-2
38.489,-1.371E-2,-7.508E-2
38.506,-1.213E-2,-7.068E-2
38.523,-1.258E-2,-7.253E-2
38.541,-1.488E-2,-7.255E-2
38.558,-1.257E-2,-7.345E-2
38.575,-1.417E-2,-7.577E-2
38.592,-1.760E-2,-7.971E-2
38.609,-1.778E-2,-8.594E-2
38.627,-1.727E-2,-9.400E-2
38.644,-1.657E-2,-9.469E-2
38.661,-1.633E-2,-9.653E-2
38.678,-1.305E-2,-0.103
38.695,-1.209E-2,-0.109
38.712,-1.229E-2,-0.114
38.730,-9.253E-3,-0.119
38.747,-1.816E-2,-0.130
38.764,-1.994E-2,-0.140
38.781,-2.404E-2,-0.147
38.798,-2.193E-2,-0.152
38.816,-2.146E-2,-0.154
38.833,,
38.850,-2.025E-2,-0.130
38.867,-2.025E-2,-0.128
38.884,-2.563E-2,-0.151
38.901,-2.523E-2,-0.142
38.919,-2.228E-2,-0.135
38.936,-2.206E-2,-0.133
38.953,-2.277E-2,-0.131
38.970,-2.465E-2,-0.127
38.987,-2.513E-2,-0.123
39.005,-2.447E-2,-0.118
39.022,-2.426E-2,-0.115
39.039,-2.309E-2,-0.118
39.056,-2.062E-2,-0.109
39.073,-2.017E-2,-0.107
39.090,-1.905E-2,-0.103
39.108,-1.676E-2,-9.999E-2
39.125,-1.084E-2,-9.004E-2
39.142,-9.024E-3,-8.611E-2
39.159,,
39.176,-1.040E-2,-8.727E-2
39.194,-8.128E-3,-8.241E-2
39.211,-7.453E-3,-8.010E-2
39.228,-7.453E-3,-8.010E-2
39.245,-6.764E-3,-7.964E-2
39.262,-7.011E-3,-7.733E-2
39.279,-4.439E-3,-8.262E-2
39.297,-3.757E-3,-8.123E-2
39.314,-4.181E-3,-8.653E-2
39.331,-6.471E-3,-8.862E-2
39.348,-6.689E-3,-9.047E-2
39.365,-9.165E-3,-9.901E-2
39.383,-7.980E-3,-0.104
39.400,-7.711E-3,-0.109
39.417,-6.754E-3,-0.114
39.434,-6.505E-3,-0.117
39.451,-3.701E-3,-0.122
39.468,-2.984E-3,-0.126
39.486,-6.858E-3,-0.132
39.503,-1.299E-2,-0.145
39.520,-1.662E-2,-0.153
