,mass A,,
t,x,y,
0.000,-8.082E-3,-0.113
0.032,-2.072E-2,-0.107
0.064,-4.562E-3,-0.121
0.096,9.482E-4,-0.138
0.128,-2.525E-3,-0.128
0.160,6.921E-3,-9.961E-2
0.192,1.223E-2,-0.102
0.224,1.748E-2,-0.120
0.256,2.053E-2,-0.128
0.287,2.111E-2,-0.122
0.319,2.154E-2,-0.112
0.351,2.686E-2,-0.113
0.383,2.595E-2,-0.123
0.415,2.349E-2,-0.125
0.447,1.954E-2,-0.113
0.479,2.605E-2,-0.117
0.511,2.117E-2,-0.133
0.543,2.426E-2,-0.137
0.575,2.696E-2,-0.121
0.607,2.990E-2,-0.119
0.639,3.317E-2,-0.127
0.671,3.524E-2,-0.133
0.703,3.592E-2,-0.121
0.735,3.360E-2,-0.129
0.767,2.795E-2,-0.134
0.798,2.556E-2,-0.115
0.830,2.915E-2,-0.106
0.862,2.800E-2,-0.117
0.894,2.116E-2,-0.133
0.926,2.029E-2,-0.128
0.958,1.905E-2,-0.115
0.990,1.808E-2,-0.115
1.022,1.492E-2,-0.129
1.054,7.889E-3,-0.124
1.086,1.081E-2,-0.112
1.118,1.162E-2,-0.110
1.150,1.167E-2,-0.121
1.182,1.227E-2,-0.129
1.214,1.034E-2,-0.128
1.246,8.297E-3,-0.115
1.278,1.466E-2,-0.116
1.309,1.211E-2,-0.107
1.341,2.070E-2,-0.118
1.373,1.226E-2,-0.110
1.405,2.038E-2,-0.109
1.437,1.610E-2,-0.126
1.469,1.249E-2,-0.130
1.501,9.401E-3,-0.119
1.533,1.247E-2,-0.117
1.565,4.912E-3,-0.119
1.597,-4.342E-3,-0.107
1.629,-4.686E-3,-0.102
1.661,5.438E-3,-0.113
1.693,9.251E-3,-0.121
1.725,1.152E-2,-0.116
1.757,1.279E-2,-0.101
1.789,-2.330E-3,-0.106
1.820,1.585E-2,-0.108
1.852,1.638E-2,-0.115
1.884,1.370E-2,-0.116
1.916,1.674E-2,-0.109
1.948,1.820E-2,-0.109
1.980,1.382E-2,-0.113
2.012,1.055E-2,-0.116
2.044,7.825E-3,-0.105
2.076,7.918E-3,-0.106
2.108,-1.809E-4,-0.121
2.140,-5.434E-3,-0.128
2.172,-5.482E-3,-0.117
2.204,-1.547E-2,-0.125
2.236,-2.337E-3,-0.131
2.268,4.426E-4,-0.118
2.300,-3.886E-3,-0.113
2.331,1.095E-2,-0.118
2.363,1.061E-2,-0.130
2.395,9.324E-3,-0.130
2.427,1.027E-2,-0.113
2.459,-5.320E-3,-0.114
2.491,1.225E-2,-0.118
2.523,1.334E-2,-0.123
2.555,1.190E-2,-0.108
2.587,-2.544E-3,-0.104
2.619,1.840E-2,-0.106
2.651,1.948E-2,-0.118
2.683,1.679E-2,-0.120
2.715,1.344E-2,-0.108
2.747,1.214E-2,-0.105
2.779,9.415E-3,-0.120
2.811,3.865E-3,-0.124
2.842,4.298E-3,-0.113
2.874,-1.023E-3,-0.123
2.906,-3.163E-4,-0.127
2.938,-6.414E-3,-0.119
2.970,-7.454E-3,-0.103
3.002,-1.248E-2,-0.115
3.034,-8.543E-3,-0.140
3.066,-1.684E-2,-0.142
3.098,-7.458E-3,-0.116
3.130,1.323E-3,-9.849E-2
3.162,6.717E-3,-0.104
3.194,1.126E-2,-0.119
3.226,1.340E-2,-0.119
3.258,1.676E-2,-0.118
3.290,1.415E-2,-0.134
3.322,9.798E-3,-0.145
3.353,8.143E-3,-0.143
3.385,1.545E-2,-0.113
3.417,1.690E-2,-0.116
3.449,1.661E-2,-0.138
3.481,1.419E-2,-0.144
3.513,1.839E-2,-0.126
3.545,1.812E-2,-0.113
3.577,1.798E-2,-0.126
3.609,1.658E-2,-0.132
3.641,1.298E-2,-0.129
3.673,8.084E-3,-0.134
3.705,3.681E-3,-0.143
3.737,4.251E-4,-0.140
3.769,1.049E-2,-0.105
3.801,1.106E-2,-0.101
3.833,1.184E-2,-0.129
3.864,1.401E-2,-0.140
3.896,1.343E-2,-0.117
3.928,2.195E-2,-0.108
3.960,2.298E-2,-0.119
3.992,2.211E-2,-0.121
4.024,2.472E-2,-0.121
4.056,1.918E-2,-0.108
4.088,1.635E-3,-0.116
4.120,2.481E-2,-0.121
4.152,2.635E-2,-0.128
4.184,1.792E-2,-0.125
4.216,2.222E-2,-0.114
4.248,2.272E-2,-0.114
4.280,1.798E-2,-0.123
4.312,7.937E-3,-0.127
4.344,5.844E-3,-0.121
4.375,1.372E-3,-0.114
4.407,-2.660E-4,-0.120
4.439,-2.220E-3,-0.123
4.471,-3.550E-3,-0.118
4.503,-2.155E-3,-0.121
4.535,-6.066E-4,-0.116
4.567,-7.821E-3,-0.124
4.599,8.089E-3,-0.126
4.631,1.052E-2,-0.131
4.663,1.025E-2,-0.128
4.695,1.526E-2,-0.109
4.727,1.901E-2,-9.440E-2
4.759,2.014E-2,-0.110
4.791,2.332E-2,-0.121
4.823,2.329E-2,-0.123
4.855,1.758E-2,-0.116
4.887,2.381E-2,-0.106
4.918,1.817E-2,-0.112
4.950,1.749E-2,-0.122
4.982,1.571E-2,-0.126
5.014,1.574E-2,-0.124
5.046,2.116E-2,-0.119
5.078,2.324E-2,-0.125
5.110,2.563E-2,-0.127
5.142,2.167E-2,-0.132
5.174,1.703E-2,-0.134
5.206,2.085E-2,-0.123
5.238,2.512E-2,-0.115
5.270,2.971E-2,-0.116
5.302,3.101E-2,-0.117
5.334,3.519E-2,-0.121
5.366,2.660E-2,-0.114
5.398,2.979E-2,-0.111
5.429,2.813E-2,-0.109
5.461,2.619E-2,-0.109
5.493,2.469E-2,-0.112
5.525,2.058E-2,-0.116
5.557,1.746E-2,-0.124
5.589,1.802E-2,-0.118
5.621,1.553E-2,-0.123
5.653,1.064E-2,-0.124
5.685,1.557E-2,-0.120
5.717,1.571E-2,-0.126
5.749,1.195E-2,-0.133
5.781,5.636E-3,-0.133
5.813,1.116E-2,-0.122
5.845,1.036E-2,-0.113
5.877,6.347E-3,-0.134
5.909,1.625E-3,-0.141
5.940,7.222E-3,-0.126
5.972,1.413E-2,-0.106
6.004,1.144E-2,-0.107
6.036,1.002E-2,-0.119
6.068,7.256E-3,-0.124
6.100,7.106E-3,-0.105
6.132,8.155E-3,-8.629E-2
6.164,1.289E-2,-0.107
6.196,1.598E-2,-0.124
6.228,1.394E-2,-0.130
6.260,1.452E-2,-0.111
6.292,1.842E-2,-9.569E-2
6.324,1.434E-2,-9.344E-2
6.356,1.865E-2,-0.110
6.388,1.722E-2,-0.123
6.420,1.424E-2,-0.113
6.451,6.688E-3,-0.101
6.483,1.377E-2,-9.828E-2
6.515,1.106E-2,-0.114
6.547,1.410E-3,-0.111
6.579,-3.693E-5,-0.111
6.611,-4.227E-3,-0.115
6.643,-8.460E-3,-0.121
6.675,7.232E-4,-9.514E-2
6.707,6.449E-3,-8.675E-2
6.739,1.675E-2,-0.122
6.771,1.692E-2,-0.126
6.803,1.036E-2,-0.113
6.835,2.252E-2,-0.111
6.867,2.110E-2,-0.123
6.899,1.985E-2,-0.125
6.931,1.238E-2,-0.122
6.962,2.576E-4,-0.122
6.994,-6.609E-3,-0.126
7.026,-1.584E-2,-0.141
7.058,-1.740E-3,-9.728E-2
7.090,6.974E-3,-0.112
7.122,7.444E-3,-0.127
7.154,7.448E-3,-0.127
7.186,5.125E-3,-0.121
7.218,-2.219E-4,-0.135
7.250,2.038E-4,-0.139
7.282,7.548E-3,-0.107
7.314,1.498E-2,-9.806E-2
7.346,8.247E-3,-0.123
7.378,8.818E-3,-0.132
7.410,1.339E-3,-0.129
7.442,8.672E-3,-0.112
7.473,1.174E-2,-8.927E-2
7.505,1.460E-2,-0.106
7.537,2.048E-2,-0.117
7.569,4.448E-3,-9.654E-2
7.601,2.129E-2,-0.112
7.633,2.369E-2,-0.116
7.665,2.711E-2,-0.122
7.697,2.750E-2,-0.132
7.729,2.535E-2,-0.130
7.761,2.053E-2,-0.128
7.793,2.373E-2,-0.125
7.825,2.148E-2,-0.129
7.857,8.247E-3,-0.123
7.889,1.678E-2,-0.120
7.921,7.217E-3,-0.112
7.953,1.426E-2,-0.112
7.984,1.028E-2,-0.117
8.016,4.975E-3,-0.129
8.048,1.479E-3,-0.132
8.080,9.859E-3,-0.114
8.112,-7.766E-3,-0.121
8.144,1.199E-2,-0.121
8.176,1.495E-2,-0.131
8.208,1.200E-2,-0.130
8.240,1.367E-2,-0.123
8.272,1.326E-2,-0.113
8.304,1.278E-2,-0.114
8.336,9.438E-3,-0.129
8.368,9.512E-3,-0.134
8.400,1.011E-2,-0.126
8.432,1.087E-2,-0.111
8.464,-7.769E-3,-0.121
8.495,9.701E-3,-0.127
8.527,1.240E-2,-0.135
8.559,1.092E-2,-0.136
8.591,9.244E-3,-0.120
8.623,1.197E-2,-0.106
8.655,1.642E-2,-9.905E-2
8.687,1.382E-2,-0.105
8.719,1.350E-2,-0.116
8.751,1.068E-2,-0.122
8.783,8.370E-3,-0.116
8.815,3.784E-3,-0.114
8.847,-1.645E-3,-0.123
8.879,-3.511E-3,-0.129
8.911,-7.919E-3,-0.127
8.943,-6.418E-3,-0.115
8.975,-7.530E-3,-0.108
9.006,-1.022E-2,-0.125
9.038,-1.176E-2,-0.129
9.070,-1.782E-2,-0.129
9.102,-9.456E-3,-0.109
9.134,-3.918E-3,-9.700E-2
9.166,-4.234E-3,-0.107
9.198,-2.783E-3,-0.126
9.230,-3.544E-4,-0.129
9.262,-3.666E-3,-0.110
9.294,8.734E-3,-9.154E-2
9.326,8.424E-3,-0.108
9.358,8.539E-3,-0.122
9.390,-9.414E-4,-9.193E-2
9.422,4.506E-3,-0.101
9.454,9.858E-3,-0.106
9.486,8.860E-3,-0.119
9.518,5.397E-3,-0.119
9.549,-3.828E-3,-0.106
9.581,-2.339E-4,-0.107
9.613,-3.323E-3,-0.120
9.645,-7.798E-3,-0.123
9.677,-1.873E-2,-0.112
9.709,-7.563E-3,-0.108
9.741,-7.909E-3,-0.125
9.773,-7.830E-3,-0.127
9.805,-1.226E-2,-0.117
9.837,-1.235E-2,-9.370E-2
9.869,-5.076E-3,-8.272E-2
9.901,1.724E-3,-0.107
9.933,7.646E-3,-0.114
9.965,2.354E-3,-0.113
9.997,-7.693E-3,-0.117
10.029,1.700E-2,-0.120
10.060,1.740E-2,-0.126
10.092,8.962E-3,-0.123
10.124,1.123E-2,-0.105
10.156,1.133E-2,-0.116
10.188,1.177E-2,-0.129
10.220,8.920E-3,-0.126
10.252,-5.386E-5,-0.112
10.284,1.773E-3,-0.113
10.316,6.563E-4,-0.130
10.348,-3.453E-3,-0.112
10.380,2.508E-3,-0.118
10.412,4.644E-3,-0.121
10.444,6.306E-3,-0.126
10.476,8.291E-3,-0.122
10.508,1.338E-2,-0.106
10.540,1.640E-2,-0.107
10.571,1.551E-2,-0.119
10.603,1.122E-2,-0.119
10.635,1.296E-2,-0.108
10.667,1.322E-2,-0.111
10.699,1.072E-2,-0.120
10.731,5.354E-3,-0.122
10.763,2.564E-4,-0.108
10.795,5.606E-3,-0.117
10.827,8.384E-3,-0.129
10.859,8.297E-3,-0.126
10.891,1.286E-2,-0.111
10.923,1.481E-2,-9.468E-2
10.955,1.598E-2,-0.102
10.987,1.369E-2,-0.115
11.019,1.248E-2,-0.117
11.051,8.238E-3,-0.109
11.082,7.135E-3,-0.115
11.114,6.439E-3,-0.125
11.146,4.852E-3,-0.123
11.178,1.088E-2,-0.111
11.210,9.627E-3,-0.121
11.242,7.018E-3,-0.128
11.274,1.717E-3,-0.122
11.306,1.588E-3,-0.114
11.338,-9.303E-3,-0.111
11.370,5.971E-3,-0.115
11.402,8.138E-3,-0.125
11.434,4.827E-3,-0.124
11.466,-2.147E-4,-0.121
11.498,6.873E-3,-0.118
11.530,8.362E-3,-0.116
11.562,5.774E-3,-0.121
11.593,-4.470E-3,-0.115
11.625,-1.420E-3,-0.117
11.657,-3.313E-3,-0.126
11.689,-6.423E-3,-0.124
11.721,-4.814E-3,-0.109
11.753,-6.327E-3,-0.112
11.785,-4.584E-4,-0.137
11.817,-1.417E-3,-0.142
11.849,1.455E-4,-0.127
11.881,9.229E-3,-0.104
11.913,8.282E-3,-0.121
11.945,6.802E-3,-0.133
11.977,1.824E-3,-0.129
12.009,-1.341E-3,-0.119
12.041,-4.791E-3,-0.130
12.073,-6.778E-3,-0.136
12.104,-1.185E-2,-0.134
12.136,-4.988E-3,-0.111
12.168,2.971E-3,-0.112
12.200,5.442E-3,-0.129
12.232,-2.570E-4,-0.124
12.264,6.905E-3,-0.108
12.296,3.334E-3,-0.122
12.328,6.139E-4,-0.134
12.360,-3.319E-3,-0.117
12.392,6.628E-4,-0.101
12.424,-1.374E-3,-0.117
12.456,-1.621E-3,-0.133
12.488,-6.902E-3,-0.129
12.520,-1.010E-2,-0.114
12.552,-1.023E-2,-0.111
12.584,-1.487E-2,-0.146
12.615,-1.663E-2,-0.136
12.647,4.859E-3,-9.864E-2
12.679,9.129E-3,-0.104
12.711,1.074E-2,-0.120
12.743,-8.761E-3,-9.718E-2
12.775,1.295E-2,-0.117
12.807,1.047E-2,-0.120
12.839,5.807E-3,-0.124
12.871,2.410E-3,-0.124
12.903,-5.946E-3,-0.116
12.935,-2.575E-3,-0.112
12.967,2.352E-4,-0.132
12.999,-8.648E-4,-0.128
13.031,5.355E-3,-0.113
13.063,-4.968E-3,-0.107
13.095,1.194E-2,-0.116
13.126,1.041E-2,-0.124
13.158,1.146E-2,-0.117
13.190,1.697E-2,-0.109
13.222,1.448E-2,-0.113
13.254,1.240E-2,-0.121
13.286,8.064E-3,-0.119
13.318,8.404E-3,-0.114
13.350,7.361E-3,-0.104
13.382,1.003E-2,-0.104
13.414,-9.071E-3,-0.128
13.446,1.004E-2,-0.117
13.478,1.250E-3,-0.134
13.510,2.745E-3,-0.124
13.542,1.098E-2,-0.107
13.574,1.579E-2,-9.346E-2
13.606,2.270E-2,-9.789E-2
13.638,2.268E-2,-0.114
13.669,2.136E-2,-0.122
13.701,2.648E-2,-0.120
13.733,2.432E-2,-0.119
13.765,2.566E-2,-0.125
13.797,2.227E-2,-0.125
13.829,1.958E-2,-0.127
13.861,1.585E-2,-0.118
13.893,1.125E-2,-0.117
13.925,5.975E-3,-0.114
13.957,3.499E-3,-0.117
13.989,-4.771E-3,-0.118
14.021,-7.979E-3,-0.121
14.053,-1.328E-2,-0.119
14.085,-1.632E-2,-0.113
14.117,-1.482E-2,-0.110
14.149,-1.546E-2,-0.115
14.180,-8.286E-3,-0.123
14.212,-8.753E-3,-0.124
14.244,-7.955E-3,-0.119
14.276,-4.629E-3,-0.107
14.308,-1.528E-2,-0.110
14.340,2.697E-3,-0.107
14.372,5.882E-3,-0.117
14.404,3.419E-3,-0.121
14.436,2.172E-3,-0.117
14.468,5.679E-3,-0.103
14.500,9.162E-3,-9.753E-2
14.532,7.295E-3,-0.111
14.564,4.737E-3,-0.115
14.596,1.823E-3,-0.116
14.628,2.057E-3,-0.116
14.660,-9.096E-4,-0.120
14.691,-4.329E-3,-0.121
14.723,-1.474E-2,-0.105
14.755,-3.633E-3,-9.491E-2
14.787,-6.657E-3,-0.104
14.819,-3.950E-3,-0.117
14.851,-3.440E-3,-0.111
14.883,-1.942E-2,-0.106
14.915,1.288E-2,-0.102
14.947,-4.463E-3,-7.845E-2
14.979,1.814E-4,-9.144E-2
15.011,1.767E-2,-9.993E-2
15.043,2.004E-2,-0.107
15.075,1.931E-2,-0.114
15.107,1.516E-2,-0.116
15.139,1.203E-2,-0.108
15.171,9.429E-3,-0.111
15.202,7.844E-3,-0.124
15.234,5.572E-3,-0.128
15.266,6.609E-4,-0.113
15.298,-1.231E-2,-0.117
15.330,1.246E-2,-0.124
15.362,9.473E-3,-0.122
15.394,1.241E-2,-0.120
15.426,1.038E-2,-0.112
15.458,1.732E-2,-0.115
15.490,1.465E-2,-0.125
15.522,9.413E-3,-0.125
15.554,-8.168E-3,-0.123
15.586,1.480E-2,-0.131
15.618,2.002E-2,-0.139
15.650,2.181E-2,-0.130
15.682,2.938E-2,-0.108
15.713,2.712E-2,-0.113
15.745,2.314E-2,-0.117
15.777,2.420E-2,-0.128
15.809,2.219E-2,-0.130
15.841,1.962E-2,-0.133
15.873,1.704E-2,-0.145
15.905,1.637E-2,-0.144
15.937,1.347E-2,-0.143
15.969,1.052E-2,-0.131
16.001,8.197E-3,-0.126
16.033,5.333E-3,-0.123
16.065,1.040E-2,-0.124
16.097,3.988E-3,-0.132
16.129,4.215E-3,-0.131
16.161,-1.155E-3,-0.119
16.193,-5.207E-3,-0.124
16.224,-7.940E-3,-0.133
16.256,-1.104E-2,-0.116
16.288,-6.884E-3,-9.895E-2
16.320,-7.304E-3,-0.115
16.352,-5.401E-3,-0.134
16.384,-2.300E-5,-0.124
16.416,1.407E-2,-9.888E-2
16.448,1.178E-2,-0.114
16.480,9.440E-3,-0.127
16.512,2.853E-3,-0.126
16.544,-3.992E-4,-0.104
16.576,-1.201E-3,-0.102
16.608,2.789E-4,-0.116
16.640,-5.912E-3,-0.114
16.672,-2.365E-3,-0.105
16.704,-1.849E-2,-0.112
16.735,1.816E-3,-0.115
16.767,3.946E-3,-0.119
16.799,7.404E-3,-0.115
16.831,3.946E-3,-0.119
16.863,-5.079E-3,-0.129
16.895,-7.536E-3,-0.124
16.927,-5.654E-3,-9.915E-2
16.959,-6.683E-3,-0.107
16.991,-5.931E-3,-0.120
17.023,-9.843E-3,-0.117
17.055,-1.036E-2,-0.101
17.087,-1.892E-2,-0.104
17.119,7.146E-4,-0.115
17.151,9.936E-4,-0.121
17.183,-2.036E-3,-0.114
17.215,3.079E-3,-0.101
17.246,3.980E-3,-9.984E-2
17.278,6.725E-3,-0.121
17.310,3.648E-3,-0.122
17.342,-2.734E-3,-0.113
17.374,7.734E-3,-0.109
17.406,7.554E-3,-0.121
17.438,4.132E-3,-0.118
17.470,8.474E-3,-0.119
17.502,7.523E-3,-0.133
17.534,6.351E-3,-0.134
17.566,3.503E-3,-0.117
17.598,9.953E-3,-0.105
17.630,1.062E-2,-0.124
17.662,1.150E-2,-0.131
17.694,3.155E-3,-0.123
17.726,1.345E-2,-0.110
17.757,1.579E-2,-0.117
17.789,-2.576E-3,-7.906E-2
17.821,1.094E-2,-0.122
17.853,9.990E-3,-0.106
17.885,1.200E-2,-0.102
17.917,1.086E-2,-0.112
17.949,1.269E-2,-0.118
17.981,-4.572E-3,-0.107
18.013,-1.765E-2,-0.106
18.045,4.679E-3,-0.103
18.077,5.848E-3,-0.119
18.109,6.694E-3,-0.114
18.141,2.440E-3,-0.122
18.173,-1.180E-2,-0.116
18.205,1.578E-2,-0.112
18.237,1.736E-2,-0.124
18.269,8.349E-3,-0.117
18.300,1.910E-2,-0.112
18.332,1.931E-2,-0.116
18.364,1.714E-2,-0.131
18.396,1.375E-2,-0.127
18.428,1.025E-2,-0.119
18.460,2.045E-2,-0.119
18.492,1.366E-2,-0.118
18.524,-1.954E-2,-0.112
18.556,1.120E-2,-0.113
18.588,1.157E-2,-0.127
18.620,-2.661E-3,-8.633E-2
18.652,8.606E-3,-0.109
18.684,9.199E-3,-0.110
18.716,5.877E-3,-0.121
18.748,-5.077E-3,-0.122
18.780,-6.006E-3,-0.105
18.811,-2.136E-3,-0.122
18.843,3.308E-4,-0.132
18.875,-2.712E-3,-0.125
18.907,7.581E-3,-0.119
18.939,8.774E-3,-0.122
18.971,5.299E-3,-0.134
19.003,-1.175E-2,-9.049E-2
19.035,-2.683E-3,-0.110
19.067,-7.705E-3,-9.859E-2
19.099,1.042E-2,-0.104
19.131,1.231E-2,-0.120
19.163,1.123E-2,-0.119
19.195,1.293E-2,-0.104
19.227,2.264E-2,-0.108
19.259,1.918E-2,-0.122
19.291,1.265E-2,-0.121
19.322,1.059E-2,-0.114
19.354,6.382E-3,-0.121
19.386,6.918E-4,-0.125
19.418,-7.198E-3,-0.104
19.450,-2.423E-5,-0.110
19.482,-4.283E-4,-0.122
19.514,-9.210E-4,-0.120
19.546,-6.925E-4,-0.107
19.578,2.051E-3,-9.806E-2
19.610,2.013E-3,-0.105
19.642,3.253E-4,-0.118
19.674,1.039E-3,-0.105
19.706,7.801E-3,-9.518E-2
19.738,8.764E-3,-0.107
19.770,9.895E-3,-0.115
19.802,9.059E-3,-0.122
19.833,3.737E-3,-0.117
19.865,6.358E-3,-0.120
19.897,5.665E-3,-0.118
19.929,7.772E-3,-0.124
19.961,5.209E-3,-0.133
19.993,5.177E-3,-0.132
20.025,4.239E-3,-0.116
20.057,7.285E-3,-0.108
20.089,6.954E-3,-0.116
20.121,9.886E-3,-0.138
20.153,8.938E-3,-0.139
20.185,1.621E-2,-0.137
20.217,1.921E-2,-0.133
20.249,2.069E-2,-0.133
20.281,1.553E-2,-0.126
20.313,1.508E-2,-0.116
20.344,1.042E-2,-0.106
20.376,-1.797E-4,-0.119
20.408,2.770E-3,-0.145
20.440,4.858E-3,-0.136
20.472,1.517E-2,-0.115
20.504,1.603E-2,-0.116
20.536,1.196E-2,-0.124
20.568,7.997E-3,-0.134
20.600,-9.228E-3,-7.901E-2
20.632,6.554E-3,-0.122
20.664,3.149E-3,-0.109
20.696,3.401E-3,-0.118
20.728,4.064E-3,-0.129
20.760,4.814E-3,-0.125
20.792,8.046E-3,-0.106
20.824,9.648E-3,-0.113
20.855,1.064E-2,-0.127
20.887,8.698E-3,-0.125
20.919,8.094E-3,-0.118
20.951,1.286E-2,-0.104
20.983,1.168E-2,-0.117
21.015,-6.980E-3,-8.521E-2
21.047,6.183E-3,-0.116
21.079,1.444E-2,-0.116
21.111,1.383E-2,-0.123
21.143,5.827E-3,-0.122
21.175,1.051E-2,-0.121
21.207,9.553E-3,-0.110
21.239,-9.771E-3,-0.113
21.271,3.336E-3,-0.121
21.303,3.222E-3,-0.127
21.335,3.524E-3,-0.115
21.366,6.861E-3,-0.101
21.398,1.587E-2,-0.112
21.430,-8.826E-3,-8.730E-2
21.462,1.492E-2,-0.116
21.494,1.837E-2,-0.112
21.526,2.003E-2,-0.114
21.558,1.390E-2,-0.118
21.590,7.141E-3,-0.117
21.622,3.893E-3,-0.121
21.654,5.525E-3,-0.126
21.686,-3.128E-3,-0.135
21.718,-9.818E-3,-0.116
21.750,-9.427E-3,-9.293E-2
21.782,-1.465E-2,-0.114
21.814,-1.023E-2,-0.134
21.846,-1.032E-2,-0.130
21.877,-1.083E-2,-0.121
21.909,-3.284E-3,-0.102
21.941,1.654E-2,-9.848E-2
21.973,2.297E-2,-0.118
22.005,2.288E-2,-0.118
22.037,2.246E-2,-0.109
22.069,2.580E-2,-9.601E-2
22.101,2.587E-2,-0.105
22.133,2.696E-2,-0.117
22.165,2.406E-2,-0.120
22.197,2.614E-2,-0.126
22.229,3.000E-2,-0.127
22.261,2.377E-2,-0.123
22.293,3.354E-2,-0.119
22.325,3.392E-2,-0.111
22.357,2.955E-2,-0.125
22.388,3.090E-2,-0.131
22.420,2.455E-2,-0.120
22.452,2.943E-2,-0.118
22.484,2.650E-2,-0.119
22.516,2.257E-2,-0.122
22.548,1.770E-2,-0.123
22.580,1.395E-2,-0.116
22.612,9.600E-3,-0.115
22.644,3.522E-3,-0.125
22.676,-1.090E-3,-0.130
22.708,-2.572E-3,-0.119
22.740,-3.082E-3,-9.680E-2
22.772,2.847E-4,-0.125
22.804,1.054E-3,-0.132
22.836,-2.563E-3,-0.128
22.868,9.185E-4,-0.111
22.900,1.924E-3,-0.102
22.931,7.307E-3,-0.130
22.963,1.143E-2,-0.149
22.995,3.914E-3,-0.149
23.027,1.782E-2,-0.108
23.059,1.708E-2,-0.122
23.091,1.735E-2,-0.129
23.123,1.180E-2,-0.128
23.155,5.481E-3,-0.114
23.187,7.366E-3,-0.118
23.219,1.921E-3,-0.124
23.251,-5.383E-3,-0.125
23.283,-4.886E-3,-0.118
23.315,-9.716E-3,-0.134
23.347,-1.112E-2,-0.134
23.379,-9.694E-3,-0.109
23.411,-4.663E-3,-9.243E-2
23.442,2.296E-3,-0.107
23.474,5.130E-3,-0.123
23.506,9.682E-4,-0.123
23.538,4.562E-3,-0.111
23.570,1.096E-2,-0.110
23.602,1.050E-2,-0.126
23.634,6.687E-3,-0.129
23.666,3.416E-3,-0.121
23.698,-8.661E-3,-0.117
23.730,1.124E-2,-0.104
23.762,1.996E-2,-0.133
23.794,8.401E-3,-0.128
23.826,8.102E-3,-0.117
23.858,1.973E-2,-0.118
23.890,1.885E-2,-0.127
23.922,1.688E-2,-0.128
23.953,1.354E-2,-0.125
23.985,8.770E-3,-0.121
24.017,1.543E-2,-0.114
24.049,1.520E-2,-0.109
24.081,1.100E-2,-0.124
24.113,1.236E-2,-0.137
24.145,8.133E-3,-0.126
24.177,-8.926E-4,-0.120
24.209,-4.990E-3,-0.145
24.241,-6.700E-3,-0.145
24.273,-7.707E-3,-0.128
24.305,-9.503E-3,-0.114
24.337,-1.101E-2,-0.142
24.369,-1.086E-2,-0.147
24.401,-5.809E-3,-0.122
24.433,-8.607E-3,-0.106
24.464,-5.272E-3,-8.752E-2
24.496,-1.593E-3,-0.127
24.528,1.082E-2,-0.138
24.560,1.037E-2,-0.140
24.592,1.753E-2,-0.119
24.624,2.279E-2,-0.103
24.656,2.026E-2,-0.109
24.688,2.112E-2,-0.121
24.720,2.250E-2,-0.126
24.752,9.540E-3,-0.118
24.784,1.513E-2,-0.117
24.816,1.176E-2,-0.116
24.848,9.779E-3,-0.118
24.880,5.426E-3,-0.118
24.912,-7.950E-5,-0.103
24.944,-8.093E-5,-0.112
24.975,1.804E-3,-0.127
25.007,5.167E-3,-0.119
25.039,4.015E-4,-0.114
25.071,5.243E-3,-0.114
25.103,2.495E-3,-0.119
25.135,-5.104E-3,-0.109
25.167,-9.920E-3,-0.115
25.199,-7.250E-3,-0.135
25.231,-1.135E-2,-0.133
25.263,-1.070E-2,-0.113
25.295,-7.135E-3,-8.617E-2
25.327,-3.789E-3,-0.108
25.359,-4.109E-3,-0.108
25.391,1.105E-3,-0.118
25.423,2.065E-3,-0.104
25.455,3.827E-3,-9.991E-2
25.486,6.670E-3,-0.115
25.518,-8.563E-3,-8.194E-2
25.550,1.331E-2,-0.111
25.582,1.505E-2,-0.121
25.614,1.253E-2,-0.128
25.646,1.117E-2,-0.122
25.678,1.082E-2,-0.114
25.710,3.277E-3,-0.129
25.742,1.103E-3,-0.147
25.774,8.001E-4,-0.146
25.806,2.325E-3,-0.124
25.838,2.281E-3,-0.111
25.870,3.276E-3,-0.126
25.902,2.254E-3,-0.133
25.934,-4.771E-3,-0.118
25.966,-1.794E-3,-0.114
25.997,-9.549E-3,-0.122
26.029,-1.112E-2,-0.138
26.061,-1.217E-2,-0.139
26.093,-7.378E-4,-0.123
26.125,-3.133E-4,-0.113
26.157,1.621E-3,-0.118
26.189,2.998E-3,-0.132
26.221,1.190E-3,-0.126
26.253,3.274E-3,-0.117
26.285,2.920E-3,-0.100
26.317,3.445E-3,-0.118
26.349,5.189E-3,-0.131
26.381,3.129E-3,-0.124
26.413,-1.906E-2,-0.121
26.445,-1.285E-3,-0.132
26.477,-1.222E-3,-0.137
26.508,8.526E-4,-0.116
26.540,1.207E-3,-0.121
26.572,2.330E-3,-0.128
26.604,-2.954E-3,-0.125
26.636,-1.751E-3,-0.112
26.668,-1.908E-2,-0.122
26.700,-8.800E-3,-0.127
26.732,-1.042E-2,-0.122
26.764,-1.402E-2,-0.106
26.796,-1.893E-2,-0.112
26.828,-1.913E-2,-0.123
26.860,-2.315E-2,-0.129
26.892,-3.021E-2,-0.116
26.924,-2.370E-2,-0.104
26.956,-1.860E-2,-0.132
26.988,-1.940E-2,-0.138
27.019,-8.300E-3,-0.113
27.051,-1.437E-2,-0.105
27.083,3.078E-3,-0.103
27.115,6.422E-3,-0.121
27.147,5.848E-3,-0.121
27.179,9.446E-3,-0.110
27.211,1.014E-2,-0.121
27.243,9.233E-3,-0.133
27.275,-1.344E-2,-9.837E-2
27.307,8.604E-3,-0.116
27.339,1.134E-2,-0.120
27.371,1.114E-2,-0.133
27.403,6.651E-3,-0.117
27.435,1.349E-2,-0.114
27.467,-1.369E-2,-5.923E-2
27.499,1.014E-2,-0.126
27.531,8.374E-3,-0.115
27.562,-1.890E-2,-0.109
27.594,1.590E-2,-0.101
27.626,1.933E-2,-0.113
27.658,1.617E-2,-0.113
27.690,1.525E-2,-0.111
27.722,-2.694E-3,-0.116
27.754,1.367E-2,-0.123
27.786,1.159E-2,-0.126
27.818,6.495E-3,-0.126
27.850,8.713E-3,-0.111
27.882,6.619E-3,-0.118
27.914,4.823E-3,-0.124
27.946,-3.835E-3,-0.120
27.978,-1.909E-2,-0.122
28.010,-1.067E-2,-0.130
28.042,-1.613E-2,-7.368E-2
28.073,1.601E-3,-0.114
28.105,9.538E-3,-0.116
28.137,5.048E-3,-0.130
28.169,8.158E-4,-0.132
28.201,6.221E-3,-0.114
28.233,-1.887E-2,-0.109
28.265,-2.639E-3,-0.119
28.297,5.780E-3,-0.125
28.329,5.268E-3,-0.113
28.361,8.526E-3,-0.107
28.393,9.258E-3,-0.106
28.425,1.421E-2,-0.122
28.457,1.099E-2,-0.119
28.489,1.442E-2,-0.116
28.521,-1.520E-2,-0.125
28.553,6.319E-3,-0.123
28.584,1.292E-2,-0.131
28.616,1.226E-2,-0.129
28.648,4.950E-3,-0.117
28.680,9.842E-3,-0.115
28.712,-1.835E-2,-0.129
28.744,4.376E-3,-0.129
28.776,1.176E-2,-0.130
28.808,6.163E-3,-0.131
28.840,4.069E-3,-0.119
28.872,-1.353E-3,-0.130
28.904,9.997E-3,-0.137
28.936,1.274E-2,-0.143
28.968,7.439E-3,-0.127
29.000,5.798E-3,-0.120
29.032,1.745E-3,-0.130
29.064,1.544E-2,-0.136
29.095,1.940E-2,-0.137
29.127,1.890E-2,-0.138
29.159,1.903E-2,-0.130
29.191,2.131E-2,-0.125
29.223,-2.392E-3,-0.129
29.255,1.650E-2,-0.132
29.287,2.357E-2,-0.134
29.319,1.737E-2,-0.128
29.351,2.444E-2,-0.126
29.383,2.755E-2,-0.128
29.415,2.465E-2,-0.128
29.447,2.312E-2,-0.132
29.479,2.242E-2,-0.131
29.511,2.035E-2,-0.124
29.543,-1.922E-2,-0.130
29.575,3.315E-3,-0.132
29.606,1.182E-2,-0.138
29.638,7.734E-3,-0.138
29.670,6.018E-3,-0.125
29.702,-1.904E-2,-0.119
29.734,-1.321E-2,-0.128
29.766,2.576E-3,-0.129
29.798,2.543E-3,-0.130
29.830,4.252E-3,-0.115
29.862,-1.799E-2,-0.125
29.894,6.478E-3,-0.124
29.926,3.355E-3,-0.125
29.958,1.827E-3,-0.115
29.990,-1.439E-2,-0.111
30.022,-6.044E-3,-0.101
30.054,-8.138E-4,-0.122
30.086,4.418E-3,-0.120
30.117,2.816E-5,-0.111
30.149,-1.883E-2,-0.107
30.181,3.783E-3,-0.101
30.213,8.206E-3,-0.116
30.245,1.102E-2,-0.126
30.277,8.983E-3,-0.122
30.309,2.013E-2,-0.109
30.341,1.655E-2,-0.105
30.373,1.451E-2,-0.117
30.405,1.294E-2,-0.126
30.437,1.518E-2,-0.128
30.469,1.251E-2,-0.115
30.501,1.361E-2,-0.107
30.533,-1.902E-2,-0.118
30.565,1.121E-2,-0.110
30.597,1.326E-2,-0.114
30.628,,
30.660,-1.414E-2,-0.113
30.692,2.072E-3,-0.101
30.724,6.110E-3,-0.106
30.756,9.038E-3,-0.119
30.788,7.669E-3,-0.128
30.820,3.934E-3,-0.134
30.852,-2.232E-4,-0.122
30.884,6.238E-3,-0.113
30.916,1.499E-2,-0.112
30.948,8.435E-3,-0.126
30.980,3.768E-3,-0.129
31.012,2.721E-3,-0.120
31.044,-8.491E-4,-0.116
31.076,-6.720E-3,-0.119
31.108,-7.421E-3,-0.131
31.139,-4.064E-3,-0.133
31.171,-1.036E-2,-0.122
31.203,-1.885E-2,-0.107
31.235,-1.660E-3,-0.122
31.267,3.168E-3,-0.122
31.299,6.894E-4,-0.118
31.331,-3.977E-3,-0.106
31.363,-1.894E-2,-0.114
31.395,-1.252E-2,-0.121
31.427,-1.617E-2,-0.117
31.459,-8.859E-3,-9.483E-2
31.491,-1.505E-2,-0.117
31.523,3.913E-3,-0.125
31.555,4.350E-3,-0.124
31.587,3.499E-3,-0.108
31.619,8.253E-3,-0.106
31.650,1.180E-2,-0.128
31.682,9.405E-3,-0.118
31.714,1.236E-2,-0.107
31.746,-3.750E-3,-0.111
31.778,1.542E-2,-0.115
31.810,-7.058E-3,-9.436E-2
31.842,8.813E-3,-0.118
31.874,9.136E-3,-0.113
31.906,9.131E-3,-0.114
31.938,3.035E-3,-0.116
31.970,-4.507E-3,-0.105
32.002,-6.370E-3,-0.118
32.034,-2.265E-3,-0.127
32.066,-8.503E-4,-0.123
32.098,4.902E-3,-0.104
32.130,4.095E-3,-0.112
32.162,-1.558E-2,-8.266E-2
32.193,-2.654E-3,-0.108
32.225,-1.813E-2,-0.111
32.257,2.070E-4,-0.116
32.289,-2.087E-3,-0.117
32.321,-6.181E-3,-0.111
32.353,-1.009E-2,-9.006E-2
32.385,-1.636E-2,-0.115
32.417,-1.754E-2,-0.127
32.449,-2.471E-2,-0.121
32.481,-2.102E-2,-8.991E-2
32.513,-1.061E-2,-8.344E-2
32.545,9.029E-4,-0.109
32.577,2.267E-4,-0.110
32.609,2.285E-3,-0.109
32.641,3.840E-3,-9.684E-2
32.673,2.430E-3,-0.112
32.704,2.291E-3,-0.117
32.736,1.663E-3,-0.112
32.768,8.159E-5,-0.104
32.800,2.310E-3,-0.109
32.832,3.299E-3,-0.126
32.864,-2.263E-3,-0.116
32.896,3.735E-4,-0.102
32.928,8.115E-3,-8.478E-2
32.960,1.004E-2,-0.106
32.992,4.524E-3,-0.114
33.024,4.077E-3,-0.111
33.056,1.404E-2,-0.110
33.088,1.214E-2,-0.122
33.120,8.916E-3,-0.126
33.152,3.295E-3,-0.115
33.184,1.101E-2,-0.117
33.215,7.252E-3,-0.124
33.247,2.207E-3,-0.135
33.279,-7.353E-4,-0.126
33.311,3.485E-3,-0.103
33.343,6.293E-3,-0.119
33.375,9.610E-3,-0.135
33.407,3.547E-3,-0.128
33.439,9.344E-3,-0.115
33.471,1.749E-2,-0.107
33.503,1.657E-2,-0.121
33.535,1.156E-2,-0.128
33.567,1.181E-2,-0.118
33.599,1.347E-2,-0.115
33.631,1.925E-2,-0.121
33.663,1.141E-2,-0.122
33.695,1.284E-2,-0.119
33.726,8.455E-3,-0.111
33.758,6.667E-3,-0.102
33.790,8.065E-3,-0.110
33.822,2.865E-3,-0.111
33.854,-5.049E-3,-0.106
33.886,-2.390E-3,-0.107
33.918,-3.228E-3,-0.119
33.950,-3.287E-3,-0.116
33.982,-6.236E-3,-0.105
34.014,-5.547E-4,-0.107
34.046,-7.075E-5,-0.123
34.078,-4.390E-3,-0.119
34.110,-3.100E-3,-0.103
34.142,-3.231E-3,-0.115
34.174,9.597E-4,-0.130
34.206,2.598E-3,-0.127
34.237,3.892E-3,-0.101
34.269,6.119E-3,-9.623E-2
34.301,7.883E-3,-0.118
34.333,-1.715E-2,-9.806E-2
34.365,2.337E-3,-0.114
34.397,3.396E-3,-0.109
34.429,6.443E-3,-0.121
34.461,3.308E-3,-0.128
34.493,1.693E-3,-0.137
34.525,-1.682E-3,-0.122
34.557,5.498E-3,-0.113
34.589,1.336E-2,-0.108
34.621,9.456E-3,-0.123
34.653,9.099E-3,-0.129
34.685,5.458E-3,-0.123
34.717,5.257E-3,-0.110
34.748,9.776E-3,-9.069E-2
34.780,1.240E-2,-0.107
34.812,1.256E-2,-0.112
34.844,7.686E-3,-0.127
34.876,-3.556E-4,-0.115
34.908,7.803E-3,-0.106
34.940,1.158E-2,-9.872E-2
34.972,1.674E-2,-0.109
35.004,2.001E-2,-0.116
35.036,1.610E-2,-0.117
35.068,1.153E-2,-0.115
35.100,9.931E-3,-0.110
35.132,1.002E-2,-0.104
35.164,1.847E-2,-0.107
35.196,1.827E-2,-0.118
35.228,8.617E-3,-0.115
35.259,1.384E-2,-0.122
35.291,8.018E-3,-0.122
35.323,5.908E-3,-0.132
35.355,4.253E-7,-0.123
35.387,3.368E-3,-0.124
35.419,-8.994E-4,-0.117
35.451,-8.213E-3,-0.121
35.483,-9.603E-3,-0.122
35.515,-1.207E-3,-0.108
35.547,-5.060E-3,-0.116
35.579,-7.361E-3,-0.128
35.611,-1.132E-2,-0.119
35.643,-5.218E-3,-0.116
35.675,1.906E-3,-9.308E-2
35.707,9.570E-3,-0.118
35.739,5.818E-3,-0.123
35.770,1.218E-2,-0.107
35.802,1.606E-2,-9.718E-2
35.834,1.491E-2,-0.121
35.866,1.273E-2,-0.130
35.898,9.020E-3,-0.129
35.930,1.198E-2,-0.114
35.962,8.386E-3,-0.115
35.994,9.342E-3,-0.132
36.026,7.435E-3,-0.128
36.058,6.478E-3,-0.127
36.090,3.149E-3,-0.109
36.122,9.476E-3,-0.108
36.154,6.075E-3,-0.119
36.186,1.043E-2,-0.123
36.218,3.506E-3,-0.115
36.250,1.317E-3,-9.906E-2
36.281,6.211E-4,-0.103
36.313,3.533E-3,-0.115
36.345,-4.393E-4,-0.101
36.377,-1.250E-3,-8.839E-2
36.409,-2.261E-4,-0.102
36.441,8.404E-3,-0.114
36.473,-2.194E-3,-0.109
36.505,-1.892E-2,-0.112
36.537,-6.604E-3,-0.120
36.569,-1.811E-3,-0.115
36.601,-7.064E-3,-0.108
36.633,-2.031E-4,-8.778E-2
36.665,2.412E-3,-0.106
36.697,4.507E-3,-0.115
36.729,8.885E-3,-0.114
36.761,-2.696E-3,-0.110
36.793,2.691E-4,-0.107
36.824,-6.129E-3,-0.112
36.856,-1.305E-2,-0.106
36.888,-1.853E-2,-7.273E-2
36.920,-1.054E-2,-9.760E-2
36.952,-7.960E-3,-9.232E-2
36.984,-9.375E-3,-0.118
37.016,-1.397E-2,-9.824E-2
37.048,-1.144E-2,-9.711E-2
37.080,-1.137E-2,-0.124
37.112,-1.459E-2,-0.117
37.144,-1.229E-2,-0.105
37.176,-1.751E-2,-9.572E-2
37.208,-5.128E-3,-0.112
37.240,-3.321E-3,-0.118
37.272,-5.048E-3,-0.116
37.304,-2.945E-3,-0.101
37.335,3.173E-3,-9.856E-2
37.367,1.142E-3,-0.113
37.399,6.824E-3,-0.109
37.431,1.004E-2,-9.803E-2
37.463,1.223E-2,-9.468E-2
37.495,1.655E-2,-0.112
37.527,1.375E-2,-0.113
37.559,1.778E-2,-0.119
37.591,1.533E-2,-0.100
37.623,2.218E-2,-9.855E-2
37.655,2.130E-2,-0.112
37.687,2.056E-2,-0.112
37.719,1.938E-2,-0.110
37.751,2.210E-2,-0.107
37.783,2.492E-2,-0.113
37.815,2.165E-2,-0.119
37.846,1.524E-2,-0.125
37.878,7.554E-3,-0.121
37.910,2.509E-3,-0.132
37.942,-4.035E-3,-0.118
37.974,-1.889E-2,-0.110
38.006,-2.302E-3,-0.118
38.038,-5.357E-3,-0.115
38.070,-3.353E-3,-9.674E-2
38.102,-7.596E-3,-8.749E-2
38.134,-3.778E-3,-0.108
38.166,-1.937E-3,-0.121
38.198,-4.469E-3,-0.118
38.230,-2.075E-3,-0.104
38.262,-1.429E-3,-8.830E-2
38.294,1.810E-3,-0.104
38.326,-3.934E-3,-0.112
38.357,-4.694E-4,-9.979E-2
38.389,6.075E-3,-8.480E-2
38.421,6.346E-3,-0.103
38.453,6.907E-3,-0.116
38.485,1.019E-2,-0.114
38.517,1.359E-2,-9.386E-2
38.549,1.349E-2,-8.427E-2
38.581,1.658E-2,-9.718E-2
38.613,1.401E-2,-0.112
38.645,1.421E-2,-0.115
38.677,1.238E-2,-0.122
38.709,1.097E-2,-0.120
38.741,1.434E-2,-0.121
38.773,9.993E-3,-0.134
38.805,7.525E-3,-0.136
38.837,6.495E-4,-0.127
38.868,6.103E-3,-0.120
38.900,4.188E-3,-0.119
38.932,-3.040E-3,-0.116
38.964,-5.950E-3,-0.116
38.996,-2.130E-2,-0.106
39.028,-1.905E-2,-0.120
39.060,-8.465E-3,-0.129
39.092,-8.575E-3,-0.127
39.124,-4.018E-3,-0.108
39.156,-6.310E-3,-9.982E-2
39.188,-3.950E-3,-0.124
39.220,-6.723E-3,-0.133
39.252,-3.903E-3,-0.120
39.284,6.428E-3,-9.809E-2
39.316,3.973E-3,-0.111
