	mass A		
t	x	y	
0.000	4.147E-2	-0.119
0.047	4.129E-2	-0.119
0.095	4.069E-2	-0.120
0.142	3.998E-2	-0.122
0.190	3.948E-2	-0.123
0.237	3.892E-2	-0.125
0.285	3.868E-2	-0.126
0.332	3.847E-2	-0.127
0.380	3.765E-2	-0.127
0.427	3.677E-2	-0.127
0.475	3.574E-2	-0.125
0.522	3.504E-2	-0.124
0.569	3.457E-2	-0.123
0.617	3.443E-2	-0.122
0.664	3.441E-2	-0.122
0.712	3.451E-2	-0.122
0.759	3.460E-2	-0.121
0.807	3.499E-2	-0.120
0.854	3.527E-2	-0.119
0.902	3.537E-2	-0.119
0.949	3.536E-2	-0.119
0.997	3.519E-2	-0.120
1.044	3.477E-2	-0.121
1.091	3.435E-2	-0.121
1.139	3.429E-2	-0.121
1.186	3.444E-2	-0.120
1.234	3.462E-2	-0.119
1.281	3.469E-2	-0.119
1.329	3.479E-2	-0.118
1.376	3.508E-2	-0.117
1.424	3.513E-2	-0.117
1.471	3.515E-2	-0.117
1.519	3.514E-2	-0.117
1.566	3.504E-2	-0.118
1.613	3.494E-2	-0.118
1.661	3.500E-2	-0.120
1.708	3.477E-2	-0.121
1.756	3.453E-2	-0.122
1.803	3.426E-2	-0.123
1.851	3.409E-2	-0.124
1.898	3.394E-2	-0.125
1.946	3.382E-2	-0.126
1.993	3.356E-2	-0.127
2.041	3.352E-2	-0.128
2.088	3.340E-2	-0.129
2.136	3.323E-2	-0.129
2.183	3.302E-2	-0.129
2.230	3.281E-2	-0.129
2.278	3.272E-2	-0.129
2.325	3.279E-2	-0.128
2.373	3.286E-2	-0.128
2.420	3.308E-2	-0.127
2.468	3.343E-2	-0.125
2.515	3.371E-2	-0.125
2.563	3.404E-2	-0.124
2.610	3.430E-2	-0.123
2.658	3.466E-2	-0.122
2.705	3.522E-2	-0.120
2.752	3.565E-2	-0.119
2.800	3.592E-2	-0.119
2.847	3.598E-2	-0.118
2.895	3.592E-2	-0.119
2.942	3.598E-2	-0.120
2.990	3.566E-2	-0.120
3.037	3.546E-2	-0.121
3.085	3.528E-2	-0.121
3.132	3.550E-2	-0.120
3.180	3.566E-2	-0.120
3.227	3.588E-2	-0.120
3.274	3.620E-2	-0.120
3.322	3.665E-2	-0.120
3.369	3.702E-2	-0.121
3.417	3.738E-2	-0.122
3.464	3.775E-2	-0.123
3.512	3.797E-2	-0.125
3.559	3.802E-2	-0.127
3.607	3.778E-2	-0.128
3.654	3.733E-2	-0.130
3.702	3.634E-2	-0.131
3.749	3.541E-2	-0.131
3.796	3.528E-2	-0.129
3.844	3.520E-2	-0.127
3.891	3.557E-2	-0.123
3.939	3.669E-2	-0.119
3.986	3.928E-2	-0.117
4.034	4.226E-2	-0.113
4.081	4.485E-2	-0.110
4.129	4.463E-2	-0.108
4.176	4.406E-2	-0.105
4.224	4.472E-2	-0.104
4.271	4.527E-2	-0.104
4.318	4.589E-2	-0.107
4.366	4.772E-2	-0.113
4.413	4.833E-2	-0.117
4.461	4.844E-2	-0.123
4.508	4.866E-2	-0.127
4.556	4.866E-2	-0.131
4.603	4.834E-2	-0.132
4.651	4.816E-2	-0.133
4.698	4.758E-2	-0.134
4.746	4.675E-2	-0.134
4.793	4.608E-2	-0.134
4.840	4.542E-2	-0.133
4.888	4.502E-2	-0.132
4.935	4.494E-2	-0.129
4.983	4.545E-2	-0.126
5.030	4.990E-2	-0.123
5.078	4.997E-2	-0.118
5.125	4.748E-2	-0.113
5.173	4.726E-2	-0.112
5.220	4.740E-2	-0.110
5.268	4.700E-2	-0.111
5.315	4.669E-2	-0.112
5.362	4.642E-2	-0.113
5.410	4.600E-2	-0.114
5.457	4.570E-2	-0.116
5.505	4.523E-2	-0.117
5.552	4.455E-2	-0.117
5.600	4.452E-2	-0.117
5.647	4.448E-2	-0.117
5.695	4.502E-2	-0.118
5.742	4.564E-2	-0.118
5.790	4.602E-2	-0.121
5.837	4.605E-2	-0.126
5.884	4.566E-2	-0.132
5.932	4.498E-2	-0.138
5.979	4.340E-2	-0.142
6.027	4.169E-2	-0.144
6.074	3.981E-2	-0.145
6.122	3.782E-2	-0.145
6.169	3.677E-2	-0.143
6.217	3.822E-2	-0.141
6.264	3.878E-2	-0.136
6.312	3.979E-2	-0.133
6.359	3.741E-2	-0.129
6.407	3.880E-2	-0.125
6.454	4.080E-2	-0.121
6.501	4.061E-2	-0.118
6.549	4.211E-2	-0.115
6.596	4.178E-2	-0.112
6.644	4.157E-2	-0.111
6.691	4.148E-2	-0.112
6.739	4.130E-2	-0.116
6.786	4.119E-2	-0.117
6.834	4.083E-2	-0.118
6.881	4.063E-2	-0.120
6.929	4.051E-2	-0.121
6.976	4.374E-2	-0.120
7.023	4.278E-2	-0.119
7.071	4.165E-2	-0.113
7.118	4.229E-2	-0.110
7.166	4.207E-2	-0.109
7.213	4.100E-2	-0.107
7.261	4.225E-2	-0.105
7.308	4.716E-2	-9.847E-2
7.356	4.456E-2	-9.332E-2
7.403	4.658E-2	-8.800E-2
7.451	4.661E-2	-8.581E-2
7.498	4.329E-2	-0.114
7.545	4.548E-2	-0.116
7.593	4.592E-2	-0.118
7.640	4.657E-2	-0.118
7.688	4.717E-2	-0.118
7.735	4.773E-2	-0.118
7.783	4.762E-2	-0.117
7.830	5.005E-2	-0.118
7.878	4.884E-2	-0.117
7.925	4.836E-2	-0.117
7.973	5.275E-2	-0.116
8.020	5.299E-2	-0.117
8.067	5.292E-2	-0.118
8.115	5.325E-2	-0.120
8.162	5.329E-2	-0.122
8.210	5.282E-2	-0.125
8.257	5.218E-2	-0.127
8.305	5.103E-2	-0.128
8.352	4.997E-2	-0.129
8.400	4.873E-2	-0.130
8.447	4.757E-2	-0.130
8.495	4.629E-2	-0.130
8.542	4.473E-2	-0.130
8.589	4.353E-2	-0.129
8.637	4.225E-2	-0.128
8.684	4.089E-2	-0.127
8.732	3.939E-2	-0.128
8.779	3.784E-2	-0.129
8.827	3.606E-2	-0.131
8.874	3.457E-2	-0.133
8.922	3.330E-2	-0.135
8.969	3.249E-2	-0.137
9.017	3.172E-2	-0.137
9.064	3.167E-2	-0.136
9.111	3.167E-2	-0.134
9.159	3.150E-2	-0.133
9.206	3.172E-2	-0.131
9.254		
9.301	3.147E-2	-0.125
9.349	3.588E-2	-0.122
9.396	3.841E-2	-0.115
9.444	3.847E-2	-0.111
9.491	3.756E-2	-0.106
9.539	3.835E-2	-0.102
9.586	3.719E-2	-9.784E-2
9.633	3.987E-2	-9.788E-2
9.681	4.275E-2	-0.101
9.728	4.273E-2	-0.102
9.776	3.727E-2	-0.106
9.823	3.746E-2	-0.108
9.871	3.790E-2	-0.111
9.918	3.843E-2	-0.114
9.966	3.884E-2	-0.117
10.013	3.439E-2	-0.123
10.061	3.990E-2	-0.124
10.108	4.035E-2	-0.126
10.156	4.480E-2	-0.128
10.203	4.237E-2	-0.128
10.250	4.384E-2	-0.127
10.298	4.363E-2	-0.124
10.345	4.363E-2	-0.125
10.393	4.270E-2	-0.123
10.440	4.218E-2	-0.120
10.488	4.149E-2	-0.118
10.535	4.045E-2	-0.116
10.583	3.994E-2	-0.114
10.630	3.989E-2	-0.114
10.678	3.957E-2	-0.114
10.725	4.104E-2	-0.115
10.772	4.271E-2	-0.116
10.820	4.486E-2	-0.118
10.867	4.723E-2	-0.118
10.915	4.973E-2	-0.119
10.962	5.363E-2	-0.123
11.010	5.383E-2	-0.122
11.057	5.732E-2	-0.120
11.105	5.588E-2	-0.119
11.152	5.638E-2	-0.118
11.200	5.766E-2	-0.113
11.247	5.773E-2	-0.108
11.294	5.609E-2	-0.103
11.342	5.347E-2	-9.977E-2
11.389	5.280E-2	-9.539E-2
11.437	5.238E-2	-9.076E-2
11.484	5.461E-2	-8.787E-2
11.532	5.440E-2	-8.495E-2
11.579	5.008E-2	-8.099E-2
11.627	4.966E-2	-7.636E-2
11.674	4.996E-2	-7.223E-2
11.722	3.835E-2	-6.646E-2
11.769	4.382E-2	-6.571E-2
11.816	4.319E-2	-7.198E-2
11.864	5.032E-2	-0.109
11.911	5.100E-2	-0.119
11.959	5.226E-2	-0.126
12.006	5.086E-2	-0.128
12.054	5.038E-2	-0.132
12.101	4.923E-2	-0.135
12.149	4.818E-2	-0.139
12.196	4.737E-2	-0.142
12.244	4.669E-2	-0.143
12.291	4.602E-2	-0.144
12.338	4.519E-2	-0.144
12.386	4.462E-2	-0.143
12.433	4.403E-2	-0.142
12.481	4.414E-2	-0.138
12.528	4.484E-2	-0.134
12.576	4.530E-2	-0.130
12.623	4.672E-2	-0.125
12.671	4.756E-2	-0.122
12.718	4.813E-2	-0.119
12.766	4.806E-2	-0.116
12.813	4.740E-2	-0.116
12.860	4.617E-2	-0.116
12.908	4.466E-2	-0.117
12.955	4.264E-2	-0.117
13.003	4.045E-2	-0.118
13.050	3.884E-2	-0.118
13.098	3.788E-2	-0.116
13.145	3.722E-2	-0.115
13.193	3.658E-2	-0.113
13.240	3.634E-2	-0.111
13.288	3.607E-2	-0.110
13.335	3.636E-2	-0.110
13.382	3.667E-2	-0.112
13.430	3.163E-2	-0.118
13.477	3.277E-2	-0.121
13.525	3.700E-2	-0.124
13.572	3.831E-2	-0.125
13.620	3.778E-2	-0.127
13.667	3.617E-2	-0.125
13.715	3.730E-2	-0.122
13.762	3.516E-2	-0.119
13.810	3.525E-2	-0.113
13.857	3.400E-2	-0.104
13.904	3.270E-2	-9.996E-2
13.952	3.271E-2	-9.941E-2
13.999	3.033E-2	-9.392E-2
14.047	4.005E-2	-9.831E-2
14.094	4.111E-2	-9.958E-2
14.142	4.240E-2	-0.102
14.189	4.319E-2	-0.104
14.237	4.445E-2	-0.108
14.284	4.587E-2	-0.114
14.332	4.521E-2	-0.123
14.379	4.628E-2	-0.124
14.427	4.952E-2	-0.127
14.474	5.423E-2	-0.130
14.521	5.520E-2	-0.131
14.569	5.525E-2	-0.128
14.616	5.400E-2	-0.119
14.664	5.518E-2	-0.113
14.711	5.474E-2	-0.105
14.759	5.753E-2	-0.101
14.806	5.786E-2	-9.703E-2
14.854	5.572E-2	-9.373E-2
14.901	5.489E-2	-9.453E-2
14.949	5.485E-2	-9.699E-2
14.996	5.646E-2	-9.920E-2
15.043	5.830E-2	-0.104
15.091	5.863E-2	-0.110
15.138	5.802E-2	-0.114
15.186	5.804E-2	-0.117
15.233	5.783E-2	-0.119
15.281	5.688E-2	-0.118
15.328	5.822E-2	-0.120
15.376	5.703E-2	-0.117
15.423	5.778E-2	-0.116
15.471	5.757E-2	-0.114
15.518	5.899E-2	-0.113
15.565	5.702E-2	-0.108
15.613	5.645E-2	-0.110
15.660	5.662E-2	-0.111
15.708	5.572E-2	-0.113
15.755	5.102E-2	-0.117
15.803	5.142E-2	-0.118
15.850	5.525E-2	-0.119
15.898	5.471E-2	-0.120
15.945	5.472E-2	-0.120
15.993	5.462E-2	-0.120
16.040	5.436E-2	-0.119
16.087	5.428E-2	-0.118
16.135	5.391E-2	-0.116
16.182	5.427E-2	-0.115
16.230	5.328E-2	-0.112
16.277	5.553E-2	-0.111
16.325	5.639E-2	-0.110
16.372	5.666E-2	-0.110
16.420	5.647E-2	-0.109
16.467	5.601E-2	-0.110
16.515	5.636E-2	-0.112
16.562	4.038E-2	-0.119
16.609	4.911E-2	-0.119
16.657	5.589E-2	-0.119
16.704	5.652E-2	-0.120
16.752	5.482E-2	-0.119
16.799	5.747E-2	-0.120
16.847	5.624E-2	-0.118
16.894	5.688E-2	-0.116
16.942	5.637E-2	-0.113
16.989	5.577E-2	-0.111
17.037	4.013E-2	-0.117
17.084	3.408E-2	-0.117
17.131	5.463E-2	-0.103
17.179	5.509E-2	-0.104
17.226	5.510E-2	-0.104
17.274	5.526E-2	-0.105
17.321	5.193E-2	-0.108
17.369	4.608E-2	-0.113
17.416	5.832E-2	-0.114
17.464	4.773E-2	-0.119
17.511	5.435E-2	-0.121
17.559	5.283E-2	-0.124
17.606	5.854E-2	-0.124
17.653	5.925E-2	-0.124
17.701	5.886E-2	-0.123
17.748	5.968E-2	-0.123
17.796	5.802E-2	-0.122
17.843	5.794E-2	-0.119
17.891	5.730E-2	-0.116
17.938	5.659E-2	-0.114
17.986	5.511E-2	-0.112
18.033	5.605E-2	-0.109
18.081	5.442E-2	-0.108
18.128	5.292E-2	-0.107
18.175	5.155E-2	-0.106
18.223	5.141E-2	-0.106
18.270	5.110E-2	-0.107
18.318	5.082E-2	-0.108
18.365	5.035E-2	-0.110
18.413	5.016E-2	-0.111
18.460	4.935E-2	-0.113
18.508	4.867E-2	-0.115
18.555	4.830E-2	-0.119
18.603	4.840E-2	-0.123
18.650	4.859E-2	-0.126
18.698	4.850E-2	-0.129
18.745	4.784E-2	-0.129
18.792	4.757E-2	-0.129
18.840	4.706E-2	-0.129
18.887	4.645E-2	-0.130
18.935	4.612E-2	-0.130
18.982	4.615E-2	-0.128
19.030	4.625E-2	-0.125
19.077	4.765E-2	-0.124
19.125	4.842E-2	-0.118
19.172	4.672E-2	-0.116
19.220	4.617E-2	-0.114
19.267	4.532E-2	-0.111
19.314	4.475E-2	-0.108
19.362	4.411E-2	-0.106
19.409	4.345E-2	-0.103
19.457	4.384E-2	-0.100
19.504	4.402E-2	-9.967E-2
19.552	4.431E-2	-0.101
19.599	4.425E-2	-0.104
19.647	4.440E-2	-0.107
19.694	4.464E-2	-0.111
19.742	4.473E-2	-0.114
19.789	4.523E-2	-0.119
19.836	4.627E-2	-0.124
19.884	4.730E-2	-0.128
19.931	4.813E-2	-0.132
19.979	4.854E-2	-0.133
20.026	4.852E-2	-0.133
20.074	4.805E-2	-0.132
20.121	4.735E-2	-0.132
20.169	4.655E-2	-0.132
20.216	4.544E-2	-0.132
20.264	4.399E-2	-0.132
20.311	4.249E-2	-0.131
20.358	4.125E-2	-0.131
20.406	4.032E-2	-0.130
20.453	3.994E-2	-0.128
20.501	3.957E-2	-0.127
20.548	3.965E-2	-0.125
20.596	3.962E-2	-0.124
20.643	4.004E-2	-0.124
20.691	4.068E-2	-0.124
20.738	4.114E-2	-0.124
20.786	4.215E-2	-0.124
20.833	4.336E-2	-0.124
20.880	4.449E-2	-0.123
20.928	4.559E-2	-0.123
20.975	4.654E-2	-0.124
21.023	4.716E-2	-0.124
21.070	4.742E-2	-0.125
21.118	4.749E-2	-0.126
21.165	4.714E-2	-0.128
21.213	4.660E-2	-0.130
21.260	4.654E-2	-0.131
21.308	4.752E-2	-0.131
21.355	4.894E-2	-0.129
21.402	5.089E-2	-0.127
21.450	5.217E-2	-0.123
21.497	5.266E-2	-0.123
21.545	5.425E-2	-0.122
21.592	5.639E-2	-0.122
21.640	6.009E-2	-0.123
21.687	6.173E-2	-0.123
21.735	6.131E-2	-0.123
21.782	6.339E-2	-0.121
21.830	6.429E-2	-0.122
21.877	6.413E-2	-0.117
21.924	6.476E-2	-0.111
21.972	6.304E-2	-0.107
22.019	6.322E-2	-0.104
22.067	6.529E-2	-0.102
22.114	6.614E-2	-9.988E-2
22.162	5.023E-2	-8.360E-2
22.209	5.675E-2	-8.579E-2
22.257	6.029E-2	-9.898E-2
22.304	6.180E-2	-9.818E-2
22.352	6.632E-2	-0.105
22.399	6.049E-2	-9.448E-2
22.447	4.451E-2	-0.109
22.494	5.567E-2	-0.106
22.541	5.631E-2	-0.108
22.589	5.792E-2	-0.109
22.636	5.756E-2	-0.107
22.684	5.849E-2	-0.107
22.731	5.848E-2	-0.107
22.779	5.859E-2	-0.107
22.826	5.824E-2	-0.108
22.874	5.853E-2	-0.109
22.921	5.818E-2	-0.110
22.969	5.787E-2	-0.111
23.016	5.718E-2	-0.111
23.063	5.674E-2	-0.110
23.111	5.642E-2	-0.107
23.158	5.518E-2	-0.103
23.206	5.476E-2	-0.102
23.253	5.434E-2	-0.101
23.301	5.523E-2	-0.105
23.348	4.868E-2	-0.113
23.396	4.942E-2	-0.117
23.443	5.690E-2	-0.118
23.491	5.684E-2	-0.119
23.538	5.784E-2	-0.119
23.585	5.855E-2	-0.118
23.633	5.682E-2	-0.115
23.680	5.571E-2	-0.104
23.728	5.398E-2	-9.569E-2
23.775	5.318E-2	-9.113E-2
23.823	3.760E-2	-7.600E-2
23.870	2.293E-2	-8.745E-2
23.918	2.479E-2	-9.161E-2
23.965	4.058E-2	-8.957E-2
24.013	5.144E-2	-9.165E-2
24.060	4.262E-2	-0.106
24.107	4.434E-2	-0.113
24.155	4.319E-2	-0.118
24.202	4.661E-2	-0.121
24.250	4.758E-2	-0.123
24.297	3.882E-2	-0.126
24.345	4.406E-2	-0.127
24.392	5.588E-2	-0.125
24.440	5.622E-2	-0.125
24.487	5.642E-2	-0.124
24.535	5.629E-2	-0.123
24.582	5.619E-2	-0.121
24.629	5.519E-2	-0.120
24.677	5.367E-2	-0.117
24.724	5.306E-2	-0.114
24.772	5.195E-2	-0.113
24.819	5.063E-2	-0.113
24.867	5.020E-2	-0.111
24.914	4.997E-2	-0.109
24.962	4.935E-2	-0.108
25.009	4.893E-2	-0.107
25.057	4.969E-2	-0.109
25.104	4.956E-2	-0.108
25.151	5.155E-2	-0.109
25.199	5.324E-2	-0.112
25.246	5.495E-2	-0.115
25.294	5.580E-2	-0.116
25.341	4.626E-2	-0.120
25.389	5.799E-2	-0.121
25.436	5.925E-2	-0.122
25.484	4.989E-2	-0.124
25.531	6.240E-2	-0.122
25.579	6.333E-2	-0.122
25.626	6.378E-2	-0.119
25.673	6.358E-2	-0.117
25.721	6.371E-2	-0.115
25.768	6.426E-2	-0.113
25.816	6.405E-2	-0.111
25.863	6.354E-2	-0.109
25.911	6.528E-2	-0.109
25.958	6.466E-2	-0.107
26.006	6.508E-2	-0.108
26.053	6.519E-2	-0.108
26.101	6.520E-2	-0.107
26.148	6.543E-2	-0.106
26.195	6.438E-2	-0.104
26.243	6.462E-2	-0.102
26.290	6.649E-2	-9.988E-2
26.338	6.394E-2	-9.637E-2
26.385	6.334E-2	-9.279E-2
26.433	6.232E-2	-8.801E-2
26.480	6.064E-2	-8.533E-2
26.528	5.477E-2	-7.776E-2
26.575	5.933E-2	-8.337E-2
26.623	5.860E-2	-8.324E-2
26.670	5.865E-2	-7.977E-2
26.718	5.528E-2	-8.611E-2
26.765	5.467E-2	-8.858E-2
26.812	5.288E-2	-9.150E-2
26.860	4.726E-2	-9.738E-2
26.907	4.601E-2	-0.102
26.955	4.665E-2	-0.105
27.002	4.671E-2	-0.107
27.050	4.502E-2	-0.110
27.097	4.618E-2	-0.112
27.145	4.580E-2	-0.114
27.192	4.720E-2	-0.116
27.240	4.566E-2	-0.119
27.287	4.646E-2	-0.120
27.334	5.386E-2	-0.118
27.382	5.180E-2	-0.119
27.429	5.345E-2	-0.119
27.477	5.363E-2	-0.118
27.524	5.511E-2	-0.115
27.572	5.649E-2	-0.113
27.619	5.762E-2	-0.110
27.667	5.726E-2	-0.110
27.714	5.856E-2	-0.110
27.762	5.673E-2	-0.104
27.809	5.881E-2	-0.103
27.856	5.991E-2	-0.103
27.904	6.153E-2	-9.994E-2
27.951	6.160E-2	-9.495E-2
27.999	6.203E-2	-8.997E-2
28.046	6.201E-2	-8.304E-2
28.094	5.203E-2	-6.705E-2
28.141	6.196E-2	-6.918E-2
28.189	6.077E-2	-6.746E-2
28.236	6.534E-2	-7.242E-2
28.284	6.835E-2	-7.998E-2
28.331	6.080E-2	-6.503E-2
28.378	5.831E-2	-6.913E-2
28.426	5.903E-2	-6.974E-2
28.473	4.302E-2	-8.339E-2
28.521	5.791E-2	-7.240E-2
28.568	5.546E-2	-7.408E-2
28.616	5.455E-2	-7.759E-2
28.663	5.407E-2	-8.524E-2
28.711	5.495E-2	-8.379E-2
28.758	5.427E-2	-8.877E-2
28.806	5.790E-2	-9.746E-2
28.853	5.957E-2	-9.329E-2
28.900	4.671E-2	-9.853E-2
28.948	3.790E-2	-0.105
28.995	4.460E-2	-0.107
29.043	5.014E-2	-0.110
29.090	5.346E-2	-0.113
29.138	5.812E-2	-0.115
29.185	6.148E-2	-0.117
29.233	6.155E-2	-0.116
29.280	6.199E-2	-0.119
29.328	6.033E-2	-0.116
29.375	5.828E-2	-0.115
29.422	5.902E-2	-0.114
29.470	5.650E-2	-0.112
29.517	5.763E-2	-0.109
29.565	5.676E-2	-0.102
29.612	5.643E-2	-9.938E-2
29.660	5.572E-2	-9.791E-2
29.707	5.537E-2	-9.705E-2
29.755	5.500E-2	-9.705E-2
29.802	4.278E-2	-8.073E-2
29.850	5.647E-2	-7.846E-2
29.897	7.164E-2	-7.620E-2
29.944	5.547E-2	-9.815E-2
29.992	5.371E-2	-0.111
30.039	5.571E-2	-0.107
30.087	5.325E-2	-0.101
30.134	5.047E-2	-9.942E-2
30.182	4.874E-2	-9.271E-2
30.229	4.870E-2	-8.687E-2
30.277	4.806E-2	-8.029E-2
30.324	3.464E-2	-6.723E-2
30.372	4.623E-2	-6.665E-2
30.419	5.464E-2	-6.862E-2
30.467	4.529E-2	-8.136E-2
30.514	3.790E-2	-9.294E-2
30.561	3.944E-2	-9.669E-2
30.609	2.577E-2	-0.105
30.656	4.776E-2	-7.603E-2
30.704		
30.751	5.167E-2	-0.109
30.799	5.794E-2	-0.113
30.846	6.064E-2	-0.120
30.894	5.974E-2	-0.124
30.941	6.277E-2	-0.124
30.989	5.988E-2	-0.122
31.036	6.026E-2	-0.121
31.083	6.055E-2	-0.118
31.131	5.801E-2	-0.117
31.178	5.942E-2	-0.112
31.226	5.960E-2	-0.107
31.273	6.181E-2	-0.106
31.321	5.970E-2	-0.100
31.368	5.589E-2	-9.439E-2
31.416	4.026E-2	-8.333E-2
31.463	5.434E-2	-8.279E-2
31.511	6.645E-2	-8.412E-2
31.558	6.828E-2	-8.964E-2
31.605	7.450E-2	-9.216E-2
31.653	5.901E-2	-9.688E-2
31.700	4.679E-2	-9.790E-2
31.748	3.078E-2	-0.104
31.795	3.176E-2	-0.109
31.843	1.726E-2	-0.119
31.890	3.031E-2	-0.120
31.938	4.552E-2	-0.121
31.985	4.898E-2	-0.124
32.033	5.597E-2	-0.125
32.080	3.994E-2	-0.130
32.127	5.701E-2	-0.127
32.175	5.390E-2	-0.127
32.222	5.306E-2	-0.128
32.270	5.172E-2	-0.127
32.317	4.986E-2	-0.126
32.365	4.754E-2	-0.123
32.412	4.574E-2	-0.120
32.460	4.306E-2	-0.118
32.507	4.106E-2	-0.117
32.555	4.037E-2	-0.117
32.602	3.964E-2	-0.119
32.649	3.961E-2	-0.121
32.697	3.942E-2	-0.121
32.744	3.907E-2	-0.123
32.792	3.898E-2	-0.124
32.839	3.817E-2	-0.127
32.887	3.777E-2	-0.126
32.934	3.746E-2	-0.126
32.982	3.722E-2	-0.126
33.029	3.383E-2	-0.124
33.077	3.387E-2	-0.123
33.124	3.604E-2	-0.114
33.171	3.614E-2	-0.107
33.219	3.561E-2	-0.101
33.266	3.439E-2	-9.837E-2
33.314	4.295E-2	-0.101
33.361	4.650E-2	-0.105
33.409	6.127E-2	-0.104
33.456	3.591E-2	-9.365E-2
33.504	1.969E-2	-0.108
33.551	3.658E-3	-0.105
33.599	1.180E-2	-0.107
33.646	7.980E-3	-0.113
33.693	1.195E-2	-0.116
33.741	1.317E-2	-0.125
33.788	8.787E-3	-0.139
33.836	1.605E-2	-0.138
33.883	1.518E-2	-0.142
33.931	2.578E-2	-0.144
33.978	4.891E-2	-0.117
34.026	5.065E-2	-0.116
34.073	4.853E-2	-0.117
34.121	5.028E-2	-0.115
34.168	4.789E-2	-0.107
34.215	5.045E-2	-0.103
34.263	4.777E-2	-0.102
34.310	5.039E-2	-9.405E-2
34.358	5.293E-2	-9.157E-2
34.405	4.458E-2	-7.984E-2
34.453	5.726E-2	-7.810E-2
34.500	6.886E-2	-7.798E-2
34.548	7.648E-2	-7.876E-2
34.595	7.936E-2	-7.917E-2
34.643	5.448E-2	-0.105
34.690	4.937E-2	-0.111
34.738	5.032E-2	-0.113
34.785	4.880E-2	-0.115
34.832	5.588E-2	-0.115
34.880	4.363E-2	-0.117
34.927	3.867E-2	-0.117
34.975	3.941E-2	-0.114
35.022	4.921E-2	-0.111
35.070	5.532E-2	-0.108
35.117	5.793E-2	-0.107
35.165	4.480E-2	-0.109
35.212	4.554E-2	-0.113
35.260	3.487E-2	-0.121
35.307	4.422E-2	-0.123
35.354	5.168E-2	-0.125
35.402	5.895E-2	-0.126
35.449	5.871E-2	-0.128
35.497	5.840E-2	-0.130
35.544	5.793E-2	-0.130
35.592	5.741E-2	-0.131
35.639	5.935E-2	-0.130
35.687	5.899E-2	-0.128
35.734	5.601E-2	-0.128
35.782	5.564E-2	-0.126
35.829	5.533E-2	-0.124
35.876	5.490E-2	-0.122
35.924	5.525E-2	-0.119
35.971	5.462E-2	-0.116
36.019	5.457E-2	-0.114
36.066	5.706E-2	-0.114
36.114	5.353E-2	-0.112
36.161	5.431E-2	-0.113
36.209	5.503E-2	-0.114
36.256	5.589E-2	-0.115
36.304	5.714E-2	-0.116
36.351	5.818E-2	-0.117
36.398	5.896E-2	-0.116
36.446	5.686E-2	-0.115
36.493	5.785E-2	-0.113
36.541	5.576E-2	-0.110
36.588	5.467E-2	-0.105
36.636	5.355E-2	-0.102
36.683	5.286E-2	-9.678E-2
36.731	3.994E-2	-8.541E-2
36.778	3.070E-2	-9.104E-2
36.826	4.410E-2	-9.008E-2
36.873	5.284E-2	-9.462E-2
36.920	5.394E-2	-9.708E-2
36.968	6.129E-2	-9.756E-2
37.015	4.940E-2	-0.101
37.063	4.895E-2	-0.105
37.110	4.790E-2	-0.108
37.158	4.685E-2	-0.111
37.205	4.624E-2	-0.113
37.253	4.555E-2	-0.116
37.300	4.508E-2	-0.117
37.348	4.506E-2	-0.118
37.395	4.524E-2	-0.119
37.442	4.585E-2	-0.121
37.490	4.588E-2	-0.124
37.537	4.590E-2	-0.127
37.585	4.547E-2	-0.129
37.632	4.494E-2	-0.132
37.680	4.412E-2	-0.134
37.727	4.253E-2	-0.135
37.775	4.120E-2	-0.135
37.822	3.985E-2	-0.129
37.870	4.509E-2	-0.127
37.917	4.383E-2	-0.121
37.964	4.212E-2	-0.116
38.012	4.247E-2	-0.114
38.059	4.273E-2	-0.113
38.107	4.322E-2	-0.114
38.154	4.406E-2	-0.116
38.202	4.540E-2	-0.118
38.249	4.638E-2	-0.121
38.297	4.656E-2	-0.124
38.344	4.708E-2	-0.128
38.392	4.716E-2	-0.130
38.439	4.674E-2	-0.131
38.486	4.627E-2	-0.132
38.534	4.563E-2	-0.132
38.581	4.439E-2	-0.131
38.629	4.316E-2	-0.129
38.676	4.340E-2	-0.124
38.724	4.426E-2	-0.118
38.771	3.924E-2	-0.114
38.819	3.856E-2	-0.110
38.866	3.797E-2	-0.107
38.914	3.720E-2	-0.106
38.961	3.701E-2	-0.106
39.009	3.722E-2	-0.108
39.056	4.024E-2	-0.115
