,mass A,,
t,x,y,
0.000,-5.117E-3,-7.756E-2
0.049,-4.646E-3,-8.180E-2
0.099,-4.421E-3,-8.966E-2
0.148,-4.318E-3,-0.105
0.198,-1.261E-3,-0.106
0.247,-5.912E-3,-0.108
0.297,-9.557E-3,-0.101
0.346,-7.096E-3,-8.750E-2
0.395,-6.476E-3,-8.136E-2
0.445,-5.308E-3,-9.284E-2
0.494,-8.655E-3,-9.842E-2
0.544,-9.461E-3,-0.105
0.593,-1.124E-2,-0.110
0.642,-1.361E-2,-9.833E-2
0.692,-1.093E-2,-9.154E-2
0.741,-9.747E-3,-9.242E-2
0.791,-9.602E-3,-0.104
0.840,-1.401E-2,-0.111
0.890,-1.450E-2,-0.110
0.939,-1.670E-2,-9.879E-2
0.988,-1.638E-2,-9.025E-2
1.038,-2.420E-2,-8.772E-2
1.087,-2.193E-2,-0.105
1.137,-2.414E-2,-0.114
1.186,-2.848E-2,-0.117
1.235,-3.611E-2,-0.114
1.285,-3.331E-2,-0.100
1.334,-3.113E-2,-9.307E-2
1.384,-2.746E-2,-6.885E-2
1.433,-3.521E-2,-6.222E-2
1.483,-3.306E-2,-7.628E-2
1.532,-3.098E-2,-9.376E-2
1.581,-2.933E-2,-0.107
1.631,-3.123E-2,-0.118
1.680,-3.134E-2,-0.115
1.730,-3.239E-2,-0.106
1.779,-3.199E-2,-9.288E-2
1.828,-2.194E-2,-7.562E-2
1.878,-2.707E-2,-8.527E-2
1.927,-2.628E-2,-9.914E-2
1.977,-2.854E-2,-0.111
2.026,-2.035E-2,-0.112
2.076,-2.355E-2,-9.970E-2
2.125,-2.739E-2,-9.416E-2
2.174,-1.171E-2,-7.750E-2
2.224,-1.156E-2,-7.870E-2
2.273,-7.041E-3,-9.417E-2
2.323,-6.525E-3,-0.104
2.372,-6.791E-3,-0.109
2.421,-1.217E-2,-0.114
2.471,-1.216E-2,-0.103
2.520,-1.371E-2,-9.389E-2
2.570,-1.756E-3,-6.571E-2
2.619,2.859E-3,-5.604E-2
2.669,1.078E-3,-6.011E-2
2.718,7.665E-4,-6.815E-2
2.767,-5.564E-3,-7.812E-2
2.817,4.586E-3,-8.446E-2
2.866,3.639E-3,-8.974E-2
2.916,1.584E-3,-8.988E-2
2.965,1.296E-3,-8.680E-2
3.014,2.673E-4,-8.695E-2
3.064,1.578E-3,-9.022E-2
3.113,-1.868E-3,-9.170E-2
3.163,-5.521E-3,-9.523E-2
3.212,-9.521E-3,-9.909E-2
3.262,-9.869E-3,-9.943E-2
3.311,-7.740E-3,-9.502E-2
3.360,-7.195E-3,-8.340E-2
3.410,-9.874E-3,-8.010E-2
3.459,-1.228E-2,-9.083E-2
3.509,-1.826E-2,-9.979E-2
3.558,-2.443E-2,-9.675E-2
3.607,-2.938E-2,-8.079E-2
3.657,-3.302E-2,-9.080E-2
3.706,-5.583E-2,-0.121
3.756,-3.654E-2,-0.126
3.805,-1.154E-2,-0.130
3.855,-2.908E-2,-0.125
3.904,-4.820E-2,-0.109
3.953,-3.156E-2,-0.102
4.003,-3.874E-2,-8.548E-2
4.052,-5.884E-2,-0.132
4.102,-3.539E-2,-0.138
4.151,-1.306E-2,-0.144
4.200,-8.508E-3,-0.123
4.250,-3.966E-3,-0.144
4.299,-8.081E-3,-0.124
4.349,-4.361E-2,-0.102
4.398,-1.081E-2,-0.101
4.448,-3.634E-2,-0.122
4.497,-2.531E-2,-0.128
4.546,6.978E-4,-0.131
4.596,-4.447E-2,-0.123
4.645,-2.931E-2,-0.122
4.695,-2.484E-2,-0.114
4.744,-6.443E-2,-0.114
4.793,-4.497E-2,-0.121
4.843,-1.736E-2,-0.126
4.892,5.620E-3,-0.130
4.942,-3.276E-2,-0.123
4.991,-4.758E-3,-0.124
5.041,-1.762E-2,-0.105
5.090,-1.816E-2,-9.834E-2
5.139,-3.770E-3,-9.506E-2
5.189,-3.467E-2,-0.131
5.238,-5.562E-3,-0.132
5.288,-9.075E-3,-0.112
5.337,-1.142E-2,-0.136
5.386,-1.027E-2,-0.131
5.436,-1.631E-2,-0.124
5.485,-4.630E-2,-0.113
5.535,-3.955E-2,-0.104
5.584,-6.343E-2,-0.131
5.634,-4.626E-2,-0.139
5.683,-1.114E-2,-0.141
5.732,-1.596E-2,-0.144
5.782,-2.550E-2,-0.129
5.831,-4.341E-2,-0.112
5.881,-4.871E-2,-9.601E-2
5.930,-6.499E-2,-0.115
5.979,-3.307E-2,-0.121
6.029,-8.830E-3,-0.128
6.078,2.012E-2,-0.133
6.128,1.360E-3,-0.131
6.177,-4.605E-2,-0.118
6.227,-6.250E-2,-7.735E-2
6.276,-5.688E-3,-0.117
6.325,-1.999E-2,-0.109
6.375,-4.455E-2,-0.107
6.424,-1.340E-2,-0.106
6.474,-3.687E-2,-0.136
6.523,-5.941E-3,-0.136
6.572,1.021E-2,-0.138
6.622,-1.903E-2,-0.142
6.671,4.301E-3,-0.131
6.721,-5.959E-2,-0.101
6.770,-2.806E-2,-0.103
6.820,-3.578E-2,-0.126
6.869,-8.897E-3,-0.130
6.918,1.059E-2,-0.135
6.968,-7.501E-3,-0.133
7.017,1.519E-2,-0.133
7.067,1.052E-2,-0.129
7.116,-6.692E-2,-0.101
7.165,-5.251E-2,-0.105
7.215,-1.766E-2,-0.103
7.264,-4.021E-2,-0.124
7.314,-2.725E-2,-0.130
7.363,2.462E-3,-0.131
7.413,1.588E-2,-0.135
7.462,-5.737E-2,-0.102
7.511,5.009E-4,-0.131
7.561,-1.319E-2,-0.127
7.610,-1.848E-2,-0.122
7.660,-2.473E-2,-0.116
7.709,-3.181E-2,-0.107
7.758,-4.361E-2,-0.106
7.808,-6.497E-2,-0.118
7.857,-3.349E-2,-0.119
7.907,-4.013E-2,-0.131
7.956,-4.109E-2,-8.538E-2
8.006,-2.423E-2,-0.130
8.055,-3.752E-2,-0.114
8.104,-1.408E-2,-8.223E-2
8.154,-3.878E-2,-0.109
8.203,-3.393E-2,-0.117
8.253,-3.583E-2,-0.133
8.302,-1.381E-2,-0.136
8.351,-2.786E-2,-0.141
8.401,5.472E-3,-0.102
8.450,-4.875E-2,-9.012E-2
8.500,-1.959E-2,-8.976E-2
8.549,-2.074E-2,-0.111
8.599,1.065E-2,-0.113
8.648,-3.817E-3,-0.118
8.697,-2.662E-3,-0.118
8.747,-2.690E-2,-0.117
8.796,-3.310E-2,-0.105
8.846,-3.736E-2,-0.115
8.895,-1.583E-2,-0.120
8.944,-4.724E-2,-0.127
8.994,-1.400E-2,-0.130
9.043,-1.693E-3,-0.125
9.093,-2.174E-2,-0.121
9.142,-2.098E-2,-0.104
9.192,-4.562E-2,-0.108
9.241,-2.964E-2,-0.112
9.290,-2.094E-2,-0.122
9.340,-3.186E-2,-0.129
9.389,-1.532E-2,-0.104
9.439,-3.782E-2,-8.920E-2
9.488,-1.074E-2,-8.912E-2
9.537,-2.893E-2,-0.119
9.587,-9.843E-3,-0.124
9.636,-4.731E-2,-9.114E-2
9.686,-8.804E-3,-0.128
9.735,-3.809E-2,-0.124
9.785,-1.439E-2,-9.084E-2
9.834,-4.182E-2,-0.112
9.883,-4.527E-2,-0.137
9.933,-1.769E-2,-0.143
9.982,-3.761E-2,-9.233E-2
10.032,-4.842E-3,-0.143
10.081,-7.861E-3,-0.133
10.130,-3.298E-2,-0.118
10.180,-2.123E-2,-0.102
10.229,-3.065E-2,-0.107
10.279,-1.992E-2,-0.118
10.328,9.806E-4,-0.122
10.378,1.829E-2,-0.129
10.427,2.923E-2,-0.135
10.476,1.688E-2,-0.134
10.526,-4.708E-2,-0.135
10.575,-4.984E-3,-0.133
10.625,1.817E-2,-0.135
10.674,1.879E-2,-0.143
10.723,-9.754E-3,-5.554E-2
10.773,-2.024E-2,-6.440E-2
10.822,-2.460E-2,-7.974E-2
10.872,-1.337E-2,-8.835E-2
10.921,-1.692E-2,-9.571E-2
10.971,-4.164E-2,-9.526E-2
11.020,-2.018E-2,-9.458E-2
11.069,-3.622E-2,-0.123
11.119,-5.723E-3,-0.124
11.168,6.774E-3,-0.131
11.218,-1.223E-2,-0.101
11.267,-1.346E-2,-9.491E-2
11.316,-1.504E-2,-8.670E-2
11.366,-3.179E-2,-9.985E-2
11.415,-2.355E-2,-0.108
11.465,1.811E-3,-0.111
11.514,-1.228E-2,-0.104
11.564,-1.500E-2,-9.704E-2
11.613,-3.875E-3,-0.128
11.662,-4.892E-2,-9.941E-2
11.712,-4.611E-2,-0.115
11.761,-2.353E-2,-0.120
11.811,-2.314E-3,-0.124
11.860,-1.693E-2,-9.658E-2
11.909,-1.332E-2,-0.121
11.959,-1.965E-2,-0.115
12.008,-2.694E-2,-0.113
12.058,-4.167E-2,-0.115
12.107,-4.568E-2,-0.124
12.157,-3.320E-2,-9.026E-2
12.206,-1.270E-2,-0.103
12.255,-3.954E-2,-9.026E-2
12.305,-1.380E-2,-6.948E-2
12.354,-3.609E-2,-0.107
12.404,-4.084E-2,-0.132
12.453,-1.415E-2,-0.137
12.502,-4.370E-2,-9.934E-2
12.552,-4.313E-2,-0.104
12.601,-2.096E-2,-0.116
12.651,-9.574E-3,-9.583E-2
12.700,-1.252E-2,-8.358E-2
12.750,-9.707E-3,-9.815E-2
12.799,-9.986E-3,-0.117
12.848,-3.595E-3,-0.121
12.898,-3.879E-2,-0.118
12.947,-2.429E-2,-0.108
12.997,-1.302E-2,-9.170E-2
13.046,-3.674E-2,-0.102
13.095,-1.461E-2,-9.748E-2
13.145,-2.537E-2,-0.117
13.194,-7.020E-3,-0.124
13.244,-2.576E-2,-7.080E-2
13.293,-3.235E-2,-9.528E-2
13.343,-1.394E-2,-7.314E-2
13.392,-3.011E-2,-0.109
13.441,8.986E-3,-0.109
13.491,1.493E-2,-0.119
13.540,1.774E-2,-0.129
13.590,1.609E-2,-0.136
13.639,-4.071E-2,-9.917E-2
13.688,-1.079E-2,-9.033E-2
13.738,-8.674E-3,-8.013E-2
13.787,-4.445E-2,-0.105
13.837,-3.627E-2,-0.116
13.886,-9.700E-3,-0.120
13.936,1.178E-2,-0.124
13.985,-4.873E-3,-9.759E-2
14.034,-3.947E-2,-0.124
14.084,2.397E-3,-0.118
14.133,-1.806E-2,-0.110
14.183,-4.875E-2,-9.907E-2
14.232,-3.115E-2,-0.104
14.281,1.525E-2,-9.378E-2
14.331,1.142E-2,-0.109
14.380,1.524E-2,-0.123
14.430,-3.207E-2,-0.100
14.479,-1.243E-3,-0.123
14.529,-1.137E-2,-8.718E-2
14.578,6.748E-3,-9.847E-2
14.627,-2.645E-2,-0.108
14.677,1.507E-2,-0.102
14.726,2.129E-3,-0.114
14.776,-8.256E-3,-7.617E-2
14.825,-5.680E-3,-7.947E-2
14.874,-8.954E-3,-8.353E-2
14.924,-1.270E-2,-8.898E-2
14.973,-1.519E-2,-9.333E-2
15.023,-3.082E-4,-0.112
15.072,-2.646E-3,-0.119
15.122,-2.618E-2,-0.108
15.171,-2.711E-2,-0.111
15.220,-4.678E-2,-0.106
15.270,-1.562E-2,-8.313E-2
15.319,-3.464E-2,-0.118
15.369,-1.183E-2,-0.121
15.418,3.247E-3,-0.123
15.467,-3.126E-2,-0.134
15.517,-2.996E-2,-0.134
15.566,-3.335E-2,-0.126
15.616,-3.153E-2,-0.113
15.665,-3.767E-2,-9.892E-2
15.715,-4.253E-2,-0.113
15.764,-2.193E-2,-0.118
15.813,-2.866E-3,-0.121
15.863,1.582E-2,-0.127
15.912,-3.330E-2,-0.100
15.962,-3.153E-2,-0.109
16.011,-2.513E-2,-9.729E-2
16.060,4.585E-3,-0.105
16.110,-1.937E-2,-0.108
16.159,-2.735E-2,-0.122
16.209,2.211E-2,-0.108
16.258,-4.400E-2,-9.636E-2
16.308,-3.174E-2,-9.991E-2
16.357,-2.177E-2,-0.113
16.406,-1.612E-2,-0.108
16.456,-3.484E-2,-0.107
16.505,-8.429E-3,-0.107
16.555,-1.317E-2,-0.116
16.604,-9.975E-3,-0.125
16.653,1.443E-2,-0.126
16.703,-1.154E-2,-0.104
16.752,-1.331E-2,-0.125
16.802,-2.258E-2,-0.114
16.851,-5.187E-3,-0.112
16.901,-1.016E-2,-0.116
16.950,1.716E-2,-0.115
16.999,-8.384E-3,-7.582E-2
17.049,-3.606E-2,-0.114
17.098,-3.247E-2,-0.119
17.148,-1.092E-2,-8.526E-2
17.197,-4.246E-2,-0.125
17.246,-4.256E-2,-0.132
17.296,-1.964E-2,-0.135
17.345,4.218E-3,-0.127
17.395,-3.290E-2,-0.110
17.444,-4.560E-2,-0.126
17.494,-2.956E-3,-7.884E-2
17.543,-3.583E-2,-0.111
17.592,-4.955E-2,-0.136
17.642,-1.521E-2,-0.139
17.691,-1.118E-2,-0.101
17.741,-1.603E-2,-0.108
17.790,-1.698E-2,-8.666E-2
17.839,,
17.889,-1.775E-2,-6.920E-2
17.938,-1.683E-2,-6.598E-2
17.988,-1.885E-2,-7.047E-2
18.037,-1.955E-2,-8.619E-2
18.087,-1.268E-2,-8.717E-2
18.136,-9.143E-3,-8.227E-2
18.185,-9.412E-3,-7.300E-2
18.235,-7.928E-3,-6.204E-2
18.284,-6.534E-3,-5.625E-2
18.334,-7.097E-3,-5.150E-2
18.383,-1.737E-3,-6.538E-2
18.432,-3.218E-3,-7.613E-2
18.482,2.089E-3,-8.075E-2
18.531,5.868E-3,-8.641E-2
18.581,4.685E-3,-8.015E-2
18.630,5.327E-3,-8.037E-2
18.680,3.124E-3,-8.313E-2
18.729,4.266E-3,-9.177E-2
18.778,5.125E-3,-0.104
18.828,4.347E-3,-0.112
18.877,-1.325E-3,-0.116
18.927,-1.204E-3,-0.109
18.976,2.306E-3,-0.105
19.025,3.651E-3,-0.102
19.075,4.690E-4,-9.946E-2
19.124,2.301E-3,-9.325E-2
19.174,-2.741E-3,-8.583E-2
19.223,-8.127E-3,-7.346E-2
19.273,-9.503E-3,-6.589E-2
19.322,-1.456E-2,-7.141E-2
19.371,-1.312E-2,-7.553E-2
19.421,-1.241E-2,-8.416E-2
19.470,-1.345E-2,-9.427E-2
19.520,-1.359E-2,-0.103
19.569,-1.439E-2,-0.111
19.618,-1.549E-2,-0.112
19.668,-1.142E-2,-8.913E-2
19.717,-1.779E-2,-7.135E-2
19.767,-1.603E-2,-8.194E-2
19.816,-1.443E-2,-8.886E-2
19.866,-1.239E-2,-9.536E-2
19.915,-1.441E-2,-0.100
19.964,-1.487E-2,-8.929E-2
20.014,-6.188E-3,-7.349E-2
20.063,-4.851E-3,-7.093E-2
20.113,-7.919E-3,-7.389E-2
20.162,-8.704E-3,-8.185E-2
20.211,-6.595E-3,-8.447E-2
20.261,-6.747E-3,-8.081E-2
20.310,-9.238E-3,-7.538E-2
20.360,-8.048E-3,-6.893E-2
20.409,-8.971E-3,-6.008E-2
20.459,-1.226E-2,-6.326E-2
20.508,-1.501E-2,-7.291E-2
20.557,-1.661E-2,-7.805E-2
20.607,-1.105E-2,-6.824E-2
20.656,-1.225E-2,-6.261E-2
20.706,-1.550E-2,-5.135E-2
20.755,-1.350E-2,-6.044E-2
20.804,-1.456E-2,-7.141E-2
20.854,-9.188E-3,-8.486E-2
20.903,-4.354E-3,-9.184E-2
20.953,-3.739E-3,-8.129E-2
21.002,-4.491E-3,-7.503E-2
21.052,-7.424E-3,-7.024E-2
21.101,-7.651E-3,-7.088E-2
21.150,-9.192E-3,-8.507E-2
21.200,-1.054E-2,-0.101
21.249,-1.538E-2,-9.423E-2
21.299,-1.070E-2,-8.505E-2
21.348,-9.706E-3,-7.752E-2
21.397,-1.041E-2,-6.846E-2
21.447,-1.114E-2,-7.319E-2
21.496,-8.259E-3,-8.100E-2
21.546,-1.186E-2,-8.955E-2
21.595,-1.477E-2,-8.368E-2
21.645,-1.576E-2,-7.871E-2
21.694,-1.788E-2,-7.652E-2
21.743,-2.251E-2,-8.247E-2
21.793,-2.273E-2,-9.518E-2
21.842,-2.587E-2,-0.103
21.892,-3.290E-2,-0.110
21.941,-3.360E-2,-0.101
21.990,-3.346E-2,-9.305E-2
22.040,-3.451E-2,-6.675E-2
22.089,-3.219E-2,-5.709E-2
22.139,-3.628E-2,-4.474E-2
22.188,-3.545E-2,-5.897E-2
22.238,-2.991E-2,-7.437E-2
22.287,-2.329E-2,-9.022E-2
22.336,-2.291E-2,-9.324E-2
22.386,-2.187E-2,-8.291E-2
22.435,-2.230E-2,-7.084E-2
22.485,-1.932E-2,-7.283E-2
22.534,-1.699E-2,-8.731E-2
22.583,-1.737E-2,-8.472E-2
22.633,-2.158E-2,-9.089E-2
22.682,-1.749E-2,-7.911E-2
22.732,-1.919E-2,-7.757E-2
22.781,-8.943E-3,-7.086E-2
22.831,-4.503E-3,-7.568E-2
22.880,-5.960E-3,-8.513E-2
22.929,-3.103E-3,-9.423E-2
22.979,-1.897E-3,-9.921E-2
23.028,-3.208E-3,-0.100
23.078,-5.008E-3,-9.226E-2
23.127,-3.750E-3,-8.194E-2
23.176,-9.120E-3,-8.098E-2
23.226,-9.497E-3,-9.024E-2
23.275,-8.196E-3,-0.102
23.325,-6.355E-3,-0.108
23.374,-7.769E-3,-0.102
23.424,-9.887E-3,-8.786E-2
23.473,-7.050E-3,-7.348E-2
23.522,-5.973E-3,-7.350E-2
23.572,-6.581E-3,-7.133E-2
23.621,-4.374E-3,-8.063E-2
23.671,-7.139E-3,-9.093E-2
23.720,-7.540E-3,-8.920E-2
23.769,-9.441E-3,-8.701E-2
23.819,-1.011E-2,-7.622E-2
23.868,-9.325E-3,-6.805E-2
23.918,-1.279E-2,-6.885E-2
23.967,-1.075E-2,-7.578E-2
24.017,-1.029E-2,-8.635E-2
24.066,-1.099E-2,-8.914E-2
24.115,-1.289E-2,-8.716E-2
24.165,-1.039E-2,-7.945E-2
24.214,-1.046E-2,-7.126E-2
24.264,-1.212E-2,-8.007E-2
24.313,-1.326E-2,-8.371E-2
24.362,-1.497E-2,-9.510E-2
24.412,-8.703E-3,-9.413E-2
24.461,-1.258E-2,-0.106
24.511,-1.453E-2,-9.468E-2
24.560,-1.191E-2,-8.029E-2
24.610,-5.013E-3,-6.791E-2
24.659,1.437E-3,-6.867E-2
24.708,7.601E-4,-5.810E-2
24.758,-2.539E-3,-6.192E-2
24.807,-5.350E-4,-7.057E-2
24.857,2.066E-3,-8.204E-2
24.906,6.057E-3,-8.793E-2
24.955,8.363E-3,-9.163E-2
25.005,7.773E-3,-8.839E-2
25.054,1.003E-2,-8.239E-2
25.104,1.165E-2,-7.639E-2
25.153,8.849E-3,-7.612E-2
25.203,9.031E-3,-7.807E-2
25.252,6.461E-3,-7.716E-2
25.301,7.341E-3,-7.610E-2
25.351,9.707E-3,-7.635E-2
25.400,7.972E-3,-7.697E-2
25.450,7.897E-3,-8.128E-2
25.499,6.715E-3,-8.729E-2
25.548,2.116E-3,-9.152E-2
25.598,3.881E-3,-8.918E-2
25.647,9.386E-3,-8.238E-2
25.697,8.313E-3,-8.215E-2
25.746,5.842E-3,-8.792E-2
25.796,4.326E-3,-8.833E-2
25.845,-1.772E-4,-9.945E-2
25.894,-4.761E-3,-0.103
25.944,-3.182E-3,-9.875E-2
25.993,-3.167E-3,-9.789E-2
26.043,-6.085E-3,-9.224E-2
26.092,-8.280E-3,-9.457E-2
26.141,-1.009E-2,-9.950E-2
26.191,-1.310E-2,-9.923E-2
26.240,-1.867E-2,-9.741E-2
26.290,-1.799E-2,-9.526E-2
26.339,-1.727E-2,-9.097E-2
26.389,-1.516E-2,-8.152E-2
26.438,-1.957E-2,-7.455E-2
26.487,-2.036E-2,-8.273E-2
26.537,-1.944E-2,-9.222E-2
26.586,-1.849E-2,-9.956E-2
26.636,-2.124E-2,-0.109
26.685,-2.109E-2,-9.995E-2
26.734,-1.934E-2,-8.619E-2
26.784,-1.560E-2,-8.216E-2
26.833,-1.268E-2,-8.738E-2
26.883,-1.732E-2,-9.377E-2
26.932,-1.600E-2,-0.105
26.982,-1.895E-2,-0.113
27.031,-1.665E-2,-9.249E-2
27.080,-1.171E-2,-8.115E-2
27.130,-9.918E-3,-7.730E-2
27.179,-1.234E-2,-8.028E-2
27.229,-1.088E-2,-9.517E-2
27.278,-8.434E-3,-0.103
27.327,-9.624E-3,-0.110
27.377,-1.765E-2,-0.101
27.426,-1.518E-2,-9.510E-2
27.476,-8.934E-3,-9.499E-2
27.525,-5.090E-3,-9.700E-2
27.575,-2.906E-3,-9.531E-2
27.624,-1.476E-2,-9.554E-2
27.673,-9.997E-3,-8.183E-2
27.723,-1.107E-2,-8.138E-2
27.772,-6.713E-3,-7.887E-2
27.822,-8.350E-3,-7.388E-2
27.871,-9.098E-3,-7.969E-2
27.920,-1.144E-2,-9.064E-2
27.970,-1.494E-2,-9.338E-2
28.019,-1.577E-2,-9.142E-2
28.069,-1.582E-2,-8.237E-2
28.118,-2.108E-2,-8.702E-2
28.168,-2.308E-2,-9.043E-2
28.217,-2.860E-2,-9.810E-2
28.266,-3.135E-2,-9.546E-2
28.316,-3.289E-2,-8.466E-2
28.365,-3.209E-2,-7.627E-2
28.415,-3.630E-2,-7.016E-2
28.464,-3.805E-2,-7.207E-2
28.513,-3.709E-2,-7.834E-2
28.563,-3.875E-2,-9.986E-2
28.612,-4.097E-2,-0.103
28.662,-3.873E-2,-9.856E-2
28.711,-4.855E-2,-8.094E-2
28.761,-4.597E-2,-6.892E-2
28.810,-4.944E-2,-5.765E-2
28.859,-5.551E-2,-5.992E-2
28.909,-4.911E-2,-7.619E-2
28.958,-4.503E-2,-8.919E-2
29.008,-4.685E-2,-9.454E-2
29.057,-4.535E-2,-8.272E-2
29.106,-4.244E-2,-6.402E-2
29.156,-3.655E-2,-6.003E-2
29.205,-3.223E-2,-5.925E-2
29.255,-3.416E-2,-7.106E-2
29.304,-3.175E-2,-8.145E-2
29.354,-3.189E-2,-8.942E-2
29.403,-3.334E-2,-9.801E-2
29.452,-3.308E-2,-8.336E-2
29.502,-3.366E-2,-6.741E-2
29.551,-2.720E-2,-8.002E-2
29.601,-4.484E-2,-9.049E-2
29.650,-3.873E-2,-8.628E-2
29.699,-3.691E-2,-8.071E-2
29.749,-3.142E-2,-7.456E-2
29.798,-1.390E-2,-7.099E-2
29.848,-1.063E-2,-5.661E-2
29.897,-1.787E-2,-6.359E-2
29.947,-1.683E-2,-7.826E-2
29.996,-1.072E-2,-8.613E-2
30.045,-2.331E-3,-9.942E-2
30.095,6.156E-4,-9.106E-2
30.144,-4.630E-3,-8.300E-2
30.194,2.482E-3,-8.291E-2
30.243,3.879E-4,-7.942E-2
30.292,9.965E-4,-8.159E-2
30.342,2.154E-3,-8.937E-2
30.391,-4.645E-3,-8.386E-2
30.441,-6.683E-3,-7.715E-2
30.490,-7.855E-3,-7.023E-2
30.540,-9.666E-3,-6.287E-2
30.589,-9.639E-3,-7.365E-2
30.638,-6.826E-3,-8.533E-2
30.688,-1.032E-2,-8.786E-2
30.737,-9.604E-3,-8.399E-2
30.787,-1.312E-2,-7.531E-2
30.836,-1.261E-2,-7.079E-2
30.885,-1.253E-2,-7.855E-2
30.935,-1.408E-2,-9.339E-2
30.984,-1.387E-2,-0.106
31.034,-1.535E-2,-0.117
31.083,-1.894E-2,-0.113
31.133,-2.099E-2,-0.107
31.182,-2.532E-2,-9.535E-2
31.231,-2.976E-2,-9.075E-2
31.281,-3.692E-2,-9.343E-2
31.330,-3.206E-2,-0.112
31.380,-3.763E-2,-0.110
31.429,-3.748E-2,-0.101
31.478,-3.364E-2,-9.068E-2
31.528,-3.139E-2,-7.327E-2
31.577,-2.754E-2,-7.441E-2
31.627,-3.012E-2,-8.686E-2
31.676,-2.663E-2,-9.684E-2
31.726,-2.644E-2,-9.792E-2
31.775,-3.308E-2,-9.586E-2
31.824,-3.122E-2,-8.814E-2
31.874,-2.957E-2,-9.226E-2
31.923,-2.953E-2,-9.011E-2
31.973,-3.322E-2,-0.104
32.022,-3.124E-2,-0.114
32.071,-2.734E-2,-0.112
32.121,-2.147E-2,-9.693E-2
32.170,-2.844E-2,-8.926E-2
32.220,-3.308E-2,-7.087E-2
32.269,-3.241E-2,-8.187E-2
32.319,-2.880E-2,-9.766E-2
32.368,-3.138E-2,-0.109
32.417,-3.124E-2,-0.114
32.467,-3.346E-2,-9.284E-2
32.516,-3.531E-2,-7.557E-2
32.566,-6.551E-2,-6.470E-2
32.615,-3.980E-2,-7.312E-2
32.664,-4.638E-2,-7.990E-2
32.714,-4.307E-2,-0.100
32.763,-4.072E-2,-0.114
32.813,-4.539E-2,-0.122
32.862,-4.162E-2,-0.141
32.912,-4.524E-2,-0.138
32.961,-4.281E-2,-0.135
33.010,-4.303E-2,-0.123
33.060,-4.007E-2,-0.101
33.109,-2.271E-2,-6.976E-2
33.159,-1.671E-2,-7.115E-2
33.208,-2.068E-2,-8.897E-2
33.257,-2.394E-2,-0.103
33.307,-2.641E-2,-0.109
33.356,-1.999E-2,-0.111
33.406,-2.074E-2,-0.105
33.455,-1.667E-2,-9.356E-2
33.505,-1.839E-2,-8.125E-2
33.554,-4.642E-3,-8.365E-2
33.603,-6.757E-3,-9.374E-2
33.653,-9.496E-3,-0.103
33.702,-8.875E-3,-0.116
33.752,-9.136E-3,-0.119
33.801,-7.794E-3,-0.116
33.850,-7.318E-3,-0.114
33.900,-1.129E-2,-0.107
33.949,-1.574E-2,-0.114
33.999,-1.860E-2,-0.118
34.048,-2.327E-2,-0.114
34.098,-2.334E-2,-0.106
34.147,-2.492E-2,-9.708E-2
34.196,-2.797E-2,-8.712E-2
34.246,-2.386E-2,-8.611E-2
34.295,-2.697E-2,-0.116
34.345,-3.457E-2,-0.120
34.394,-3.120E-2,-0.112
34.443,-2.826E-2,-0.104
34.493,-3.639E-2,-8.762E-2
34.542,-3.916E-2,-8.628E-2
34.592,-4.310E-2,-0.102
34.641,-3.961E-2,-0.112
34.691,-4.301E-2,-0.109
34.740,-4.400E-2,-0.104
34.789,-4.657E-2,-9.089E-2
34.839,-4.241E-2,-8.708E-2
34.888,-4.232E-2,-8.170E-2
34.938,-3.615E-2,-8.654E-2
34.987,-3.453E-2,-0.105
35.036,-3.507E-2,-0.111
35.086,-3.816E-2,-0.103
35.135,-3.411E-2,-0.106
35.185,-3.372E-2,-9.564E-2
35.234,-2.808E-2,-8.087E-2
35.284,-1.796E-2,-8.104E-2
35.333,-1.903E-2,-8.081E-2
35.382,-2.056E-2,-8.229E-2
35.432,-2.806E-2,-6.729E-2
35.481,-2.621E-2,-6.021E-2
35.531,-3.066E-2,-5.561E-2
35.580,-3.078E-2,-6.293E-2
35.629,-2.570E-2,-8.005E-2
35.679,-2.702E-2,-9.424E-2
35.728,-2.477E-2,-0.101
35.778,-2.673E-2,-0.102
35.827,-2.960E-2,-9.398E-2
35.877,-2.423E-2,-8.223E-2
35.926,-2.847E-2,-6.642E-2
35.975,-2.901E-2,-7.266E-2
36.025,-2.806E-2,-9.207E-2
36.074,-2.736E-2,-0.102
36.124,-3.156E-2,-0.107
36.173,-2.680E-2,-8.154E-2
36.222,-2.235E-2,-6.114E-2
36.272,-2.441E-2,-5.594E-2
36.321,-2.544E-2,-6.518E-2
36.371,-2.591E-2,-8.004E-2
36.420,-1.955E-2,-9.804E-2
36.470,-1.773E-2,-0.105
36.519,-1.890E-2,-9.805E-2
36.568,-1.589E-2,-8.604E-2
36.618,-1.258E-2,-6.950E-2
36.667,-1.386E-2,-6.862E-2
36.717,-1.645E-2,-6.900E-2
36.766,-1.279E-2,-9.363E-2
36.815,-1.444E-2,-0.102
36.865,-1.200E-2,-0.110
36.914,-1.577E-2,-9.164E-2
36.964,-1.795E-2,-8.061E-2
37.013,-2.071E-2,-7.862E-2
37.063,-1.595E-2,-8.970E-2
37.112,-1.510E-2,-0.103
37.161,-1.765E-2,-0.113
37.211,-1.787E-2,-0.113
37.260,-2.293E-2,-0.107
37.310,-2.200E-2,-9.045E-2
37.359,-2.165E-2,-7.042E-2
37.408,-2.159E-2,-6.719E-2
37.458,-2.056E-2,-6.979E-2
37.507,-2.011E-2,-8.079E-2
37.557,-1.817E-2,-9.311E-2
37.606,-2.227E-2,-9.390E-2
37.656,-1.885E-2,-9.546E-2
37.705,-1.538E-2,-9.402E-2
37.754,-1.837E-2,-9.246E-2
37.804,-1.828E-2,-9.978E-2
37.853,-1.789E-2,-0.102
37.903,-2.456E-2,-0.114
37.952,-2.941E-2,-0.120
38.001,-2.579E-2,-0.110
38.051,-2.546E-2,-0.104
38.100,-2.531E-2,-9.492E-2
38.150,-1.929E-2,-7.089E-2
38.199,-1.304E-2,-8.328E-2
38.249,-1.465E-2,-8.907E-2
38.298,-1.418E-2,-9.942E-2
38.347,-1.655E-2,-8.689E-2
38.397,-1.992E-2,-8.230E-2
38.446,-1.981E-2,-7.605E-2
38.496,-1.869E-2,-8.620E-2
38.545,-2.161E-2,-9.305E-2
38.594,-2.527E-2,-9.255E-2
38.644,-2.695E-2,-7.765E-2
38.693,-3.316E-2,-6.332E-2
38.743,-4.018E-2,-5.825E-2
38.792,-3.573E-2,-7.448E-2
38.842,-3.022E-2,-9.225E-2
38.891,-2.969E-2,-9.894E-2
38.940,-2.620E-2,-0.109
38.990,-2.630E-2,-0.102
39.039,-2.676E-2,-9.145E-2
39.089,-2.315E-2,-6.996E-2
39.138,-2.213E-2,-6.115E-2
39.187,-2.544E-2,-6.518E-2
39.237,-1.914E-2,-7.477E-2
39.286,-1.683E-2,-9.076E-2
39.336,-1.051E-2,-9.906E-2
39.385,-2.552E-2,-0.107
39.435,-2.530E-2,-0.107
