,mass A,,
t,x,y,
0.111,3.477E-2,-0.115
0.148,3.036E-2,-0.120
0.185,2.885E-2,-0.121
0.222,2.791E-2,-0.112
0.259,2.453E-2,-0.103
0.296,2.045E-2,-0.104
0.333,2.172E-2,-0.108
0.370,2.039E-2,-0.106
0.407,2.129E-2,-0.102
0.444,1.644E-2,-0.107
0.481,1.653E-2,-0.113
0.518,1.468E-2,-0.122
0.555,1.602E-2,-0.123
0.592,1.977E-2,-0.111
0.629,1.921E-2,-0.109
0.666,2.017E-2,-0.116
0.703,2.047E-2,-0.129
0.740,1.937E-2,-0.134
0.777,1.972E-2,-0.129
0.814,2.188E-2,-0.115
0.851,2.511E-2,-0.102
0.888,2.113E-2,-9.817E-2
0.925,2.194E-2,-0.106
0.962,1.919E-2,-0.116
0.999,1.464E-2,-0.119
1.036,1.754E-2,-0.114
1.073,1.396E-2,-0.101
1.110,1.296E-2,-9.937E-2
1.148,1.133E-2,-0.111
1.185,1.026E-2,-0.119
1.222,8.810E-3,-0.120
1.259,8.283E-3,-0.129
1.296,7.845E-3,-0.139
1.333,2.366E-3,-0.141
1.370,1.264E-2,-0.114
1.407,2.387E-2,-9.458E-2
1.444,2.510E-2,-8.233E-2
1.481,2.756E-2,-8.157E-2
1.518,3.060E-2,-9.662E-2
1.555,3.169E-2,-0.105
1.592,3.091E-2,-0.117
1.629,3.207E-2,-0.124
1.666,3.327E-2,-0.117
1.703,3.264E-2,-0.107
1.740,3.565E-2,-0.106
1.777,3.938E-2,-0.104
1.814,3.606E-2,-9.609E-2
1.851,3.463E-2,-0.102
1.888,3.896E-2,-0.106
1.925,3.835E-2,-0.108
1.962,3.564E-2,-0.109
1.999,3.394E-2,-0.107
2.036,2.855E-2,-0.112
2.073,2.763E-2,-0.126
2.110,2.950E-2,-0.130
2.147,3.052E-2,-0.126
2.184,3.193E-2,-0.123
2.221,2.887E-2,-0.122
2.258,3.133E-2,-0.113
2.295,2.868E-2,-0.111
2.332,2.573E-2,-0.114
2.369,2.354E-2,-0.115
2.406,2.161E-2,-0.123
2.443,1.918E-2,-0.127
2.480,1.950E-2,-0.129
2.517,1.729E-2,-0.123
2.554,1.836E-2,-0.114
2.591,2.061E-2,-9.951E-2
2.628,2.324E-2,-9.131E-2
2.665,2.450E-2,-9.769E-2
2.702,2.717E-2,-0.112
2.739,2.706E-2,-0.118
2.776,2.646E-2,-0.115
2.813,2.734E-2,-0.105
2.850,2.588E-2,-9.443E-2
2.887,2.828E-2,-9.851E-2
2.924,2.806E-2,-0.118
2.961,2.735E-2,-0.126
2.998,2.620E-2,-0.120
3.035,2.830E-2,-0.110
3.072,2.550E-2,-0.106
3.109,2.777E-2,-9.678E-2
3.146,2.797E-2,-9.601E-2
3.183,2.960E-2,-0.101
3.220,3.134E-2,-0.112
3.257,3.094E-2,-0.117
3.294,2.496E-2,-0.114
3.331,3.354E-2,-0.108
3.368,3.188E-2,-0.116
3.405,2.842E-2,-0.124
3.443,2.369E-2,-0.121
3.480,2.652E-2,-0.113
3.517,2.452E-2,-0.116
3.554,2.369E-2,-0.121
3.591,2.208E-2,-0.114
3.628,2.606E-2,-0.106
3.665,2.522E-2,-0.107
3.702,2.604E-2,-0.108
3.739,2.591E-2,-0.123
3.776,2.191E-2,-0.123
3.813,2.803E-2,-0.114
3.850,2.597E-2,-0.105
3.887,2.509E-2,-0.100
3.924,2.572E-2,-0.103
3.961,2.340E-2,-0.123
3.998,2.126E-2,-0.117
4.035,2.365E-2,-0.103
4.072,1.263E-2,-0.102
4.109,2.266E-2,-9.859E-2
4.146,2.561E-2,-0.118
4.183,2.665E-2,-0.136
4.220,2.598E-2,-0.143
4.257,2.166E-2,-0.138
4.294,2.439E-2,-0.125
4.331,2.722E-2,-0.117
4.368,3.135E-2,-0.112
4.405,3.023E-2,-0.117
4.442,2.742E-2,-0.124
4.479,2.450E-2,-0.126
4.516,2.523E-2,-0.121
4.553,2.155E-2,-0.111
4.590,2.023E-2,-0.110
4.627,1.980E-2,-0.112
4.664,1.948E-2,-0.109
4.701,1.960E-2,-0.101
4.738,1.668E-2,-0.100
4.775,1.485E-2,-0.116
4.812,1.360E-2,-0.131
4.849,1.085E-2,-0.136
4.886,6.893E-3,-0.124
4.923,1.760E-2,-0.117
4.960,1.875E-2,-0.111
4.997,1.773E-2,-0.115
5.034,1.515E-2,-0.125
5.071,1.430E-2,-0.134
5.108,1.308E-2,-0.133
5.145,1.321E-2,-0.126
5.182,1.559E-2,-0.111
5.219,2.206E-2,-0.104
5.256,2.158E-2,-0.105
5.293,2.322E-2,-0.114
5.330,2.295E-2,-0.121
5.367,1.240E-3,-0.101
5.404,2.673E-2,-0.112
5.441,3.069E-2,-0.108
5.478,3.102E-2,-0.113
5.515,2.918E-2,-0.118
5.552,2.778E-2,-0.122
5.589,2.650E-2,-0.125
5.626,2.576E-2,-0.127
5.663,2.570E-2,-0.128
5.700,2.460E-2,-0.134
5.738,2.156E-2,-0.143
5.775,1.749E-2,-0.134
5.812,2.271E-2,-0.122
5.849,2.740E-2,-0.107
5.886,3.280E-2,-0.101
5.923,3.350E-2,-0.119
5.960,3.013E-2,-0.124
5.997,1.418E-2,-0.114
6.034,1.845E-2,-0.101
6.071,2.846E-2,-8.986E-2
6.108,3.001E-2,-9.239E-2
6.145,2.876E-2,-9.720E-2
6.182,2.718E-2,-0.102
6.219,2.632E-2,-0.103
6.256,2.707E-2,-0.103
6.293,2.725E-2,-0.104
6.330,2.524E-2,-0.106
6.367,2.300E-2,-0.108
6.404,2.487E-2,-0.108
6.441,2.171E-2,-0.102
6.478,2.184E-2,-9.916E-2
6.515,2.277E-2,-9.925E-2
6.552,2.427E-2,-0.106
6.589,2.438E-2,-0.117
6.626,2.362E-2,-0.114
6.663,2.452E-2,-0.107
6.700,2.612E-2,-0.103
6.737,2.506E-2,-0.108
6.774,2.341E-2,-0.104
6.811,2.171E-2,-0.113
6.848,2.018E-2,-0.112
6.885,1.829E-2,-0.112
6.922,1.774E-2,-0.116
6.959,1.920E-2,-0.113
6.996,2.200E-2,-9.648E-2
7.033,2.421E-2,-9.075E-2
7.070,2.239E-2,-9.007E-2
7.107,2.347E-2,-0.108
7.144,2.401E-2,-0.118
7.181,2.183E-2,-0.117
7.218,2.069E-2,-0.116
7.255,2.461E-2,-0.101
7.292,2.539E-2,-9.714E-2
7.329,2.590E-2,-0.103
7.366,2.625E-2,-0.116
7.403,2.279E-2,-0.117
7.440,2.078E-2,-0.111
7.477,2.282E-2,-0.104
7.514,2.881E-2,-0.105
7.551,2.365E-2,-0.101
7.588,,
7.625,2.697E-2,-0.109
7.662,2.925E-2,-0.100
7.699,2.842E-2,-9.255E-2
7.736,3.088E-2,-0.106
7.773,2.983E-2,-0.111
7.810,2.892E-2,-0.119
7.847,2.306E-2,-0.124
7.884,2.732E-2,-0.111
7.921,2.840E-2,-0.111
7.958,2.870E-2,-0.113
7.995,8.433E-3,-8.467E-2
8.033,8.427E-3,-8.911E-2
8.070,2.872E-2,-0.109
8.107,2.676E-2,-0.115
8.144,2.619E-2,-0.120
8.181,2.417E-2,-0.126
8.218,2.366E-2,-0.122
8.255,2.500E-2,-0.101
8.292,2.517E-2,-9.115E-2
8.329,3.115E-2,-0.102
8.366,3.160E-2,-0.112
8.403,2.871E-2,-0.114
8.440,2.714E-2,-0.107
8.477,2.787E-2,-0.102
8.514,3.174E-2,-0.108
8.551,2.826E-2,-0.112
8.588,2.990E-2,-0.107
8.625,3.496E-2,-0.105
8.662,3.172E-2,-0.102
8.699,3.122E-2,-0.123
8.736,2.835E-2,-0.129
8.773,2.593E-2,-0.130
8.810,2.543E-2,-0.128
8.847,2.660E-2,-0.123
8.884,2.747E-2,-0.115
8.921,2.810E-2,-0.106
8.958,2.841E-2,-0.104
8.995,3.064E-2,-0.114
9.032,3.154E-2,-0.121
9.069,3.001E-2,-0.112
9.106,3.242E-2,-0.106
9.143,3.223E-2,-0.116
9.180,3.523E-2,-0.122
9.217,3.681E-2,-0.119
9.254,3.610E-2,-0.115
9.291,3.736E-2,-0.109
9.328,3.755E-2,-0.115
9.365,3.298E-3,-8.295E-2
9.402,3.203E-3,-9.354E-2
9.439,3.459E-2,-0.114
9.476,3.074E-2,-0.107
9.513,3.119E-3,-9.369E-2
9.550,2.739E-2,-0.113
9.587,2.493E-2,-0.116
9.624,2.365E-2,-0.112
9.661,2.031E-2,-0.105
9.698,1.805E-2,-0.102
9.735,1.880E-2,-0.103
9.772,1.493E-2,-0.104
9.809,1.168E-2,-0.103
9.846,6.623E-3,-0.117
9.883,6.901E-3,-0.133
9.920,8.979E-3,-0.126
9.957,9.224E-3,-0.114
9.994,1.451E-2,-9.520E-2
10.031,1.704E-2,-8.254E-2
10.068,1.758E-2,-9.107E-2
10.105,1.901E-2,-0.100
10.142,2.025E-2,-9.741E-2
10.179,1.596E-2,-0.100
10.216,1.699E-2,-0.102
10.253,1.755E-2,-0.107
10.291,1.604E-2,-0.107
10.328,2.821E-2,-0.104
10.365,3.270E-2,-0.109
10.402,3.360E-2,-0.115
10.439,3.159E-2,-0.120
10.476,3.484E-2,-0.122
10.513,3.374E-2,-0.127
10.550,3.304E-2,-0.118
10.587,3.610E-2,-0.103
10.624,3.647E-2,-0.103
10.661,3.659E-2,-0.114
10.698,3.523E-2,-0.122
10.735,3.340E-2,-0.126
10.772,3.051E-2,-0.129
10.809,2.929E-2,-0.125
10.846,3.146E-2,-0.118
10.883,2.831E-2,-0.117
10.920,2.943E-2,-0.102
10.957,2.995E-2,-9.674E-2
10.994,2.987E-2,-9.509E-2
11.031,2.819E-2,-0.102
11.068,2.700E-2,-0.113
11.105,2.606E-2,-0.120
11.142,2.417E-2,-0.125
11.179,2.222E-2,-0.123
11.216,2.340E-2,-0.114
11.253,2.604E-2,-0.108
11.290,2.742E-2,-0.106
11.327,2.139E-2,-0.105
11.364,2.473E-2,-9.903E-2
11.401,2.471E-2,-0.107
11.438,2.504E-2,-0.118
11.475,2.411E-2,-0.127
11.512,2.382E-2,-0.126
11.549,2.360E-2,-0.114
11.586,2.543E-2,-0.109
11.623,2.445E-2,-0.103
11.660,2.604E-2,-9.797E-2
11.697,2.821E-2,-0.101
11.734,2.926E-2,-0.105
11.771,2.806E-2,-0.106
11.808,3.112E-2,-0.114
11.845,2.831E-2,-0.117
11.882,3.189E-2,-0.110
11.919,2.920E-2,-0.103
11.956,2.968E-2,-0.100
11.993,2.946E-2,-9.998E-2
12.030,3.184E-2,-0.104
12.067,3.038E-2,-0.119
12.104,2.996E-2,-0.121
12.141,2.838E-2,-0.112
12.178,2.779E-2,-0.109
12.215,2.679E-2,-0.112
12.252,2.213E-2,-0.111
12.289,1.853E-2,-0.107
12.326,1.814E-2,-0.113
12.363,1.591E-2,-0.118
12.400,1.404E-2,-0.115
12.437,1.454E-2,-0.112
12.474,1.438E-2,-0.112
12.511,1.491E-2,-0.113
12.548,1.617E-2,-0.116
12.586,1.425E-2,-0.130
12.623,1.352E-2,-0.138
12.660,1.303E-2,-0.138
12.697,4.596E-3,-9.922E-2
12.734,2.291E-2,-0.104
12.771,1.895E-2,-0.108
12.808,1.918E-2,-0.113
12.845,1.796E-2,-0.115
12.882,2.152E-2,-9.703E-2
12.919,2.334E-2,-9.209E-2
12.956,2.337E-2,-9.868E-2
12.993,2.305E-2,-0.108
13.030,2.219E-2,-0.116
13.067,2.293E-2,-0.115
13.104,2.737E-2,-0.114
13.141,2.844E-2,-0.117
13.178,2.631E-2,-0.120
13.215,2.295E-2,-0.114
13.252,2.655E-2,-0.106
13.289,2.728E-2,-0.101
13.326,3.020E-2,-0.106
13.363,2.995E-2,-0.113
13.400,2.803E-2,-0.121
13.437,2.614E-2,-0.127
13.474,2.489E-2,-0.131
13.511,2.164E-2,-0.127
13.548,2.556E-2,-0.113
13.585,2.832E-2,-0.103
13.622,2.877E-2,-0.103
13.659,2.802E-2,-0.110
13.696,2.651E-2,-0.117
13.733,2.139E-2,-0.117
13.770,2.324E-2,-0.110
13.807,2.799E-2,-0.110
13.844,2.752E-2,-0.110
13.881,2.836E-2,-0.118
13.918,2.814E-2,-0.127
13.955,2.562E-2,-0.122
13.992,2.925E-2,-0.113
14.029,2.771E-2,-0.114
14.066,2.827E-2,-0.112
14.103,2.815E-2,-0.114
14.140,2.606E-2,-0.109
14.177,1.571E-2,-9.563E-2
14.214,1.300E-2,-0.101
14.251,1.175E-2,-9.988E-2
14.288,5.892E-3,-0.101
14.325,2.580E-3,-9.303E-2
14.362,3.421E-3,-9.434E-2
14.399,-7.867E-4,-0.113
14.436,8.781E-4,-0.129
14.473,4.923E-5,-0.139
14.510,2.484E-3,-0.123
14.547,1.246E-2,-0.109
14.584,1.979E-2,-9.743E-2
14.621,2.213E-2,-9.661E-2
14.658,2.307E-2,-0.107
14.695,2.425E-2,-0.111
14.732,2.556E-2,-0.103
14.769,2.596E-2,-9.019E-2
14.806,2.854E-2,-8.983E-2
14.843,2.931E-2,-0.106
14.881,3.117E-2,-0.120
14.918,3.026E-2,-0.128
14.955,3.104E-2,-0.121
14.992,3.359E-2,-0.114
15.029,2.989E-2,-0.100
15.066,3.250E-2,-9.960E-2
15.103,3.148E-2,-0.104
15.140,3.115E-2,-0.116
15.177,2.935E-2,-0.121
15.214,2.823E-2,-0.121
15.251,2.406E-2,-0.112
15.288,2.269E-2,-0.104
15.325,2.150E-2,-9.854E-2
15.362,1.862E-2,-0.103
15.399,1.573E-2,-0.112
15.436,1.227E-2,-0.117
15.473,7.836E-3,-0.117
15.510,4.366E-3,-0.115
15.547,4.380E-3,-0.112
15.584,4.362E-3,-0.111
15.621,3.306E-3,-0.113
15.658,3.892E-3,-0.104
15.695,6.480E-5,-0.101
15.732,8.959E-4,-0.115
15.769,1.758E-3,-0.140
15.806,8.905E-4,-0.140
15.843,4.204E-3,-0.124
15.880,7.064E-3,-0.108
15.917,4.549E-3,-0.101
15.954,4.421E-3,-0.105
15.991,-1.614E-4,-0.114
16.028,-1.279E-3,-0.116
16.065,1.865E-4,-0.106
16.102,-5.794E-4,-0.101
16.139,1.324E-3,-0.115
16.176,3.462E-3,-0.129
16.213,2.470E-3,-0.136
16.250,7.251E-3,-0.122
16.287,1.280E-2,-0.102
16.324,1.409E-2,-8.977E-2
16.361,9.336E-3,-8.969E-2
16.398,6.893E-3,-0.106
16.435,3.143E-3,-0.123
16.472,3.659E-3,-0.130
16.509,-4.377E-4,-0.117
16.546,6.939E-4,-0.102
16.583,3.675E-4,-9.601E-2
16.620,-4.875E-3,-0.112
16.657,-5.879E-3,-0.120
16.694,-1.361E-2,-0.117
16.731,-9.158E-3,-9.714E-2
16.768,-9.030E-3,-8.980E-2
16.805,-1.291E-2,-0.102
16.842,-1.469E-2,-0.117
16.879,-1.663E-2,-0.129
16.916,-1.623E-2,-0.119
16.953,-4.874E-3,-8.685E-2
16.990,-2.438E-3,-8.343E-2
17.027,7.666E-4,-0.110
17.064,3.950E-5,-0.115
17.101,4.980E-3,-0.104
17.139,3.675E-3,-9.218E-2
17.176,-8.304E-4,-9.037E-2
17.213,4.208E-3,-0.118
17.250,1.097E-3,-0.116
17.287,3.249E-3,-0.117
17.324,9.609E-3,-9.876E-2
17.361,1.219E-2,-8.617E-2
17.398,1.831E-2,-0.103
17.435,1.916E-2,-0.108
17.472,1.708E-2,-0.116
17.509,1.549E-2,-0.109
17.546,1.368E-2,-0.101
17.583,1.741E-2,-9.760E-2
17.620,1.848E-2,-0.101
17.657,1.470E-2,-0.104
17.694,1.949E-2,-0.106
17.731,2.313E-2,-0.112
17.768,2.233E-2,-0.112
17.805,1.867E-2,-0.112
17.842,1.589E-2,-0.110
17.879,1.118E-2,-0.108
17.916,1.106E-2,-0.102
17.953,3.187E-3,-9.541E-2
17.990,5.033E-3,-0.113
18.027,4.195E-3,-0.121
18.064,4.250E-3,-0.121
18.101,3.116E-3,-0.112
18.138,5.554E-3,-8.357E-2
18.175,4.018E-3,-7.253E-2
18.212,7.470E-3,-9.857E-2
18.249,8.556E-3,-9.723E-2
18.286,,
18.323,1.709E-2,-0.103
18.360,2.042E-2,-9.831E-2
18.397,2.001E-2,-0.109
18.434,2.314E-2,-0.116
18.471,2.165E-2,-0.115
18.508,1.879E-2,-0.105
18.545,2.149E-2,-0.112
18.582,2.273E-2,-0.115
18.619,2.010E-2,-0.117
18.656,2.113E-2,-0.107
18.693,2.237E-2,-9.769E-2
18.730,1.830E-2,-9.611E-2
18.767,1.741E-2,-0.110
18.804,1.343E-2,-0.115
18.841,1.007E-2,-0.109
18.878,8.651E-3,-0.104
18.915,5.900E-3,-0.101
18.952,-4.952E-3,-0.104
18.989,-5.976E-3,-8.812E-2
19.026,-5.856E-3,-8.121E-2
19.063,-1.125E-2,-8.112E-2
19.100,-1.152E-2,-9.645E-2
19.137,-1.293E-2,-0.115
19.174,-1.375E-2,-0.137
19.211,-1.672E-2,-0.147
19.248,-1.594E-2,-0.139
19.285,-7.061E-3,-0.113
19.322,3.189E-3,-8.288E-2
19.359,5.590E-3,-0.106
19.396,1.241E-2,-0.137
19.434,1.302E-2,-0.139
19.471,2.508E-2,-0.103
19.508,2.966E-2,-8.874E-2
19.545,3.305E-2,-9.248E-2
19.582,3.349E-2,-0.104
19.619,3.159E-2,-0.114
19.656,2.686E-2,-0.113
19.693,3.000E-2,-0.106
19.730,3.284E-2,-0.105
19.767,3.233E-2,-0.109
19.804,2.853E-2,-0.116
19.841,2.698E-2,-0.119
19.878,2.607E-2,-0.109
19.915,2.709E-2,-0.112
19.952,2.871E-2,-0.118
19.989,2.840E-2,-0.124
20.026,2.661E-2,-0.128
20.063,2.608E-2,-0.120
20.100,2.770E-2,-0.114
20.137,2.951E-2,-0.109
20.174,3.355E-2,-0.113
20.211,3.106E-2,-0.120
20.248,3.108E-2,-0.119
20.285,3.200E-2,-0.116
20.322,3.560E-2,-9.511E-2
20.359,3.545E-2,-9.122E-2
20.396,3.315E-2,-9.896E-2
20.433,3.057E-2,-0.111
20.470,3.344E-2,-0.119
20.507,2.851E-2,-0.118
20.544,1.865E-2,-0.113
20.581,2.104E-2,-0.112
20.618,2.046E-2,-0.108
20.655,1.793E-2,-0.105
20.692,1.379E-2,-0.108
20.729,9.680E-3,-0.118
20.766,6.094E-3,-0.128
20.803,4.097E-3,-0.127
20.840,4.241E-3,-0.120
20.877,5.928E-3,-0.114
20.914,4.629E-3,-0.117
20.951,-1.377E-4,-0.125
20.988,-4.805E-3,-0.137
21.025,-1.111E-2,-8.971E-2
21.062,9.091E-3,-0.104
21.099,1.470E-2,-9.151E-2
21.136,1.708E-2,-9.471E-2
21.173,1.722E-2,-0.114
21.210,1.695E-2,-0.123
21.247,1.868E-2,-0.111
21.284,2.367E-2,-9.793E-2
21.321,2.374E-2,-9.197E-2
21.358,2.490E-2,-0.105
21.395,2.063E-2,-0.111
21.432,2.411E-2,-0.109
21.469,2.446E-2,-0.102
21.506,2.721E-2,-0.105
21.543,2.601E-2,-0.107
21.580,2.695E-2,-0.108
21.617,2.593E-2,-0.105
21.654,2.689E-2,-9.507E-2
21.691,2.628E-2,-8.118E-2
21.729,2.659E-2,-8.308E-2
21.766,2.746E-2,-0.104
21.803,2.828E-2,-0.106
21.840,2.994E-2,-0.110
21.877,2.985E-2,-0.103
21.914,3.094E-2,-0.102
21.951,3.287E-2,-0.115
21.988,3.165E-2,-0.123
22.025,2.495E-2,-0.123
22.062,2.615E-2,-0.117
22.099,2.389E-2,-0.110
22.136,2.510E-2,-0.102
22.173,2.815E-2,-0.113
22.210,2.639E-2,-0.122
22.247,2.823E-2,-0.121
22.284,2.689E-2,-0.124
22.321,2.437E-2,-0.128
22.358,2.686E-2,-0.125
22.395,2.339E-2,-0.114
22.432,2.436E-2,-0.107
22.469,2.426E-2,-0.101
22.506,2.283E-2,-9.640E-2
22.543,2.364E-2,-9.966E-2
22.580,1.852E-2,-9.568E-2
22.617,1.811E-2,-9.438E-2
22.654,1.388E-2,-0.105
22.691,1.815E-2,-0.105
22.728,1.099E-2,-0.106
22.765,1.439E-2,-9.290E-2
22.802,1.408E-2,-7.673E-2
22.839,1.853E-2,-0.108
22.876,2.077E-2,-0.116
22.913,2.674E-2,-0.107
22.950,2.996E-2,-9.631E-2
22.987,3.343E-2,-9.572E-2
23.024,2.964E-2,-0.113
23.061,3.186E-2,-0.111
23.098,3.295E-2,-0.110
23.135,3.344E-2,-0.107
23.172,3.005E-2,-0.104
23.209,2.710E-2,-0.108
23.246,2.604E-2,-0.117
23.283,2.265E-2,-0.122
23.320,2.393E-2,-0.120
23.357,2.112E-2,-0.108
23.394,2.136E-2,-0.106
23.431,1.410E-2,-0.110
23.468,6.835E-3,-0.116
23.505,1.339E-3,-0.115
23.542,-2.349E-3,-0.107
23.579,-4.933E-3,-0.103
23.616,-1.656E-3,-9.101E-2
23.653,-1.013E-3,-0.104
23.690,2.621E-4,-0.120
23.727,1.871E-3,-0.129
23.764,-3.242E-3,-0.107
23.801,1.009E-2,-0.123
23.838,1.515E-2,-0.105
23.875,1.711E-2,-9.095E-2
23.912,1.728E-2,-9.370E-2
23.949,2.438E-2,-0.107
23.986,2.620E-2,-0.114
24.024,2.948E-2,-0.111
24.061,2.723E-2,-0.105
24.098,2.661E-2,-9.042E-2
24.135,2.719E-2,-0.108
24.172,2.958E-2,-0.118
24.209,2.655E-2,-0.106
24.246,2.933E-2,-0.108
24.283,3.182E-2,-0.113
24.320,3.565E-2,-0.112
24.357,3.662E-2,-9.941E-2
24.394,1.910E-2,-0.105
24.431,3.429E-2,-0.102
24.468,3.639E-2,-0.113
24.505,3.400E-2,-0.112
24.542,3.452E-2,-0.107
24.579,3.117E-2,-0.102
24.616,3.083E-2,-0.108
24.653,3.292E-2,-0.100
24.690,2.828E-2,-9.279E-2
24.727,2.009E-2,-9.286E-2
24.764,1.802E-2,-0.114
24.801,2.143E-2,-0.115
24.838,1.340E-2,-0.108
24.875,9.595E-3,-9.781E-2
24.912,1.088E-3,-0.105
24.949,4.647E-3,-0.111
24.986,3.388E-3,-0.113
25.023,5.444E-3,-9.917E-2
25.060,5.240E-3,-8.918E-2
25.097,2.407E-3,-0.110
25.134,7.663E-3,-0.111
25.171,3.888E-3,-0.116
25.208,4.783E-3,-0.107
25.245,3.746E-3,-8.895E-2
25.282,-3.482E-3,-8.842E-2
25.319,-3.487E-3,-0.113
25.356,-1.882E-3,-0.113
25.393,-3.991E-3,-0.123
25.430,-3.649E-3,-9.097E-2
25.467,-1.077E-2,-9.042E-2
25.504,-9.231E-3,-0.126
25.541,-1.075E-2,-0.126
25.578,-1.688E-2,-0.119
25.615,-5.352E-3,-7.712E-2
25.652,-7.921E-3,-7.577E-2
25.689,-5.769E-3,-0.112
25.726,-5.701E-3,-0.110
25.763,-1.031E-2,-0.101
25.800,-1.334E-2,-8.929E-2
25.837,-1.432E-2,-0.121
25.874,-1.852E-2,-0.126
25.911,-1.775E-2,-0.119
25.948,-1.646E-2,-9.485E-2
25.985,-9.243E-3,-7.726E-2
26.022,-7.174E-3,-8.248E-2
26.059,-5.634E-3,-0.110
26.096,-9.368E-4,-0.128
26.133,1.397E-4,-0.134
26.170,2.890E-3,-0.125
26.207,8.351E-3,-0.109
26.244,9.716E-3,-0.105
26.282,1.828E-2,-9.822E-2
26.319,2.013E-2,-0.111
26.356,2.126E-2,-0.112
26.393,2.081E-2,-0.113
26.430,1.491E-2,-0.117
26.467,1.075E-2,-0.120
26.504,1.097E-2,-0.120
26.541,1.012E-2,-0.119
26.578,8.671E-3,-0.115
26.615,5.567E-3,-0.108
26.652,4.995E-3,-0.103
26.689,2.254E-3,-0.116
26.726,4.913E-3,-0.120
26.763,4.319E-3,-0.130
26.800,8.372E-3,-0.120
26.837,1.174E-2,-0.107
26.874,1.211E-2,-0.104
26.911,1.029E-2,-0.119
26.948,1.047E-2,-0.124
26.985,6.704E-3,-0.109
27.022,9.010E-3,-9.595E-2
27.059,-2.812E-3,-9.747E-2
27.096,-1.454E-3,-0.117
27.133,-8.395E-4,-0.116
27.170,1.213E-3,-9.711E-2
27.207,-4.307E-3,-9.763E-2
27.244,-2.203E-3,-0.118
27.281,-1.347E-3,-0.120
27.318,-1.119E-3,-9.984E-2
27.355,-4.737E-3,-9.872E-2
27.392,-3.761E-3,-0.119
27.429,-7.011E-3,-0.123
27.466,-1.301E-2,-0.113
27.503,-1.041E-2,-9.935E-2
27.540,-1.272E-2,-9.187E-2
27.577,-9.843E-3,-0.118
27.614,-7.393E-3,-0.132
27.651,-8.086E-3,-0.135
27.688,-1.051E-2,-0.125
27.725,2.757E-3,-9.801E-2
27.762,4.891E-3,-8.428E-2
27.799,2.990E-3,-8.395E-2
27.836,9.705E-3,-0.107
27.873,1.224E-2,-0.122
27.910,1.061E-2,-0.128
27.947,1.330E-2,-0.123
27.984,1.943E-2,-0.103
28.021,2.420E-2,-0.104
28.058,2.267E-2,-9.059E-2
28.095,2.772E-2,-0.113
28.132,3.044E-2,-0.121
28.169,3.058E-2,-0.123
28.206,3.545E-2,-0.116
28.243,3.279E-2,-0.108
28.280,-1.193E-2,-6.059E-2
28.317,3.439E-2,-0.103
28.354,2.938E-2,-0.117
28.391,3.020E-2,-0.120
28.428,2.594E-2,-0.116
28.465,2.897E-2,-0.116
28.502,2.856E-2,-0.115
28.539,2.916E-2,-0.117
28.577,2.700E-2,-0.117
28.614,2.538E-2,-0.111
28.651,2.526E-2,-0.106
28.688,2.257E-2,-0.106
28.725,2.191E-2,-0.113
28.762,2.086E-2,-0.128
28.799,2.282E-2,-0.134
28.836,2.528E-2,-0.129
28.873,2.676E-2,-0.119
28.910,2.803E-2,-0.108
28.947,2.384E-2,-0.109
28.984,2.811E-2,-0.116
29.021,2.603E-2,-0.124
29.058,1.535E-3,-8.956E-2
29.095,3.150E-2,-0.119
29.132,3.113E-2,-0.116
29.169,3.579E-3,-7.886E-2
29.206,5.141E-3,-8.971E-2
29.243,3.378E-3,-9.272E-2
29.280,9.017E-4,-9.405E-2
29.317,3.807E-2,-0.114
29.354,3.418E-2,-0.114
29.391,3.115E-2,-0.108
29.428,3.235E-2,-9.549E-2
29.465,3.247E-2,-8.879E-2
29.502,2.885E-2,-9.824E-2
29.539,2.472E-2,-0.102
29.576,2.883E-2,-0.112
29.613,3.041E-2,-0.120
29.650,3.057E-2,-0.124
29.687,3.005E-2,-0.103
29.724,3.041E-2,-0.108
29.761,2.399E-2,-0.111
29.798,2.291E-2,-0.120
29.835,2.703E-2,-0.128
29.872,1.932E-2,-0.124
29.909,2.517E-2,-0.111
29.946,2.513E-2,-0.101
29.983,2.418E-2,-9.836E-2
30.020,2.518E-2,-0.105
30.057,2.707E-2,-0.113
30.094,2.474E-2,-0.111
30.131,2.420E-2,-0.104
30.168,1.720E-2,-9.868E-2
30.205,2.044E-2,-9.701E-2
30.242,1.998E-2,-0.111
30.279,1.620E-2,-0.101
30.316,1.871E-2,-9.698E-2
30.353,1.194E-2,-8.980E-2
30.390,1.080E-2,-9.539E-2
30.427,8.807E-3,-0.106
30.464,7.117E-3,-0.113
30.501,6.708E-3,-0.116
30.538,3.744E-3,-0.101
30.575,1.361E-2,-9.257E-2
30.612,1.242E-2,-9.363E-2
30.649,1.040E-2,-0.113
30.686,1.125E-2,-0.126
30.723,1.393E-2,-0.123
30.760,1.483E-2,-9.691E-2
30.797,2.073E-2,-9.291E-2
30.834,1.804E-2,-9.945E-2
30.872,1.708E-2,-0.116
30.909,1.537E-2,-0.115
30.946,1.927E-2,-0.115
30.983,2.094E-2,-0.118
31.020,1.606E-2,-0.113
31.057,2.248E-2,-0.104
31.094,2.738E-2,-9.583E-2
31.131,2.201E-2,-9.750E-2
31.168,2.153E-2,-0.112
31.205,2.146E-2,-0.124
31.242,2.078E-2,-0.127
31.279,1.818E-2,-0.128
31.316,1.945E-2,-0.117
31.353,1.744E-2,-0.119
31.390,1.494E-2,-0.126
31.427,1.207E-2,-0.133
31.464,1.310E-2,-0.134
31.501,1.204E-2,-0.120
31.538,7.901E-5,-9.691E-2
31.575,1.586E-2,-9.631E-2
31.612,1.772E-2,-0.111
31.649,1.937E-2,-0.123
31.686,1.502E-2,-0.123
31.723,2.078E-2,-0.115
31.760,-8.013E-6,-0.103
31.797,1.736E-2,-0.100
31.834,1.527E-2,-0.109
31.871,1.956E-2,-0.110
31.908,1.757E-2,-0.113
31.945,1.847E-2,-9.849E-2
31.982,1.860E-2,-0.102
32.019,1.722E-2,-0.108
32.056,1.869E-2,-0.111
32.093,2.058E-2,-0.114
32.130,2.306E-2,-0.108
32.167,2.393E-2,-0.107
32.204,2.698E-2,-0.106
32.241,2.654E-2,-0.117
32.278,2.582E-2,-0.125
32.315,2.891E-2,-0.119
32.352,2.577E-2,-0.114
32.389,2.652E-2,-0.115
32.426,2.193E-2,-0.131
32.463,1.918E-2,-0.132
32.500,2.046E-2,-0.121
32.537,2.580E-2,-9.926E-2
32.574,2.560E-2,-9.331E-2
32.611,2.569E-2,-0.112
32.648,2.570E-2,-0.121
32.685,2.536E-2,-0.117
32.722,2.351E-2,-0.123
32.759,1.827E-2,-0.139
32.796,1.143E-2,-0.138
32.833,9.949E-3,-0.129
32.870,2.292E-2,-9.144E-2
32.907,2.021E-2,-8.564E-2
32.944,2.082E-2,-8.773E-2
32.981,1.838E-2,-0.121
33.018,1.351E-2,-0.123
33.055,1.479E-2,-0.124
33.092,1.931E-2,-8.748E-2
33.130,2.251E-2,-0.115
33.167,2.359E-2,-0.115
33.204,2.625E-2,-9.819E-2
33.241,3.195E-2,-9.079E-2
33.278,3.459E-2,-9.121E-2
33.315,3.074E-2,-0.104
33.352,3.217E-2,-0.116
33.389,2.916E-2,-0.117
33.426,3.086E-2,-0.106
33.463,2.724E-2,-0.104
33.500,3.022E-2,-0.111
33.537,3.092E-2,-0.119
33.574,3.431E-2,-0.119
33.611,3.455E-2,-0.106
33.648,3.111E-3,-7.034E-2
33.685,3.635E-2,-0.107
33.722,3.513E-2,-0.115
33.759,3.346E-2,-0.117
33.796,3.139E-2,-0.114
33.833,3.309E-2,-0.115
33.870,2.989E-2,-0.113
33.907,2.916E-2,-0.119
33.944,2.977E-2,-0.120
33.981,2.733E-2,-0.111
34.018,3.025E-2,-0.105
34.055,2.818E-2,-9.952E-2
34.092,2.463E-2,-0.102
34.129,2.060E-2,-0.115
34.166,1.720E-2,-0.130
34.203,1.426E-2,-0.130
34.240,1.689E-2,-0.115
34.277,1.962E-2,-0.107
34.314,1.709E-2,-0.111
34.351,1.650E-2,-0.127
34.388,1.620E-2,-0.130
34.425,1.790E-2,-0.119
34.462,2.113E-2,-0.107
34.499,2.283E-2,-9.662E-2
34.536,2.046E-2,-9.603E-2
34.573,2.145E-2,-0.116
34.610,2.362E-2,-0.130
34.647,2.332E-2,-0.130
34.684,2.226E-2,-0.129
34.721,3.328E-2,-0.104
34.758,3.678E-2,-0.102
34.795,3.573E-2,-0.102
34.832,3.532E-2,-0.108
34.869,3.307E-2,-0.116
34.906,2.857E-2,-0.114
34.943,3.144E-2,-0.111
34.980,2.903E-2,-0.112
35.017,2.626E-2,-0.110
35.054,2.701E-2,-0.104
35.091,2.374E-2,-9.383E-2
35.128,2.892E-2,-8.160E-2
35.165,2.484E-2,-8.748E-2
35.202,2.875E-2,-9.132E-2
35.239,2.358E-2,-0.115
35.276,2.244E-2,-0.122
35.313,2.432E-2,-0.123
35.350,1.851E-2,-0.121
35.387,2.513E-2,-0.113
35.425,2.358E-2,-0.115
35.462,2.410E-2,-0.110
35.499,2.436E-2,-0.108
35.536,2.455E-2,-0.109
35.573,2.163E-2,-0.116
35.610,2.100E-2,-0.114
35.647,1.796E-2,-0.117
35.684,2.117E-2,-0.117
35.721,1.858E-2,-0.134
35.758,2.622E-2,-0.125
35.795,3.530E-2,-0.112
35.832,3.675E-2,-0.106
35.869,3.777E-2,-0.107
35.906,3.290E-2,-0.114
35.943,3.036E-2,-0.120
35.980,2.844E-2,-0.124
36.017,2.713E-2,-0.123
36.054,2.584E-2,-0.122
36.091,2.266E-2,-0.118
36.128,2.136E-2,-0.107
36.165,2.087E-2,-9.723E-2
36.202,1.758E-2,-9.561E-2
36.239,1.936E-2,-9.699E-2
36.276,1.741E-2,-0.116
36.313,1.473E-2,-0.121
36.350,1.326E-2,-0.125
36.387,1.584E-2,-0.113
36.424,2.015E-2,-0.102
36.461,1.817E-2,-9.092E-2
36.498,1.606E-2,-8.733E-2
36.535,1.507E-2,-0.100
36.572,1.561E-2,-0.118
36.609,1.480E-2,-0.126
36.646,1.481E-2,-0.123
36.683,1.657E-2,-0.109
36.720,1.995E-2,-0.101
36.757,1.771E-2,-0.106
36.794,1.833E-2,-0.116
36.831,1.868E-2,-0.122
36.868,1.744E-2,-0.126
36.905,1.844E-2,-0.125
36.942,1.246E-2,-0.133
36.979,1.160E-2,-0.133
37.016,1.188E-2,-0.130
37.053,1.066E-2,-0.125
37.090,1.100E-2,-0.105
37.127,8.458E-3,-0.103
37.164,4.691E-3,-0.125
37.201,6.096E-3,-0.127
37.238,4.890E-3,-0.122
37.275,6.888E-3,-9.375E-2
37.312,5.247E-3,-9.515E-2
37.349,5.356E-3,-0.112
37.386,2.963E-3,-0.113
37.423,6.474E-3,-0.118
37.460,1.528E-4,-9.158E-2
37.497,-2.358E-4,-0.114
37.534,-4.550E-4,-0.128
37.571,-5.977E-3,-0.125
37.608,4.391E-4,-0.110
37.645,1.918E-3,-8.739E-2
37.682,3.636E-3,-9.907E-2
37.720,9.095E-3,-0.114
37.757,9.118E-3,-0.115
37.794,1.295E-2,-0.108
37.831,1.190E-2,-0.104
37.868,1.538E-2,-9.022E-2
37.905,1.911E-2,-9.987E-2
37.942,2.229E-2,-0.110
37.979,2.305E-2,-0.109
38.016,2.168E-2,-0.100
38.053,2.182E-2,-9.206E-2
38.090,2.070E-2,-0.103
38.127,2.017E-2,-0.112
38.164,1.904E-2,-0.115
38.201,1.432E-2,-0.114
38.238,8.485E-3,-0.114
38.275,5.560E-3,-0.108
38.312,5.393E-3,-0.105
38.349,3.006E-3,-0.106
38.386,5.457E-3,-0.102
38.423,3.494E-3,-0.104
38.460,2.151E-3,-0.111
38.497,-2.191E-4,-0.123
38.534,-1.264E-4,-0.124
38.571,3.938E-3,-0.114
38.608,1.851E-3,-0.109
38.645,5.351E-3,-0.108
38.682,6.743E-3,-0.101
38.719,9.540E-3,-0.116
38.756,1.080E-2,-0.123
38.793,9.854E-3,-0.122
38.830,1.227E-2,-0.115
38.867,1.659E-2,-0.103
38.904,1.600E-2,-9.333E-2
38.941,1.803E-2,-8.976E-2
38.978,1.824E-2,-0.112
39.015,1.899E-2,-0.127
39.052,1.606E-2,-0.125
39.089,1.811E-2,-0.107
39.126,2.261E-2,-9.683E-2
39.163,2.156E-2,-0.108
39.200,2.141E-2,-0.122
39.237,1.681E-2,-0.119
39.274,2.510E-2,-0.115
39.311,1.820E-2,-0.114
39.348,1.847E-2,-0.111
39.385,1.928E-2,-0.114
39.422,1.763E-2,-0.110
39.459,1.818E-2,-0.103
39.496,1.691E-2,-0.107
39.533,1.853E-2,-0.107
39.570,9.576E-3,-0.123
39.607,3.132E-3,-0.123
39.644,3.767E-3,-0.116
39.681,8.606E-3,-0.107
39.718,-2.385E-3,-0.101
39.755,-6.662E-3,-0.124
39.792,-9.736E-3,-0.134
39.829,-1.302E-2,-0.133
39.866,-2.652E-3,-9.574E-2
39.903,-3.036E-3,-8.569E-2
39.940,-1.418E-3,-8.691E-2
39.977,2.916E-3,-0.122
40.015,4.515E-3,-0.118
40.052,6.331E-3,-0.102
40.089,5.923E-3,-9.956E-2
40.126,8.874E-3,-9.002E-2
40.163,1.050E-2,-0.107
40.200,1.205E-2,-0.117
40.237,1.122E-2,-0.118
40.274,1.247E-2,-0.108
40.311,1.177E-2,-9.880E-2
40.348,1.163E-2,-9.448E-2
40.385,1.238E-2,-0.101
40.422,1.232E-2,-0.118
40.459,1.460E-2,-0.122
40.496,1.400E-2,-0.107
40.533,1.027E-2,-9.957E-2
40.570,1.178E-2,-9.837E-2
40.607,9.026E-3,-0.116
40.644,1.022E-2,-0.113
40.681,9.996E-3,-0.101
40.718,1.178E-2,-0.110
40.755,1.038E-2,-0.127
40.792,1.438E-2,-0.122
40.829,1.468E-2,-0.111
40.866,1.665E-2,-0.104
40.903,1.058E-2,-0.105
40.940,7.448E-3,-0.117
40.977,4.189E-3,-0.120
41.014,5.132E-3,-0.120
41.051,1.151E-2,-0.101
41.088,7.761E-3,-0.106
