,mass A,,
t,x,y,
0.000,2.720E-2,-9.293E-2
0.036,2.390E-2,-0.101
0.071,2.871E-2,-0.104
0.107,2.930E-2,-9.782E-2
0.142,2.652E-2,-9.025E-2
0.178,2.488E-2,-8.683E-2
0.213,1.770E-2,-8.137E-2
0.249,1.583E-2,-9.152E-2
0.284,2.376E-2,-9.530E-2
0.320,1.866E-2,-9.594E-2
0.355,8.060E-3,-0.105
0.391,9.794E-3,-0.109
0.426,6.636E-4,-0.109
0.462,3.166E-3,-0.109
0.497,7.638E-3,-8.207E-2
0.533,6.744E-3,-7.215E-2
0.568,2.670E-3,-7.483E-2
0.604,-3.107E-3,-7.894E-2
0.639,-5.570E-3,-8.493E-2
0.675,-5.319E-3,-0.104
0.710,-4.327E-3,-9.394E-2
0.746,1.211E-2,-8.293E-2
0.781,2.071E-2,-8.004E-2
0.817,1.994E-2,-8.285E-2
0.852,6.072E-3,-7.767E-2
0.888,2.313E-2,-0.116
0.923,8.040E-3,-0.107
0.959,1.335E-2,-8.623E-2
0.994,2.890E-2,-8.228E-2
1.030,3.101E-2,-8.478E-2
1.065,3.119E-2,-0.101
1.101,3.196E-2,-0.109
1.136,1.974E-2,-0.106
1.172,2.713E-2,-0.104
1.207,2.949E-2,-0.106
1.243,2.447E-2,-0.106
1.278,8.663E-3,-9.488E-2
1.314,1.365E-2,-0.103
1.349,1.938E-2,-0.118
1.385,1.205E-2,-0.124
1.420,9.148E-3,-0.116
1.456,8.546E-3,-0.102
1.491,1.587E-2,-0.114
1.527,1.502E-2,-0.123
1.562,1.358E-2,-0.133
1.598,8.140E-3,-0.125
1.633,8.714E-3,-0.106
1.669,9.487E-3,-9.533E-2
1.704,2.421E-2,-9.126E-2
1.740,2.727E-2,-9.290E-2
1.775,2.634E-2,-0.103
1.811,2.566E-2,-0.114
1.846,2.002E-2,-0.110
1.882,1.007E-2,-8.942E-2
1.917,2.754E-2,-0.108
1.953,1.542E-2,-0.101
1.988,1.961E-2,-0.111
2.024,1.953E-2,-0.105
2.059,1.739E-2,-0.101
2.095,1.025E-2,-9.510E-2
2.130,8.734E-3,-9.208E-2
2.166,8.635E-3,-9.693E-2
2.201,8.371E-3,-0.111
2.237,3.115E-3,-0.121
2.272,3.138E-3,-0.110
2.308,8.698E-3,-9.302E-2
2.343,9.407E-3,-9.267E-2
2.379,8.634E-3,-9.939E-2
2.414,8.382E-3,-0.111
2.450,8.274E-3,-0.116
2.485,8.372E-3,-0.113
2.521,1.064E-2,-0.115
2.556,8.646E-3,-0.119
2.592,6.952E-3,-0.117
2.627,1.048E-2,-0.101
2.663,1.352E-2,-8.527E-2
2.698,1.043E-2,-9.017E-2
2.734,1.354E-2,-0.116
2.769,1.083E-2,-0.101
2.805,8.706E-3,-9.348E-2
2.840,7.267E-3,-0.109
2.876,3.716E-3,-0.116
2.911,2.436E-3,-0.122
2.947,-1.882E-3,-8.688E-2
2.982,5.332E-3,-8.280E-2
3.018,1.592E-3,-8.760E-2
3.053,8.173E-3,-0.116
3.089,4.594E-3,-0.126
3.124,-2.853E-3,-0.105
3.160,1.578E-2,-0.100
3.195,2.049E-2,-9.492E-2
3.231,1.948E-2,-0.100
3.266,1.414E-2,-0.107
3.302,1.463E-2,-0.119
3.337,2.116E-2,-0.108
3.373,2.401E-2,-0.105
3.408,2.371E-2,-0.106
3.444,1.411E-2,-0.106
3.479,4.857E-3,-0.106
3.515,3.776E-3,-0.111
3.550,1.194E-2,-0.100
3.586,1.130E-2,-9.111E-2
3.621,8.539E-3,-8.552E-2
3.657,-1.436E-3,-8.460E-2
3.692,6.037E-3,-0.111
3.728,-4.811E-3,-0.112
3.763,-5.437E-3,-0.116
3.799,-1.909E-3,-0.107
3.834,4.830E-4,-0.102
3.870,-1.783E-3,-0.105
3.905,-3.534E-3,-0.119
3.941,-8.306E-3,-0.126
3.976,-5.263E-3,-0.106
4.012,-2.587E-3,-9.000E-2
4.047,4.098E-3,-8.648E-2
4.083,3.978E-3,-9.428E-2
4.118,5.626E-3,-0.111
4.154,1.553E-3,-0.116
4.189,3.333E-3,-9.790E-2
4.225,3.484E-3,-8.273E-2
4.260,1.087E-3,-7.845E-2
4.296,-2.759E-3,-7.880E-2
4.331,-2.071E-3,-9.061E-2
4.367,5.707E-3,-0.116
4.402,1.570E-3,-0.123
4.438,-6.356E-4,-0.110
4.473,4.507E-3,-8.610E-2
4.509,2.294E-2,-8.118E-2
4.544,2.829E-2,-7.780E-2
4.580,2.827E-2,-8.389E-2
4.615,2.937E-2,-0.102
4.651,1.549E-2,-0.107
4.686,7.734E-3,-9.533E-2
4.722,2.355E-2,-9.281E-2
4.757,2.566E-2,-9.414E-2
4.793,1.858E-2,-9.464E-2
4.828,1.618E-2,-0.105
4.864,1.526E-2,-0.117
4.899,4.885E-4,-8.689E-2
4.935,8.065E-3,-0.108
4.970,1.266E-2,-0.117
5.006,4.142E-3,-0.114
5.041,-2.361E-3,-0.109
5.077,6.768E-3,-0.103
5.112,2.656E-2,-0.101
5.148,1.170E-2,-8.414E-2
5.183,2.058E-2,-9.776E-2
5.219,1.296E-3,-7.473E-2
5.254,1.041E-2,-0.111
5.290,1.379E-2,-9.815E-2
5.325,2.891E-2,-9.553E-2
5.361,2.173E-2,-8.953E-2
5.396,3.023E-2,-9.490E-2
5.432,1.258E-2,-8.627E-2
5.467,1.201E-2,-8.800E-2
5.503,2.040E-2,-9.620E-2
5.538,1.445E-2,-9.567E-2
5.574,3.367E-3,-8.452E-2
5.609,1.539E-3,-8.825E-2
5.645,1.479E-2,-0.102
5.680,1.177E-2,-0.105
5.716,1.906E-2,-0.107
5.751,5.055E-3,-9.630E-2
5.787,2.750E-2,-0.115
5.822,8.168E-3,-9.360E-2
5.858,9.442E-3,-8.968E-2
5.893,-4.745E-3,-7.673E-2
5.929,3.220E-2,-0.108
5.964,2.400E-2,-0.101
6.000,2.327E-2,-0.107
6.035,2.638E-2,-0.108
6.071,2.839E-2,-0.103
6.106,1.143E-2,-9.320E-2
6.142,1.583E-2,-9.639E-2
6.177,2.856E-2,-0.116
6.213,1.793E-2,-0.115
6.248,-5.111E-3,-9.787E-2
6.284,2.563E-2,-0.101
6.319,1.833E-3,-7.292E-2
6.355,7.750E-3,-8.081E-2
6.390,4.927E-3,-8.462E-2
6.426,9.593E-3,-9.432E-2
6.461,8.752E-3,-0.101
6.497,4.027E-3,-0.104
6.532,6.487E-4,-0.109
6.568,4.907E-3,-0.104
6.603,-4.989E-3,-9.067E-2
6.639,2.232E-3,-8.279E-2
6.674,1.343E-3,-7.416E-2
6.710,2.828E-2,-8.992E-2
6.745,2.843E-2,-9.893E-2
6.781,2.987E-2,-0.107
6.816,1.886E-2,-0.107
6.852,2.999E-2,-0.109
6.887,2.673E-2,-0.116
6.923,1.076E-3,-9.334E-2
6.958,3.374E-2,-9.615E-2
6.994,2.903E-2,-8.989E-2
7.029,2.973E-2,-8.317E-2
7.065,1.638E-2,-7.315E-2
7.100,1.751E-2,-7.382E-2
7.136,2.425E-2,-0.101
7.171,2.380E-2,-0.119
7.207,1.573E-2,-0.122
7.242,6.102E-3,-0.113
7.278,-3.542E-3,-9.951E-2
7.313,5.833E-3,-9.437E-2
7.349,1.602E-2,-9.866E-2
7.384,4.179E-3,-9.168E-2
7.420,2.559E-3,-9.812E-2
7.455,-2.937E-3,-0.105
7.491,-5.114E-3,-9.740E-2
7.526,1.439E-2,-9.403E-2
7.562,-5.812E-4,-7.899E-2
7.597,-2.362E-3,-7.889E-2
7.633,1.840E-2,-0.107
7.668,1.577E-2,-0.116
7.704,1.825E-2,-0.128
7.739,1.672E-2,-0.133
7.775,3.467E-3,-0.121
7.810,-5.091E-3,-9.653E-2
7.846,3.368E-3,-9.167E-2
7.881,4.064E-3,-8.403E-2
7.917,7.637E-3,-9.432E-2
7.952,2.697E-3,-9.866E-2
7.988,-2.907E-3,-0.101
8.023,-2.238E-3,-9.770E-2
8.059,-3.760E-3,-8.738E-2
8.094,8.040E-4,-8.806E-2
8.130,1.043E-2,-0.106
8.165,2.170E-2,-0.132
8.201,-2.542E-3,-0.117
8.236,6.218E-3,-0.108
8.272,1.246E-2,-9.844E-2
8.307,2.428E-2,-9.103E-2
8.343,3.657E-2,-0.102
8.378,2.510E-2,-0.100
8.414,2.126E-2,-0.114
8.449,-6.021E-5,-9.007E-2
8.485,6.018E-5,-9.554E-2
8.520,1.622E-2,-0.115
8.556,2.633E-2,-0.116
8.591,7.379E-3,-9.718E-2
8.627,3.208E-2,-9.631E-2
8.662,2.274E-2,-9.349E-2
8.698,2.548E-2,-9.405E-2
8.733,2.781E-2,-9.780E-2
8.769,2.636E-2,-0.102
8.804,9.483E-3,-9.443E-2
8.840,1.410E-2,-0.112
8.875,4.354E-3,-0.114
8.911,3.042E-2,-0.123
8.946,-4.064E-3,-6.372E-2
8.982,1.280E-2,-8.157E-2
9.017,2.274E-2,-0.103
9.053,2.257E-2,-0.109
9.088,1.959E-2,-0.106
9.124,-4.557E-3,-8.932E-2
9.159,2.126E-2,-9.095E-2
9.195,2.639E-2,-0.101
9.230,2.337E-2,-0.109
9.266,2.199E-2,-0.118
9.301,9.270E-3,-0.107
9.337,2.071E-2,-0.119
9.372,1.041E-2,-0.108
9.408,2.508E-2,-0.107
9.443,2.758E-2,-0.105
9.479,3.887E-3,-9.375E-2
9.514,2.299E-2,-9.823E-2
9.550,2.075E-2,-0.106
9.585,5.992E-3,-0.101
9.621,7.331E-3,-0.111
9.656,-3.593E-3,-0.105
9.692,1.466E-2,-0.100
9.727,-2.641E-3,-8.630E-2
9.763,-3.195E-3,-8.681E-2
9.798,2.847E-3,-9.348E-2
9.834,7.624E-3,-9.143E-2
9.869,-1.895E-3,-8.943E-2
9.905,-5.086E-3,-9.883E-2
9.940,1.749E-3,-0.119
9.976,3.133E-3,-7.835E-2
10.011,2.756E-2,-7.706E-2
10.047,1.281E-2,-7.202E-2
10.082,2.704E-2,-0.104
10.118,2.137E-2,-0.113
10.153,1.784E-3,-9.159E-2
10.189,3.183E-2,-9.323E-2
10.224,3.259E-2,-9.578E-2
10.260,2.479E-2,-9.678E-2
10.295,1.187E-2,-9.157E-2
10.331,2.283E-2,-0.100
10.366,2.897E-2,-0.102
10.402,1.851E-2,-0.101
10.437,1.767E-2,-0.112
10.473,7.344E-3,-0.110
10.508,2.812E-4,-0.102
10.544,1.919E-2,-0.101
10.579,2.067E-2,-0.103
10.615,1.709E-2,-0.110
10.650,1.400E-2,-0.120
10.686,-5.210E-3,-0.103
10.721,-2.553E-4,-9.484E-2
10.757,-4.073E-3,-8.133E-2
10.792,1.931E-2,-9.513E-2
10.828,2.002E-2,-0.112
10.863,4.371E-3,-0.108
10.899,7.884E-3,-0.102
10.934,1.166E-2,-9.570E-2
10.970,1.449E-2,-8.723E-2
11.005,-4.099E-3,-6.971E-2
11.041,2.384E-3,-7.431E-2
11.076,1.311E-2,-9.094E-2
11.112,2.800E-2,-0.112
11.147,7.608E-3,-0.110
11.183,9.688E-3,-0.101
11.218,1.208E-2,-8.838E-2
11.254,3.620E-2,-0.104
11.289,2.587E-2,-9.956E-2
11.325,2.027E-2,-0.105
11.360,2.075E-2,-0.106
11.396,2.456E-2,-9.848E-2
11.431,3.868E-2,-0.109
11.467,2.257E-2,-9.526E-2
11.502,3.032E-3,-8.268E-2
11.538,1.642E-2,-9.218E-2
11.573,1.046E-2,-9.198E-2
11.609,1.481E-2,-9.894E-2
11.644,1.167E-3,-9.617E-2
11.680,1.433E-3,-9.249E-2
11.715,1.663E-2,-9.766E-2
11.751,1.068E-2,-8.845E-2
11.786,2.619E-2,-0.103
11.822,2.566E-3,-8.338E-2
11.857,2.249E-2,-9.897E-2
11.893,2.911E-2,-0.115
11.928,2.366E-2,-0.119
11.964,1.228E-2,-0.111
11.999,2.167E-2,-0.104
12.035,3.294E-2,-0.102
12.070,2.165E-2,-0.101
12.106,3.276E-2,-0.102
12.141,3.258E-2,-0.109
12.177,1.666E-2,-0.101
12.212,2.797E-2,-0.116
12.248,1.252E-2,-9.874E-2
12.283,3.059E-2,-0.104
12.319,3.188E-2,-0.104
12.354,2.942E-2,-0.106
12.390,2.842E-3,-8.678E-2
12.425,4.625E-3,-9.226E-2
12.461,2.686E-2,-0.107
12.496,2.802E-2,-0.114
12.532,7.447E-3,-0.109
12.567,3.041E-2,-0.108
12.603,2.169E-2,-9.373E-2
12.638,9.186E-3,-7.855E-2
12.674,7.562E-3,-7.917E-2
12.709,2.120E-2,-0.101
12.745,3.008E-2,-0.121
12.780,-2.811E-3,-9.820E-2
12.816,1.729E-2,-9.889E-2
12.851,2.341E-2,-9.637E-2
12.887,1.540E-3,-8.463E-2
12.922,1.926E-2,-9.830E-2
12.958,2.788E-2,-0.101
12.993,3.105E-2,-0.105
13.029,3.896E-2,-0.104
13.064,2.167E-2,-0.103
13.100,2.577E-2,-0.103
13.135,3.492E-2,-0.105
13.171,4.900E-4,-8.919E-2
13.206,3.982E-2,-0.109
13.242,-2.242E-3,-7.718E-2
13.277,-3.405E-3,-0.101
13.313,3.223E-3,-9.896E-2
13.348,1.640E-2,-9.909E-2
13.384,2.407E-2,-0.103
13.419,3.457E-2,-0.108
13.455,9.829E-3,-0.108
13.490,2.476E-2,-0.107
13.526,1.821E-2,-0.100
13.561,1.727E-3,-8.848E-2
13.597,5.600E-4,-8.729E-2
13.632,-8.900E-4,-8.938E-2
13.668,7.528E-3,-9.875E-2
13.703,-9.725E-4,-9.465E-2
13.739,-4.612E-3,-9.672E-2
13.774,-3.851E-3,-0.103
13.810,-4.109E-3,-0.104
13.845,-1.290E-3,-0.104
13.881,-5.142E-3,-9.960E-2
13.916,6.408E-5,-0.103
13.952,-5.037E-3,-0.102
13.987,-4.471E-3,-0.109
14.023,-5.178E-3,-0.114
14.058,-5.318E-3,-0.126
14.094,-5.316E-3,-0.110
14.129,1.450E-3,-8.572E-2
14.165,7.284E-3,-7.023E-2
14.200,1.223E-2,-6.596E-2
14.236,7.394E-3,-6.546E-2
14.271,1.970E-2,-8.938E-2
14.307,1.597E-2,-9.929E-2
14.342,1.706E-2,-0.110
14.378,8.101E-3,-9.999E-2
14.413,4.061E-3,-9.130E-2
14.449,1.921E-2,-8.894E-2
14.484,3.448E-2,-9.673E-2
14.520,2.695E-2,-9.412E-2
14.555,2.596E-2,-9.954E-2
14.591,2.174E-2,-0.101
14.626,2.518E-2,-0.103
14.662,1.999E-2,-9.709E-2
14.697,2.741E-2,-0.105
14.733,2.110E-2,-0.104
14.768,2.066E-2,-0.104
14.804,2.447E-2,-0.105
14.839,1.945E-2,-9.827E-2
14.875,2.494E-2,-0.104
14.910,1.583E-2,-9.755E-2
14.946,1.437E-2,-0.101
14.981,1.297E-2,-9.707E-2
15.017,2.586E-2,-9.600E-2
15.052,1.818E-2,-8.784E-2
15.088,4.556E-3,-7.783E-2
15.123,3.942E-3,-7.849E-2
15.159,1.993E-2,-0.106
15.194,7.268E-3,-9.751E-2
15.230,2.017E-2,-0.111
15.265,2.038E-2,-0.104
15.301,2.751E-2,-0.106
15.336,1.920E-2,-0.101
15.372,1.874E-2,-0.101
15.407,1.218E-2,-9.995E-2
15.443,1.767E-2,-0.100
15.478,2.176E-2,-0.103
15.514,7.847E-3,-9.509E-2
15.549,1.349E-2,-0.110
15.585,6.899E-3,-0.110
15.620,1.213E-3,-0.111
15.656,-4.632E-3,-0.102
15.691,-2.295E-4,-9.424E-2
15.727,7.237E-4,-8.635E-2
15.762,8.494E-3,-9.261E-2
15.798,1.601E-4,-8.774E-2
15.833,-1.706E-3,-9.019E-2
15.869,4.056E-3,-0.102
15.904,1.143E-2,-0.120
15.940,-5.372E-3,-0.112
15.975,1.978E-3,-0.108
16.011,-3.605E-3,-9.723E-2
16.046,1.349E-2,-9.445E-2
16.082,-4.825E-3,-8.085E-2
16.117,1.798E-2,-9.513E-2
16.153,5.640E-3,-9.804E-2
16.188,1.763E-2,-0.121
16.224,-1.177E-3,-0.116
16.259,4.289E-3,-0.104
16.295,2.354E-2,-9.952E-2
16.330,2.980E-2,-0.105
16.366,1.865E-2,-0.101
16.401,2.100E-2,-0.113
16.437,1.747E-3,-8.634E-2
16.472,2.654E-2,-0.128
16.508,8.442E-3,-0.108
16.543,1.176E-2,-0.101
16.579,1.687E-3,-8.120E-2
16.614,2.258E-2,-0.116
16.650,6.220E-3,-0.104
16.685,2.438E-2,-9.805E-2
16.721,-5.047E-3,-9.379E-2
16.756,2.437E-2,-9.927E-2
16.792,2.107E-2,-9.561E-2
16.827,2.600E-2,-9.691E-2
16.863,2.320E-2,-0.103
16.898,2.267E-2,-0.114
16.934,4.710E-3,-9.429E-2
16.969,2.192E-2,-8.855E-2
17.005,2.148E-2,-8.754E-2
17.040,2.414E-2,-9.922E-2
17.076,2.841E-2,-0.110
17.111,2.892E-2,-8.862E-2
17.147,2.852E-2,-8.102E-2
17.182,2.378E-2,-8.122E-2
17.218,1.531E-2,-8.267E-2
17.253,1.262E-2,-8.939E-2
17.289,1.887E-2,-0.115
17.324,1.874E-2,-0.118
17.360,1.410E-2,-0.103
17.395,1.240E-2,-0.101
17.431,1.692E-2,-0.118
17.466,1.750E-3,-0.113
17.502,-3.916E-3,-0.110
17.537,2.487E-3,-0.101
17.573,1.426E-2,-9.528E-2
17.608,1.885E-2,-9.715E-2
17.644,1.864E-2,-0.112
17.679,1.626E-2,-0.119
17.715,1.254E-2,-0.104
17.750,9.677E-3,-9.904E-2
17.786,1.246E-2,-0.103
17.821,3.814E-3,-0.107
17.857,-3.354E-3,-9.306E-2
17.892,6.120E-3,-8.804E-2
17.928,7.828E-3,-8.638E-2
17.963,3.377E-4,-8.768E-2
17.999,4.890E-4,-0.101
18.034,3.915E-3,-0.120
18.070,3.258E-3,-0.131
18.105,4.371E-3,-0.107
18.141,7.877E-3,-8.899E-2
18.176,2.199E-2,-8.326E-2
18.212,2.235E-2,-8.706E-2
18.247,1.767E-2,-9.796E-2
18.283,1.736E-2,-0.109
18.318,1.322E-2,-9.728E-2
18.354,2.461E-2,-9.560E-2
18.389,2.306E-2,-0.101
18.425,2.207E-2,-0.110
18.460,-5.041E-3,-9.350E-2
18.496,1.622E-2,-9.181E-2
18.531,2.113E-2,-9.399E-2
18.567,1.901E-2,-0.105
18.602,2.725E-3,-9.578E-2
18.638,1.601E-2,-0.120
18.673,1.160E-2,-0.119
18.709,-1.557E-3,-0.100
18.744,-4.968E-3,-8.953E-2
18.780,1.719E-2,-0.107
18.815,1.646E-2,-0.114
18.851,1.569E-2,-0.124
18.886,7.770E-3,-0.119
18.922,1.376E-3,-0.103
18.957,4.486E-3,-9.650E-2
18.993,1.876E-2,-9.395E-2
19.028,1.619E-2,-9.722E-2
19.064,2.560E-2,-0.120
19.099,6.628E-3,-0.115
19.135,1.154E-2,-0.107
19.170,3.444E-3,-9.093E-2
19.206,-4.514E-5,-7.721E-2
19.241,1.713E-2,-9.873E-2
19.277,9.368E-3,-9.692E-2
19.312,-1.484E-3,-9.179E-2
19.348,8.314E-3,-9.499E-2
19.383,1.920E-2,-9.947E-2
19.419,1.178E-2,-0.103
19.454,3.741E-3,-0.104
19.490,9.781E-3,-0.107
19.525,-3.480E-4,-9.253E-2
19.561,1.650E-2,-0.105
19.596,1.527E-2,-0.110
19.632,1.391E-2,-0.120
19.667,6.457E-3,-0.124
19.703,-3.333E-3,-0.116
19.738,1.804E-3,-0.103
19.774,1.743E-2,-9.763E-2
19.809,1.843E-2,-9.159E-2
19.845,2.543E-2,-9.343E-2
19.880,2.726E-2,-0.104
19.916,3.038E-2,-0.116
19.951,1.204E-2,-0.112
19.987,6.749E-4,-9.458E-2
20.022,6.116E-4,-7.238E-2
20.058,3.174E-2,-0.116
20.093,9.354E-3,-0.112
20.129,3.229E-2,-0.111
20.164,9.598E-3,-8.951E-2
20.200,3.248E-2,-0.116
20.235,2.108E-2,-0.106
20.271,1.661E-2,-0.109
20.306,2.109E-2,-0.111
20.342,2.894E-3,-0.105
20.377,-4.947E-3,-8.733E-2
20.413,3.134E-2,-0.109
20.448,3.277E-2,-0.116
20.484,2.797E-2,-0.117
20.519,4.508E-3,-9.803E-2
20.555,2.621E-2,-9.537E-2
20.590,1.591E-2,-8.107E-2
20.626,2.115E-2,-8.944E-2
20.661,1.731E-2,-9.918E-2
20.697,3.923E-4,-9.158E-2
20.732,2.612E-2,-0.116
20.768,2.171E-2,-0.120
20.803,9.995E-3,-0.122
20.839,4.807E-4,-0.109
20.874,9.712E-3,-0.101
20.910,2.307E-2,-9.336E-2
20.945,5.801E-4,-6.998E-2
20.981,1.434E-3,-7.019E-2
21.016,1.563E-2,-0.104
21.052,8.116E-3,-0.101
21.087,-3.853E-3,-9.138E-2
21.123,3.867E-3,-9.566E-2
21.158,7.571E-3,-9.843E-2
21.194,6.162E-3,-0.106
21.229,-4.673E-3,-7.264E-2
21.265,-3.397E-3,-9.182E-2
21.300,1.028E-2,-8.838E-2
21.336,1.980E-2,-9.463E-2
21.371,-4.598E-3,-6.773E-2
21.407,7.877E-3,-0.116
21.442,-3.408E-3,-9.514E-2
21.478,-4.965E-3,-8.926E-2
21.513,2.487E-3,-7.957E-2
21.549,2.870E-2,-9.419E-2
21.584,2.275E-2,-0.103
21.620,1.119E-2,-0.103
21.655,5.258E-5,-7.646E-2
21.691,1.631E-3,-8.271E-2
21.726,9.365E-3,-0.101
21.762,6.369E-3,-0.101
21.797,1.018E-2,-9.468E-2
21.833,7.650E-3,-8.626E-2
21.868,1.752E-2,-8.877E-2
21.904,2.494E-2,-0.115
21.939,2.126E-2,-0.122
21.975,6.120E-3,-0.112
22.010,-5.295E-3,-0.107
22.046,-5.216E-3,-0.104
22.081,-4.021E-3,-9.511E-2
22.117,-3.371E-3,-8.784E-2
22.152,6.442E-3,-9.672E-2
22.188,-3.870E-3,-9.198E-2
22.223,1.410E-2,-0.112
22.259,-4.408E-3,-9.041E-2
22.294,4.461E-3,-0.101
22.330,1.810E-2,-0.125
22.365,9.227E-3,-0.115
22.401,-4.877E-3,-8.434E-2
22.436,1.580E-2,-8.138E-2
22.472,2.128E-2,-7.917E-2
22.507,4.923E-3,-8.057E-2
22.543,2.390E-2,-0.111
22.578,1.086E-2,-0.120
22.614,-4.902E-3,-0.105
22.649,8.690E-3,-9.874E-2
22.685,4.445E-3,-8.824E-2
22.720,2.097E-2,-0.102
22.756,1.961E-2,-0.111
22.791,2.532E-3,-0.101
22.827,9.592E-3,-0.117
22.862,4.195E-3,-0.118
22.898,4.036E-4,-0.122
22.933,-5.542E-3,-0.122
22.969,-3.628E-3,-9.730E-2
23.004,3.985E-3,-8.927E-2
23.040,1.289E-2,-8.906E-2
23.075,8.780E-3,-9.808E-2
23.111,1.505E-2,-0.117
23.146,-5.145E-3,-9.978E-2
23.182,8.820E-3,-9.137E-2
23.217,7.740E-3,-8.259E-2
23.253,1.316E-2,-8.844E-2
23.288,3.408E-3,-9.064E-2
23.324,9.353E-3,-0.115
23.359,-5.261E-3,-0.105
23.395,3.694E-3,-0.116
23.430,-4.256E-3,-0.110
23.466,-4.376E-3,-0.120
23.501,-5.783E-3,-0.129
23.537,-7.167E-3,-0.116
23.572,-6.649E-3,-0.101
23.608,-4.959E-3,-8.501E-2
23.643,-6.074E-3,-0.109
23.679,-1.962E-3,-0.115
23.714,-5.556E-3,-0.123
23.750,-4.142E-3,-0.102
23.785,9.005E-4,-8.855E-2
23.821,1.272E-2,-8.018E-2
23.856,1.391E-2,-8.419E-2
23.892,-4.603E-3,-6.775E-2
23.927,-1.258E-3,-8.347E-2
23.963,-4.681E-3,-9.339E-2
23.998,1.618E-2,-0.111
24.034,-3.692E-3,-8.310E-2
24.069,7.203E-3,-8.776E-2
24.105,2.820E-5,-8.211E-2
24.140,1.802E-2,-0.112
24.176,1.111E-2,-9.936E-2
24.211,-4.311E-3,-7.944E-2
24.247,2.450E-2,-0.101
24.282,-1.170E-3,-9.665E-2
24.318,6.765E-3,-9.380E-2
24.353,1.796E-2,-9.551E-2
24.389,1.237E-2,-0.102
24.424,1.260E-3,-0.107
24.460,-5.219E-3,-0.104
24.495,2.223E-3,-9.522E-2
24.531,2.221E-3,-8.401E-2
24.566,7.227E-3,-8.759E-2
24.602,2.837E-3,-8.727E-2
24.637,2.692E-3,-9.235E-2
24.673,3.221E-3,-9.985E-2
24.708,-2.137E-3,-9.459E-2
24.744,1.901E-3,-0.102
24.779,-1.098E-3,-0.104
24.815,-1.644E-3,-0.121
24.850,-3.569E-3,-0.136
24.886,-5.243E-3,-0.105
24.921,9.518E-3,-9.630E-2
24.957,2.437E-3,-7.491E-2
24.992,2.022E-2,-0.105
25.028,1.347E-2,-0.110
25.063,7.313E-3,-0.111
25.099,-4.717E-3,-9.794E-2
25.134,4.821E-3,-0.114
25.170,4.392E-3,-0.104
25.205,2.104E-2,-0.101
25.241,-5.086E-3,-9.558E-2
25.276,-3.589E-4,-9.436E-2
25.312,3.871E-4,-8.936E-2
25.347,6.920E-3,-9.690E-2
25.383,1.925E-2,-0.125
25.418,5.328E-4,-0.116
25.454,1.555E-2,-0.109
25.489,1.257E-2,-8.416E-2
25.525,3.005E-2,-8.077E-2
25.560,2.752E-2,-7.700E-2
25.596,2.815E-2,-8.064E-2
25.631,2.358E-2,-9.067E-2
25.667,2.515E-2,-0.108
25.702,1.287E-2,-0.110
25.738,2.792E-2,-0.114
25.773,2.792E-2,-0.102
25.809,2.600E-2,-9.538E-2
25.844,2.414E-2,-8.895E-2
25.880,2.663E-2,-8.949E-2
25.915,1.993E-2,-9.033E-2
25.951,2.265E-2,-0.110
25.986,5.045E-3,-0.100
26.022,4.204E-3,-0.113
26.057,1.005E-2,-0.112
26.093,1.322E-2,-0.105
26.128,8.270E-3,-9.376E-2
26.164,7.282E-3,-8.225E-2
26.199,-4.058E-3,-6.797E-2
26.235,3.244E-3,-7.908E-2
26.270,1.219E-2,-0.114
26.306,4.242E-3,-0.111
26.341,1.585E-2,-0.125
26.377,-7.938E-4,-0.105
26.412,1.438E-2,-0.101
26.448,8.742E-3,-8.919E-2
26.483,1.321E-2,-9.115E-2
26.519,2.744E-2,-0.109
26.554,2.572E-2,-0.113
26.590,1.478E-2,-0.106
26.625,1.687E-2,-0.119
26.661,1.498E-2,-0.126
26.696,-5.135E-3,-9.898E-2
26.732,-5.319E-3,-0.110
26.767,6.385E-3,-0.102
26.803,7.147E-3,-8.882E-2
26.838,2.242E-2,-0.104
26.874,1.586E-2,-0.106
26.909,-2.597E-3,-8.569E-2
26.945,1.376E-3,-0.103
26.980,4.206E-3,-0.113
27.016,5.553E-4,-0.116
27.051,5.215E-3,-0.124
27.087,1.890E-3,-0.112
27.122,-4.981E-3,-9.005E-2
27.158,-1.771E-3,-7.826E-2
27.193,7.954E-3,-7.676E-2
27.229,5.405E-3,-8.516E-2
27.264,1.423E-2,-0.107
27.300,1.480E-2,-0.120
27.335,-4.168E-3,-0.101
27.371,-4.983E-3,-9.053E-2
27.406,1.145E-2,-8.588E-2
27.442,1.834E-2,-9.156E-2
27.477,1.956E-2,-0.109
27.513,7.613E-4,-9.727E-2
27.548,9.466E-3,-9.868E-2
27.584,1.905E-2,-9.222E-2
27.619,2.170E-2,-8.497E-2
27.655,2.857E-2,-9.042E-2
27.690,2.344E-2,-9.474E-2
27.726,4.974E-3,-7.783E-2
27.761,2.003E-2,-0.106
27.797,2.142E-2,-0.100
27.832,2.681E-2,-0.103
27.868,2.511E-2,-0.108
27.903,1.606E-2,-0.112
27.939,4.001E-3,-0.108
27.974,7.283E-3,-0.101
28.010,1.996E-2,-9.519E-2
28.045,2.511E-2,-9.824E-2
28.081,1.527E-2,-9.694E-2
28.116,1.789E-2,-0.115
28.152,1.813E-2,-0.126
28.187,1.629E-2,-0.115
28.223,-3.420E-4,-9.287E-2
28.258,1.311E-2,-0.119
28.294,-1.497E-3,-0.113
28.329,3.338E-3,-0.105
28.365,-5.096E-3,-9.690E-2
28.400,7.379E-3,-9.227E-2
28.436,1.391E-2,-0.100
28.471,5.644E-3,-0.104
28.507,5.016E-3,-0.122
28.542,-5.147E-3,-9.965E-2
28.578,6.580E-3,-9.065E-2
28.613,1.344E-2,-8.211E-2
28.649,2.309E-2,-8.249E-2
28.684,2.163E-2,-9.627E-2
28.720,1.769E-2,-0.110
28.755,5.151E-3,-0.103
28.791,1.012E-2,-9.204E-2
28.826,2.872E-2,-8.752E-2
28.862,3.087E-2,-9.032E-2
28.897,3.256E-2,-0.104
28.933,3.067E-5,-9.035E-2
28.968,2.314E-2,-0.101
29.004,1.372E-2,-9.931E-2
29.039,1.252E-2,-9.640E-2
29.075,2.351E-2,-9.405E-2
29.110,2.778E-2,-9.780E-2
29.146,2.575E-2,-0.105
29.181,2.521E-2,-0.113
29.217,1.715E-2,-0.111
29.252,1.604E-2,-0.120
29.288,9.066E-3,-0.119
29.323,9.485E-3,-0.121
29.359,1.696E-2,-0.110
29.394,4.584E-3,-9.079E-2
29.430,-1.560E-3,-7.958E-2
29.465,1.006E-3,-8.157E-2
29.501,8.353E-3,-9.500E-2
29.536,1.789E-2,-0.115
29.572,-2.206E-3,-9.612E-2
29.607,1.524E-2,-9.459E-2
29.643,1.287E-2,-9.024E-2
29.678,1.868E-2,-9.278E-2
29.714,1.924E-2,-9.789E-2
29.749,1.750E-2,-0.105
29.785,6.834E-5,-0.103
29.820,1.566E-3,-9.609E-2
29.856,1.193E-2,-9.041E-2
29.891,1.733E-2,-9.215E-2
29.927,8.116E-3,-9.685E-2
29.962,-3.575E-3,-9.985E-2
29.998,-4.323E-3,-0.105
30.033,-4.989E-3,-0.101
30.069,1.075E-2,-0.102
30.104,1.366E-2,-0.108
30.140,1.474E-2,-0.115
30.175,-4.733E-3,-0.106
30.211,1.126E-2,-0.103
30.246,5.885E-3,-9.246E-2
30.282,1.533E-2,-9.516E-2
30.317,9.294E-3,-9.872E-2
30.353,1.429E-2,-0.117
30.388,1.946E-2,-0.135
30.424,-1.781E-3,-0.115
30.459,3.217E-3,-0.105
30.495,9.904E-4,-8.694E-2
30.530,1.474E-2,-8.239E-2
30.566,5.965E-4,-6.135E-2
30.601,2.446E-2,-0.105
30.637,1.222E-2,-0.100
30.672,5.486E-3,-0.104
30.708,-2.059E-3,-9.975E-2
30.743,2.073E-2,-0.111
30.779,-1.105E-3,-9.920E-2
30.814,1.405E-2,-9.244E-2
30.850,2.878E-2,-8.968E-2
30.885,3.275E-2,-9.244E-2
30.921,2.965E-2,-9.876E-2
30.956,2.702E-2,-0.110
30.992,-1.736E-3,-9.770E-2
31.027,1.825E-2,-9.370E-2
31.063,2.397E-2,-9.870E-2
31.098,2.261E-2,-0.109
31.134,1.411E-2,-0.111
31.169,-3.911E-3,-8.870E-2
31.205,5.496E-3,-0.119
31.240,-5.168E-3,-0.100
31.276,1.178E-2,-9.457E-2
31.311,2.143E-2,-9.595E-2
31.347,1.472E-2,-0.105
31.382,-8.182E-4,-0.102
31.418,1.531E-3,-8.915E-2
31.453,2.136E-3,-8.147E-2
31.489,2.220E-2,-9.865E-2
31.524,1.959E-2,-0.108
31.560,1.010E-2,-0.109
31.595,1.605E-2,-0.103
31.631,1.008E-2,-8.993E-2
31.666,2.879E-2,-0.108
31.702,2.741E-2,-0.115
31.737,1.706E-2,-0.115
31.773,6.738E-3,-0.112
31.808,6.729E-3,-0.104
31.844,-4.873E-3,-8.385E-2
31.879,-2.998E-3,-8.633E-2
31.915,1.221E-2,-0.117
31.950,-3.714E-3,-0.110
31.986,-4.141E-3,-9.547E-2
32.021,-4.931E-3,-8.733E-2
32.057,1.026E-2,-8.643E-2
32.092,7.578E-3,-8.965E-2
32.128,6.372E-3,-0.105
32.163,-5.299E-3,-0.108
32.199,-5.129E-3,-9.846E-2
32.234,5.731E-3,-9.263E-2
32.270,5.872E-3,-9.334E-2
32.305,2.502E-3,-0.104
32.341,6.004E-3,-0.125
32.376,-3.716E-3,-0.116
32.412,-5.041E-3,-9.340E-2
32.447,1.028E-2,-8.662E-2
32.483,1.530E-2,-8.606E-2
32.518,1.357E-2,-9.152E-2
32.554,1.824E-2,-0.114
32.589,2.073E-3,-0.105
32.625,9.248E-4,-9.215E-2
32.660,2.148E-2,-8.738E-2
32.696,2.499E-2,-8.485E-2
32.731,2.472E-2,-9.174E-2
32.767,3.266E-2,-0.115
32.802,5.122E-3,-9.084E-2
32.838,-3.837E-3,-8.751E-2
32.873,1.452E-2,-0.114
32.909,3.309E-2,-0.113
32.944,1.760E-2,-9.143E-2
32.980,2.286E-2,-9.647E-2
33.015,2.746E-2,-0.114
33.051,4.562E-3,-9.642E-2
33.086,1.481E-2,-0.104
33.122,-4.073E-3,-9.243E-2
33.157,2.653E-3,-9.499E-2
33.193,-1.996E-3,-8.935E-2
33.228,-1.769E-4,-8.696E-2
33.264,-2.571E-3,-8.468E-2
33.299,2.137E-3,-9.429E-2
33.335,1.150E-4,-9.866E-2
33.370,8.772E-3,-0.107
33.406,3.823E-3,-0.101
33.441,1.328E-3,-9.125E-2
33.477,3.544E-4,-9.095E-2
33.512,4.858E-3,-0.110
33.548,2.221E-3,-0.123
33.583,-5.212E-3,-0.103
33.619,8.526E-4,-9.739E-2
33.654,-9.907E-4,-8.507E-2
33.690,1.781E-3,-7.913E-2
33.725,7.622E-3,-9.386E-2
33.761,1.092E-2,-0.115
33.796,-1.593E-3,-0.105
33.832,8.128E-3,-9.926E-2
33.867,1.016E-2,-8.812E-2
33.903,2.586E-2,-0.104
33.938,1.428E-3,-7.789E-2
33.974,1.582E-2,-0.113
34.009,6.637E-3,-0.111
34.045,-5.442E-4,-0.103
34.080,-3.810E-3,-8.894E-2
34.116,-1.950E-3,-8.741E-2
34.151,-4.756E-3,-9.922E-2
34.187,-3.209E-3,-9.020E-2
34.222,8.823E-3,-8.923E-2
34.258,1.472E-3,-9.473E-2
34.293,4.157E-3,-0.112
34.329,-5.278E-3,-0.107
34.364,-5.009E-3,-9.168E-2
34.400,2.132E-3,-8.147E-2
34.435,9.677E-3,-8.293E-2
34.471,7.584E-3,-9.151E-2
34.506,9.805E-3,-0.108
34.542,1.904E-3,-0.113
34.577,-5.237E-3,-0.105
34.613,-4.134E-3,-9.490E-2
34.648,2.028E-2,-9.459E-2
34.684,-4.616E-3,-6.921E-2
34.719,1.183E-2,-9.215E-2
34.755,8.682E-3,-0.102
34.790,8.536E-3,-0.109
34.826,1.174E-2,-0.102
34.861,1.300E-2,-9.573E-2
34.897,6.592E-3,-8.880E-2
34.932,1.978E-2,-9.682E-2
34.968,2.737E-2,-0.115
35.003,1.944E-2,-0.117
35.039,1.404E-2,-0.109
35.075,1.127E-2,-9.758E-2
35.110,1.268E-2,-0.100
35.146,1.448E-2,-0.120
35.181,5.433E-3,-0.115
35.217,-3.591E-3,-0.100
35.252,1.786E-2,-9.774E-2
35.288,1.079E-2,-8.382E-2
35.323,2.171E-2,-9.854E-2
35.359,1.723E-2,-0.108
35.394,1.521E-2,-0.120
35.430,-2.447E-3,-0.109
35.465,6.108E-3,-0.103
35.501,2.465E-2,-0.100
35.536,1.709E-2,-8.764E-2
35.572,2.215E-2,-0.101
35.607,1.775E-2,-0.109
35.643,4.751E-3,-8.014E-2
35.678,7.281E-3,-9.664E-2
35.714,1.282E-2,-0.109
35.749,1.205E-2,-0.116
35.785,-4.337E-3,-8.796E-2
35.820,1.833E-2,-8.762E-2
35.856,1.273E-2,-8.629E-2
35.891,1.613E-2,-8.781E-2
35.927,1.465E-3,-8.896E-2
35.962,-9.181E-4,-9.638E-2
35.998,-2.969E-3,-0.105
36.033,-5.282E-3,-0.106
36.069,-2.634E-3,-8.502E-2
36.104,6.736E-3,-7.780E-2
36.140,1.020E-2,-9.073E-2
36.175,9.376E-3,-0.104
36.211,-4.936E-3,-8.666E-2
36.246,4.516E-3,-0.101
36.282,3.967E-3,-9.289E-2
36.317,2.226E-2,-0.101
36.353,-4.986E-3,-9.059E-2
36.388,9.927E-4,-9.703E-2
36.424,1.297E-2,-0.105
36.459,-1.437E-3,-8.698E-2
36.495,7.223E-3,-7.799E-2
36.530,1.030E-2,-8.464E-2
36.566,1.582E-2,-0.109
36.601,8.595E-3,-0.114
36.637,-1.795E-5,-0.109
36.672,5.115E-3,-9.926E-2
36.708,1.871E-2,-9.216E-2
36.743,1.247E-3,-6.998E-2
36.779,2.697E-2,-0.109
36.814,-4.526E-5,-7.785E-2
36.850,-4.271E-3,-8.134E-2
36.885,-3.276E-3,-8.257E-2
36.921,4.481E-4,-8.930E-2
36.956,-1.731E-3,-7.031E-2
36.992,-1.165E-3,-7.285E-2
37.027,2.188E-2,-0.118
37.063,1.157E-2,-0.118
37.098,1.717E-2,-0.111
37.134,2.446E-2,-0.106
37.169,2.438E-2,-9.658E-2
37.205,1.076E-2,-8.358E-2
37.240,2.583E-2,-0.101
37.276,2.427E-2,-0.108
37.311,2.363E-2,-0.117
37.347,1.681E-2,-0.114
37.382,1.341E-2,-0.111
37.418,1.420E-2,-0.105
37.453,7.602E-3,-0.101
37.489,1.048E-2,-9.882E-2
37.524,2.525E-2,-9.851E-2
37.560,1.611E-2,-8.535E-2
37.595,1.426E-2,-8.289E-2
37.631,2.976E-2,-0.101
37.666,2.203E-2,-0.104
37.702,1.885E-2,-0.114
37.737,3.441E-3,-0.105
37.773,7.420E-3,-9.754E-2
37.808,1.491E-2,-9.094E-2
37.844,1.674E-2,-9.031E-2
37.879,1.608E-2,-9.585E-2
37.915,1.848E-2,-0.108
37.950,1.962E-3,-0.101
37.986,2.628E-2,-0.100
38.021,1.098E-2,-8.904E-2
38.057,2.148E-2,-9.780E-2
38.092,4.051E-3,-8.587E-2
38.128,2.087E-2,-0.117
38.163,1.332E-2,-0.112
38.199,1.475E-2,-0.115
38.234,3.062E-2,-0.112
38.270,2.211E-2,-9.458E-2
38.305,7.357E-3,-7.344E-2
38.341,2.999E-2,-0.105
38.376,1.787E-2,-0.103
38.412,-4.712E-3,-7.400E-2
38.447,1.178E-2,-0.107
38.483,1.902E-3,-0.109
38.518,4.641E-3,-9.826E-2
38.554,1.858E-2,-9.347E-2
38.589,2.735E-2,-9.018E-2
38.625,2.061E-2,-8.395E-2
38.660,2.889E-2,-9.166E-2
38.696,1.978E-2,-9.323E-2
38.731,2.082E-2,-0.109
38.767,9.718E-3,-0.107
38.802,1.982E-3,-0.102
38.838,2.323E-2,-0.102
38.873,2.767E-2,-0.103
38.909,2.661E-2,-0.109
38.944,3.116E-2,-0.122
38.980,8.861E-5,-0.103
39.015,3.657E-2,-0.113
39.051,2.074E-2,-8.415E-2
39.086,-4.208E-3,-4.595E-2
39.122,1.165E-2,-7.725E-2
39.157,1.025E-2,-8.299E-2
39.193,8.281E-3,-9.041E-2
39.228,-1.747E-3,-7.586E-2
39.264,2.166E-3,-9.226E-2
39.299,1.097E-2,-0.110
39.335,2.596E-2,-0.110
39.370,2.987E-2,-0.106
39.406,2.091E-2,-0.104
39.441,1.172E-2,-9.948E-2
39.477,2.444E-2,-0.103
39.512,2.738E-2,-0.111
39.548,2.677E-2,-0.115
39.583,1.669E-2,-0.115
39.619,2.393E-2,-0.111
39.654,2.828E-2,-0.113
39.690,2.737E-2,-0.122
39.725,6.518E-4,-0.110
39.761,1.846E-2,-0.106
39.796,2.043E-2,-9.855E-2
39.832,1.178E-2,-8.836E-2
39.867,3.412E-2,-0.102
39.903,3.298E-2,-0.110
39.938,1.643E-2,-0.111
39.974,1.123E-2,-0.104
40.009,3.495E-2,-0.103
40.045,2.544E-2,-9.163E-2
40.080,1.141E-2,-7.808E-2
40.116,1.284E-2,-7.789E-2
40.151,9.829E-3,-7.913E-2
40.187,2.483E-2,-0.116
40.222,1.577E-2,-0.115
40.258,1.809E-2,-0.115
40.293,1.550E-2,-0.107
40.329,-3.967E-4,-9.375E-2
40.364,1.102E-2,-0.102
40.400,7.961E-3,-0.108
40.435,7.851E-4,-0.100
40.471,-1.092E-3,-9.623E-2
40.506,-5.050E-3,-9.489E-2
40.542,4.762E-3,-9.927E-2
40.577,-3.980E-3,-8.876E-2
40.613,3.289E-3,-0.102
40.648,8.249E-3,-0.123
40.684,-5.438E-3,-0.116
40.719,2.993E-3,-0.113
40.755,7.247E-3,-0.111
40.790,4.144E-4,-9.556E-2
40.826,6.280E-3,-9.625E-2
40.861,1.004E-3,-0.102
40.897,4.645E-3,-0.122
40.932,3.073E-3,-0.113
40.968,3.239E-3,-9.742E-2
41.003,1.575E-2,-0.102
41.039,7.145E-3,-0.101
41.074,8.799E-3,-0.121
41.110,3.686E-3,-0.113
41.145,-1.853E-4,-9.244E-2
41.181,1.731E-2,-8.828E-2
41.216,2.743E-2,-8.986E-2
41.252,2.508E-2,-9.901E-2
41.287,2.691E-2,-0.112
41.323,2.453E-2,-0.117
41.358,7.774E-4,-0.113
41.394,1.229E-2,-0.107
41.429,1.494E-2,-9.949E-2
41.465,1.859E-2,-9.703E-2
41.500,2.288E-2,-0.100
41.536,1.992E-2,-0.103
41.571,1.766E-2,-9.699E-2
41.607,4.623E-4,-8.028E-2
41.642,7.752E-3,-8.772E-2
41.678,1.859E-2,-0.113
41.713,1.040E-2,-0.116
41.749,5.442E-3,-0.102
41.784,9.226E-3,-9.437E-2
41.820,-3.898E-5,-8.172E-2
41.855,1.017E-2,-8.989E-2
41.891,1.178E-2,-0.103
41.926,-1.234E-3,-9.671E-2
41.962,-1.461E-3,-9.644E-2
41.997,4.945E-3,-0.109
42.033,1.578E-2,-0.118
42.068,1.269E-4,-0.106
42.104,2.148E-2,-0.134
42.139,-1.766E-3,-0.116
42.175,1.718E-2,-0.111
42.210,1.193E-2,-9.357E-2
42.246,-9.382E-4,-7.898E-2
42.281,2.204E-2,-0.101
42.317,1.579E-4,-9.500E-2
42.352,-1.419E-3,-9.510E-2
42.388,1.207E-2,-9.293E-2
42.423,1.371E-2,-9.637E-2
42.459,1.647E-2,-0.114
42.494,7.986E-3,-0.118
42.530,1.490E-2,-0.111
42.565,1.006E-2,-0.101
42.601,1.262E-2,-9.022E-2
42.636,3.137E-3,-7.898E-2
42.672,1.309E-2,-9.582E-2
42.707,1.167E-2,-0.105
42.743,4.437E-3,-9.449E-2
42.778,1.581E-2,-0.118
42.814,-2.547E-4,-8.880E-2
42.849,1.290E-2,-0.111
42.885,-1.687E-3,-0.111
42.920,-1.371E-3,-9.319E-2
42.956,9.060E-3,-8.918E-2
42.991,1.628E-2,-8.736E-2
43.027,-6.320E-4,-8.559E-2
43.062,1.763E-2,-0.114
43.098,7.199E-3,-0.117
43.133,-1.661E-3,-0.110
43.169,2.741E-3,-9.521E-2
43.204,2.213E-2,-0.107
43.240,8.146E-3,-9.672E-2
43.275,8.049E-4,-0.101
43.311,-1.639E-3,-0.108
43.346,7.921E-3,-0.114
43.382,2.136E-3,-0.100
43.417,1.659E-3,-8.785E-2
43.453,2.031E-2,-0.106
43.488,1.468E-2,-0.113
43.524,-1.611E-3,-0.107
43.559,1.211E-2,-0.102
43.595,2.231E-2,-9.499E-2
43.630,2.712E-2,-9.840E-2
43.666,1.391E-2,-8.896E-2
43.701,1.728E-2,-0.103
43.737,7.539E-3,-0.102
43.772,2.003E-4,-0.101
43.808,5.692E-3,-0.104
43.843,2.573E-2,-0.110
43.879,1.193E-2,-9.159E-2
43.914,-7.629E-4,-7.967E-2
43.950,9.959E-4,-8.968E-2
43.985,2.898E-4,-9.229E-2
44.021,2.326E-2,-0.114
44.056,1.175E-2,-0.107
44.092,2.227E-2,-0.123
44.127,5.561E-4,-0.103
44.163,6.541E-3,-9.139E-2
44.198,2.132E-2,-8.508E-2
44.234,3.025E-2,-9.303E-2
44.269,2.579E-2,-0.101
44.305,2.969E-2,-0.120
44.340,-1.175E-3,-0.104
44.376,3.342E-3,-9.674E-2
44.411,8.197E-3,-9.630E-2
44.447,4.476E-3,-9.902E-2
44.482,1.330E-3,-0.105
44.518,1.680E-3,-0.106
44.553,1.585E-3,-9.185E-2
44.589,1.638E-2,-8.533E-2
44.624,2.476E-2,-9.235E-2
44.660,2.282E-2,-0.101
44.695,2.287E-2,-0.117
44.731,2.043E-2,-0.121
44.766,1.949E-2,-0.114
44.802,4.657E-3,-9.614E-2
44.837,2.732E-2,-0.115
44.873,3.533E-4,-8.740E-2
44.908,8.524E-3,-9.508E-2
44.944,3.921E-3,-9.806E-2
44.979,7.640E-4,-0.102
45.015,-1.507E-3,-0.101
45.050,8.106E-3,-9.227E-2
45.086,6.701E-3,-9.049E-2
45.121,-2.560E-4,-9.541E-2
45.157,1.131E-2,-0.125
45.192,2.066E-3,-9.352E-2
45.228,9.829E-3,-8.278E-2
45.263,2.168E-2,-8.047E-2
45.299,1.056E-2,-8.759E-2
45.334,2.039E-2,-0.102
45.370,2.824E-2,-0.116
45.405,9.657E-3,-0.106
45.441,8.293E-3,-9.254E-2
45.476,6.597E-3,-8.104E-2
45.512,1.148E-2,-8.564E-2
45.547,1.657E-2,-0.103
45.583,6.887E-3,-0.103
45.618,1.347E-2,-0.106
45.654,1.921E-2,-0.109
45.689,1.861E-2,-0.113
45.725,1.665E-2,-0.118
45.760,3.428E-3,-0.112
45.796,4.375E-4,-0.115
45.831,6.176E-3,-0.106
45.867,1.063E-2,-9.393E-2
45.902,5.855E-3,-8.293E-2
45.938,1.874E-2,-0.121
45.973,-1.554E-3,-0.103
46.009,2.096E-4,-0.100
46.044,1.125E-2,-0.111
46.080,1.289E-3,-0.105
46.115,-4.704E-4,-0.113
46.151,3.497E-3,-0.119
46.186,-1.835E-3,-0.119
46.222,-1.230E-2,-0.133
46.257,-1.117E-2,-0.137
46.293,-1.551E-2,-0.136
46.328,-1.117E-2,-0.123
46.364,-9.222E-3,-0.109
46.399,-6.896E-3,-0.101
46.435,-4.525E-3,-0.118
46.470,-3.694E-3,-0.126
46.506,-1.674E-3,-0.110
46.541,-1.246E-3,-8.629E-2
46.577,1.258E-3,-7.880E-2
46.612,-1.118E-3,-7.875E-2
46.648,3.168E-3,-9.923E-2
46.683,5.796E-3,-0.117
46.719,-1.675E-3,-0.111
46.754,-1.532E-3,-0.102
46.790,7.873E-4,-0.102
46.825,-6.925E-4,-0.107
46.861,-4.461E-3,-0.114
46.896,-8.417E-3,-0.119
46.932,-8.077E-3,-0.113
46.967,-7.840E-3,-9.936E-2
47.003,-3.745E-3,-8.706E-2
47.038,-1.363E-3,-8.837E-2
47.074,-9.354E-4,-9.493E-2
47.109,7.857E-3,-0.116
47.145,-1.635E-3,-0.109
47.180,7.486E-3,-0.103
47.216,-1.215E-3,-8.420E-2
47.251,5.239E-3,-8.974E-2
47.287,3.827E-3,-9.722E-2
47.322,1.997E-3,-0.104
47.358,-1.653E-3,-0.109
47.393,1.164E-2,-0.106
47.429,1.756E-2,-0.108
47.464,3.680E-3,-0.103
47.500,-3.192E-6,-0.108
47.535,4.341E-3,-0.110
47.571,-1.720E-3,-0.110
47.606,-5.386E-5,-0.112
47.642,-1.040E-2,-0.107
47.677,-1.341E-2,-0.113
47.713,-1.676E-2,-0.124
47.748,-2.224E-2,-0.118
47.784,-2.109E-2,-0.108
47.819,-2.563E-2,-9.031E-2
47.855,-1.800E-2,-0.112
47.890,-1.576E-2,-0.123
47.926,-1.753E-2,-0.126
47.961,-1.690E-2,-0.118
47.997,-1.385E-2,-0.110
48.032,-1.141E-2,-9.566E-2
48.068,-5.817E-3,-8.071E-2
48.103,-2.336E-3,-8.975E-2
48.139,-5.173E-3,-9.940E-2
48.174,-1.626E-3,-0.104
48.210,-1.551E-3,-0.103
48.245,1.616E-3,-9.896E-2
48.281,-7.052E-4,-0.107
48.316,4.788E-3,-0.111
48.352,-1.401E-3,-9.490E-2
48.387,7.436E-3,-8.686E-2
48.423,3.812E-3,-7.593E-2
48.458,1.082E-2,-8.625E-2
48.494,1.055E-2,-0.101
48.529,4.445E-3,-0.101
48.565,1.348E-2,-9.031E-2
48.600,1.418E-2,-8.834E-2
48.636,9.911E-3,-9.148E-2
48.671,4.426E-3,-0.102
48.707,1.359E-2,-0.120
48.742,3.140E-3,-0.113
48.778,1.987E-3,-0.103
48.813,1.560E-2,-0.102
48.849,1.440E-2,-0.103
48.884,1.801E-2,-0.110
48.920,-1.409E-3,-9.489E-2
48.955,8.002E-3,-0.104
48.991,1.775E-2,-0.125
49.026,1.031E-3,-0.107
49.062,9.875E-3,-0.103
49.097,2.033E-2,-0.103
49.133,1.052E-2,-0.101
49.168,1.023E-2,-0.108
49.204,4.391E-3,-0.105
49.239,1.385E-2,-0.101
49.275,6.575E-3,-0.105
49.310,2.328E-3,-0.111
49.346,-7.996E-4,-0.122
49.381,-2.836E-3,-0.118
49.417,-3.024E-3,-0.101
49.452,-5.333E-3,-0.122
49.488,-1.417E-2,-0.142
49.523,-1.724E-2,-0.152
49.559,-1.907E-2,-0.145
49.594,-1.601E-2,-0.123
49.630,-9.095E-3,-0.102
49.665,-1.444E-2,-8.833E-2
49.701,-7.184E-3,-0.117
49.736,-4.399E-3,-0.138
49.772,-5.408E-3,-0.141
49.807,9.314E-4,-0.117
49.843,-1.125E-3,-7.936E-2
49.878,1.568E-2,-7.569E-2
49.914,1.800E-2,-7.453E-2
49.949,8.180E-3,-7.437E-2
49.985,-1.098E-4,-7.489E-2
50.020,1.043E-3,-6.502E-2
50.056,5.850E-4,-7.180E-2
50.091,2.469E-3,-0.103
50.127,1.780E-2,-0.104
50.162,1.659E-2,-0.108
50.198,6.762E-3,-0.104
50.233,4.912E-3,-0.112
50.269,1.844E-3,-0.115
50.304,9.710E-3,-0.108
50.340,4.709E-3,-9.989E-2
50.375,3.175E-3,-0.102
50.411,4.207E-3,-0.121
50.446,-1.570E-3,-0.105
50.482,-9.866E-4,-8.998E-2
50.517,5.225E-4,-8.737E-2
50.553,-3.469E-4,-9.796E-2
50.588,2.287E-3,-0.119
50.624,-1.765E-3,-0.114
50.659,-1.501E-3,-9.991E-2
50.695,-1.481E-3,-9.444E-2
50.730,-6.393E-3,-0.114
50.766,-5.158E-3,-0.126
50.801,-1.328E-2,-0.133
50.837,-1.113E-2,-0.121
50.872,-7.436E-3,-0.104
50.908,-8.033E-3,-8.262E-2
50.943,-3.284E-3,-0.102
50.979,-1.008E-3,-0.115
51.014,2.437E-4,-0.124
51.050,-2.023E-3,-0.130
51.085,-1.497E-3,-0.101
51.121,5.749E-3,-8.898E-2
51.156,9.740E-3,-8.053E-2
51.192,1.708E-2,-8.151E-2
51.227,2.410E-2,-9.834E-2
51.263,2.877E-2,-0.112
51.298,3.245E-2,-0.110
51.334,3.200E-2,-0.103
51.369,2.949E-2,-9.918E-2
51.405,3.067E-2,-0.101
51.440,3.229E-2,-0.111
51.476,1.395E-2,-0.104
51.511,1.281E-2,-0.111
51.547,5.758E-3,-0.114
51.582,1.408E-2,-0.112
51.618,1.751E-2,-0.107
51.653,2.358E-2,-0.102
51.689,1.889E-2,-9.282E-2
51.724,2.138E-2,-9.139E-2
51.760,6.439E-3,-8.979E-2
51.795,2.243E-2,-0.123
51.831,1.922E-2,-0.115
51.866,1.772E-2,-8.521E-2
51.902,2.693E-2,-8.229E-2
51.937,2.064E-2,-8.477E-2
51.973,1.265E-2,-8.807E-2
52.008,7.116E-4,-9.266E-2
52.044,8.242E-3,-0.125
52.079,-1.414E-3,-9.595E-2
52.115,2.708E-3,-8.838E-2
52.150,-1.356E-3,-9.261E-2
52.186,2.110E-4,-0.115
52.221,2.325E-3,-0.115
52.257,-1.192E-3,-8.316E-2
52.292,8.041E-4,-7.500E-2
52.328,-1.090E-3,-8.272E-2
52.363,3.145E-3,-0.108
52.399,2.708E-3,-9.549E-2
52.434,4.076E-3,-6.730E-2
52.470,4.665E-4,-6.582E-2
52.505,-1.303E-3,-8.886E-2
52.541,2.223E-3,-0.102
52.576,4.361E-3,-0.126
52.612,-4.171E-4,-9.566E-2
52.647,1.400E-2,-8.025E-2
52.683,2.137E-2,-7.627E-2
52.718,2.375E-2,-8.064E-2
52.754,2.763E-2,-9.600E-2
52.789,3.189E-2,-0.112
52.825,3.612E-2,-0.101
52.860,3.608E-2,-9.694E-2
52.896,2.949E-2,-9.758E-2
52.931,3.960E-2,-9.961E-2
52.967,3.911E-2,-0.105
53.002,3.960E-2,-0.114
53.038,3.279E-2,-0.116
53.073,3.278E-2,-0.116
53.109,3.478E-2,-0.110
53.144,2.519E-2,-0.104
53.180,2.460E-2,-0.110
53.215,5.427E-3,-8.008E-2
53.251,6.521E-3,-8.678E-2
53.286,5.302E-3,-9.289E-2
53.322,4.695E-3,-9.722E-2
53.357,5.141E-3,-9.988E-2
53.393,2.321E-2,-0.106
53.428,2.321E-2,-0.107
53.464,1.574E-2,-0.111
53.499,1.466E-2,-0.113
53.535,1.866E-2,-0.112
53.570,2.437E-2,-0.106
53.606,2.326E-2,-9.774E-2
53.641,2.015E-2,-9.424E-2
53.677,1.268E-2,-9.711E-2
53.712,3.127E-3,-0.103
53.748,1.211E-2,-0.131
53.783,-1.203E-3,-0.111
53.819,5.606E-3,-9.871E-2
53.854,1.497E-3,-9.704E-2
53.890,-1.514E-3,-0.102
53.925,-4.130E-3,-0.109
53.961,-1.079E-2,-0.116
53.996,-8.512E-3,-0.110
54.032,-1.290E-2,-9.757E-2
54.067,-5.506E-3,-9.066E-2
54.103,-7.521E-3,-0.109
54.138,-8.654E-3,-0.132
54.174,-7.253E-3,-0.149
54.209,1.480E-3,-0.135
54.245,2.372E-3,-0.105
54.280,1.133E-2,-9.230E-2
54.316,2.040E-2,-9.862E-2
54.351,7.113E-3,-9.703E-2
54.387,1.579E-2,-0.121
54.422,2.537E-3,-0.122
54.458,3.084E-3,-0.103
54.493,1.198E-2,-9.815E-2
54.529,1.569E-2,-9.633E-2
54.564,8.834E-3,-0.101
54.600,6.566E-4,-0.110
54.635,2.614E-3,-0.123
54.671,1.108E-2,-0.116
54.706,1.212E-2,-0.116
54.742,1.764E-3,-0.112
54.777,5.711E-3,-0.133
54.813,3.620E-3,-0.118
54.848,3.514E-4,-9.044E-2
54.884,5.276E-3,-8.708E-2
54.919,-1.297E-3,-8.881E-2
54.955,-7.003E-4,-0.115
54.990,-1.399E-3,-0.126
55.026,-1.365E-3,-9.313E-2
55.061,6.434E-3,-9.126E-2
55.097,2.521E-3,-0.105
55.132,-1.948E-3,-0.124
55.168,8.290E-4,-8.908E-2
55.203,-1.223E-3,-8.113E-2
55.239,-6.468E-3,-7.634E-2
55.274,-7.605E-3,-0.114
55.310,-6.408E-3,-0.128
55.345,-2.726E-3,-0.112
55.381,-6.029E-4,-8.378E-2
55.416,-1.127E-3,-7.860E-2
55.452,-1.620E-3,-0.104
55.487,-1.741E-3,-0.113
55.523,-2.041E-3,-0.128
55.558,3.731E-4,-9.201E-2
55.594,2.057E-3,-8.030E-2
55.629,-9.553E-4,-9.335E-2
55.665,2.337E-3,-0.114
55.700,-1.476E-3,-0.127
55.736,9.638E-5,-0.102
55.771,6.050E-3,-9.260E-2
55.807,1.644E-2,-9.280E-2
55.842,2.040E-3,-8.817E-2
55.878,1.337E-2,-0.112
55.913,1.254E-3,-0.114
55.949,-1.649E-3,-0.109
55.984,-1.480E-3,-9.971E-2
56.020,1.794E-2,-9.764E-2
56.055,2.401E-2,-0.100
56.091,2.296E-2,-0.109
56.126,3.731E-3,-0.104
56.162,1.978E-2,-0.111
56.197,2.035E-2,-0.110
56.233,-1.437E-3,-9.700E-2
56.268,1.236E-2,-0.106
56.304,1.443E-4,-9.715E-2
56.339,2.132E-2,-9.752E-2
56.375,5.623E-3,-9.603E-2
56.410,1.540E-2,-9.915E-2
56.446,6.578E-3,-9.562E-2
56.481,3.680E-3,-8.206E-2
56.517,1.244E-2,-8.070E-2
56.552,5.260E-3,-8.484E-2
56.588,2.287E-4,-9.282E-2
56.623,-1.628E-3,-0.108
56.659,-1.950E-3,-0.125
56.694,-1.351E-3,-9.218E-2
56.730,1.012E-3,-8.400E-2
56.765,-2.819E-6,-8.469E-2
56.801,2.581E-3,-0.104
56.836,6.095E-3,-0.119
56.872,5.014E-3,-0.103
56.907,4.975E-3,-8.613E-2
56.943,2.307E-3,-7.795E-2
56.978,-1.230E-3,-7.925E-2
57.014,-7.952E-4,-0.101
57.049,1.707E-3,-0.118
57.085,-1.468E-3,-0.128
57.120,-1.686E-3,-0.110
57.156,-1.373E-3,-9.357E-2
57.191,1.993E-3,-8.958E-2
57.227,-4.068E-5,-9.432E-2
57.262,-1.692E-3,-0.112
57.298,-4.532E-4,-0.104
57.333,2.869E-3,-9.066E-2
57.369,1.011E-2,-8.707E-2
57.404,8.163E-3,-9.027E-2
57.440,7.519E-3,-0.101
57.475,7.233E-3,-0.116
57.511,-1.671E-3,-0.110
57.546,5.898E-3,-9.616E-2
57.582,4.776E-3,-8.161E-2
57.617,1.004E-2,-7.762E-2
57.653,1.025E-2,-8.455E-2
57.688,1.361E-2,-9.997E-2
57.724,-8.801E-4,-6.445E-2
57.759,5.366E-4,-7.321E-2
57.795,8.351E-4,-6.927E-2
57.830,4.618E-4,-6.121E-2
57.866,7.027E-3,-0.100
57.901,-1.010E-3,-7.259E-2
57.937,-5.240E-4,-0.100
57.972,4.708E-3,-0.104
58.008,3.680E-3,-0.113
58.043,-1.726E-3,-0.114
58.079,-1.016E-3,-0.106
58.114,-1.318E-3,-8.890E-2
58.150,-1.254E-3,-8.196E-2
58.185,1.088E-3,-8.811E-2
58.221,2.616E-4,-9.918E-2
58.256,5.884E-3,-0.121
58.292,-1.368E-3,-0.116
58.327,1.285E-2,-9.999E-2
58.363,1.571E-2,-9.053E-2
58.398,8.809E-3,-0.118
58.434,2.897E-2,-0.100
58.469,9.682E-3,-8.823E-2
58.505,2.689E-2,-0.116
58.540,4.868E-3,-0.106
58.576,2.558E-2,-0.115
58.611,5.176E-3,-8.838E-2
58.647,1.129E-2,-9.984E-2
58.682,2.967E-3,-0.105
58.718,1.128E-2,-0.104
58.753,1.109E-5,-9.000E-2
58.789,3.763E-3,-0.101
58.824,7.245E-3,-0.118
58.860,-1.619E-3,-0.108
58.895,-1.429E-3,-9.670E-2
58.931,8.926E-3,-9.402E-2
58.966,3.232E-3,-9.857E-2
59.002,-1.127E-3,-0.105
59.037,1.622E-3,-0.113
59.073,-3.688E-3,-9.773E-2
59.108,-1.030E-2,-0.101
59.144,-8.388E-3,-0.117
59.179,-1.071E-2,-0.111
59.215,-1.247E-2,-8.642E-2
59.250,-7.498E-3,-7.971E-2
59.286,-1.016E-4,-0.101
59.321,-1.603E-3,-0.106
59.357,2.711E-3,-0.121
59.392,6.137E-3,-0.111
59.428,1.039E-2,-9.145E-2
59.463,7.691E-3,-8.035E-2
59.499,7.824E-3,-7.894E-2
59.534,9.894E-3,-0.103
59.570,-1.664E-3,-0.110
59.605,6.542E-3,-9.573E-2
59.641,1.194E-3,-8.545E-2
59.676,-2.392E-7,-8.573E-2
59.712,-1.542E-3,-0.103
59.747,-4.539E-5,-0.111
59.783,-1.698E-3,-9.485E-2
59.818,-1.320E-3,-8.797E-2
59.854,8.091E-4,-0.104
59.889,3.158E-3,-0.109
59.925,-2.768E-3,-0.114
59.960,-3.952E-3,-9.894E-2
59.996,-1.336E-3,-8.974E-2
60.031,-1.500E-3,-9.582E-2
60.067,-1.669E-3,-0.109
60.102,1.639E-3,-0.113
60.138,1.570E-3,-9.887E-2
60.173,1.209E-3,-8.797E-2
60.209,-1.241E-3,-8.424E-2
60.244,-2.245E-3,-0.112
60.280,-1.797E-3,-0.118
60.315,-3.435E-3,-0.125
60.351,2.577E-3,-9.865E-2
60.386,-1.291E-3,-8.873E-2
60.422,5.176E-3,-8.809E-2
60.457,4.951E-3,-0.101
60.493,8.106E-3,-0.119
60.528,4.206E-3,-0.121
60.564,5.791E-3,-0.106
60.599,5.921E-3,-9.867E-2
60.635,2.644E-3,-0.101
60.670,-8.945E-4,-0.119
60.706,-1.027E-2,-0.127
60.741,-5.678E-3,-0.114
60.777,-1.214E-3,-8.422E-2
60.812,2.854E-3,-7.974E-2
60.848,4.787E-4,-9.007E-2
60.883,9.363E-3,-0.118
60.919,8.935E-4,-8.420E-2
60.954,1.101E-2,-7.535E-2
60.990,3.840E-3,-7.892E-2
61.025,2.222E-3,-9.583E-2
61.061,6.155E-3,-0.121
61.096,1.895E-3,-9.859E-2
61.132,6.021E-3,-8.609E-2
61.167,3.432E-3,-8.458E-2
61.203,9.067E-4,-9.884E-2
61.238,5.474E-3,-0.124
61.274,3.695E-4,-0.121
61.309,4.456E-3,-9.826E-2
61.345,6.150E-3,-8.322E-2
61.380,2.586E-3,-8.229E-2
61.416,2.048E-3,-9.255E-2
61.451,8.906E-3,-0.119
61.487,8.124E-3,-0.109
61.522,1.215E-2,-8.444E-2
61.558,1.080E-2,-7.611E-2
61.593,3.590E-3,-7.998E-2
61.629,3.061E-4,-9.124E-2
61.664,-4.636E-6,-0.112
61.700,-1.703E-3,-0.110
61.735,3.307E-3,-7.383E-2
61.771,2.208E-3,-6.035E-2
61.806,-1.164E-3,-7.968E-2
61.842,-1.296E-3,-8.909E-2
61.877,5.423E-3,-0.119
61.913,-1.589E-3,-0.106
61.948,1.129E-2,-9.199E-2
61.984,2.634E-2,-9.206E-2
62.019,2.750E-2,-0.106
62.055,2.697E-2,-0.115
62.090,2.454E-2,-9.625E-2
62.126,2.510E-2,-9.147E-2
62.161,1.757E-2,-8.713E-2
62.197,1.323E-2,-0.102
62.232,1.161E-2,-0.126
62.268,1.606E-2,-0.120
62.303,2.675E-5,-8.111E-2
62.339,2.505E-2,-9.594E-2
62.374,2.233E-2,-0.106
62.410,1.449E-3,-9.255E-2
62.445,2.884E-2,-8.888E-2
62.481,2.542E-2,-8.821E-2
62.516,2.079E-2,-9.042E-2
62.552,1.418E-2,-8.988E-2
62.587,1.088E-2,-9.797E-2
62.623,-1.201E-3,-8.317E-2
62.658,5.842E-3,-0.113
62.694,9.603E-3,-0.103
62.729,1.597E-2,-0.102
62.765,1.538E-2,-0.113
62.800,1.224E-2,-0.109
62.836,1.285E-2,-9.145E-2
62.871,1.133E-2,-7.617E-2
62.907,3.821E-3,-7.852E-2
62.942,2.994E-3,-8.760E-2
62.978,2.564E-3,-0.106
63.013,-7.536E-4,-0.122
63.049,3.890E-4,-0.122
63.084,6.721E-3,-0.107
63.120,5.798E-3,-9.798E-2
63.155,6.278E-3,-9.901E-2
63.191,6.120E-3,-0.116
63.226,-1.798E-3,-0.118
63.262,6.814E-3,-0.121
63.297,-1.403E-3,-9.510E-2
63.333,-1.330E-3,-9.110E-2
63.368,-1.661E-3,-0.109
63.404,-3.225E-4,-0.120
63.439,-1.749E-3,-0.116
63.475,4.756E-3,-8.880E-2
63.510,1.279E-2,-8.542E-2
63.546,1.213E-2,-8.654E-2
63.581,1.188E-2,-0.101
63.617,2.576E-3,-0.109
63.652,8.372E-3,-0.125
63.688,-3.108E-3,-0.120
63.723,3.441E-3,-0.113
63.759,6.330E-3,-0.114
63.794,5.055E-3,-0.121
63.830,-3.668E-4,-0.126
63.865,-1.460E-3,-0.105
63.901,5.542E-3,-8.773E-2
63.936,1.248E-2,-8.012E-2
63.972,1.466E-2,-8.221E-2
64.007,1.691E-2,-0.103
64.043,-1.636E-3,-0.108
64.078,2.674E-4,-0.108
64.114,7.871E-3,-0.103
64.149,3.008E-3,-9.193E-2
64.185,6.961E-3,-9.573E-2
64.220,-9.158E-4,-9.748E-2
64.256,8.522E-3,-0.116
64.291,1.491E-2,-0.116
64.327,3.178E-3,-0.112
64.362,1.028E-2,-0.115
64.398,1.219E-2,-0.113
64.433,-1.403E-3,-9.542E-2
64.469,1.746E-2,-9.151E-2
64.504,1.774E-2,-9.575E-2
64.540,1.676E-2,-0.108
64.575,1.364E-2,-0.104
64.611,1.033E-2,-8.348E-2
64.646,1.995E-2,-8.181E-2
64.682,1.695E-2,-9.057E-2
64.717,2.861E-2,-0.110
64.753,2.599E-2,-9.869E-2
64.788,2.488E-2,-8.717E-2
64.824,2.077E-2,-8.635E-2
64.859,2.104E-2,-9.041E-2
64.895,2.279E-2,-9.889E-2
64.930,2.663E-2,-0.110
64.966,2.902E-2,-0.105
65.001,2.314E-2,-9.685E-2
65.037,2.228E-2,-9.045E-2
65.072,2.575E-2,-9.407E-2
65.108,1.872E-3,-8.115E-2
65.143,8.647E-3,-0.107
65.179,4.160E-3,-0.117
65.214,-1.062E-3,-0.107
65.250,3.772E-3,-9.639E-2
65.285,1.841E-2,-9.613E-2
65.321,1.777E-2,-0.103
65.356,1.560E-2,-0.112
65.392,1.858E-2,-0.107
