,mass A,,
t,x,y,
0.000,3.753E-2,-0.123
0.039,3.707E-2,-0.124
0.077,3.675E-2,-0.125
0.116,3.617E-2,-0.126
0.154,3.562E-2,-0.128
0.193,3.526E-2,-0.131
0.231,3.511E-2,-0.135
0.270,3.484E-2,-0.138
0.309,3.415E-2,-0.140
0.347,3.362E-2,-0.142
0.386,3.282E-2,-0.144
0.424,3.203E-2,-0.145
0.463,3.115E-2,-0.147
0.501,3.030E-2,-0.148
0.540,2.923E-2,-0.148
0.579,2.852E-2,-0.147
0.617,2.812E-2,-0.146
0.656,2.772E-2,-0.143
0.694,2.744E-2,-0.140
0.733,2.746E-2,-0.136
0.771,2.738E-2,-0.132
0.810,2.825E-2,-0.128
0.849,2.440E-2,-0.125
0.887,2.880E-2,-0.124
0.926,3.110E-2,-0.116
0.964,2.993E-2,-0.112
1.003,3.071E-2,-0.109
1.041,3.099E-2,-0.107
1.080,3.277E-2,-0.104
1.119,3.375E-2,-0.102
1.157,3.480E-2,-0.100
1.196,3.550E-2,-0.100
1.234,3.608E-2,-0.101
1.273,3.664E-2,-0.102
1.311,3.732E-2,-0.102
1.350,3.800E-2,-0.103
1.389,3.868E-2,-0.103
1.427,3.942E-2,-0.104
1.466,3.997E-2,-0.105
1.504,4.055E-2,-0.105
1.543,4.092E-2,-0.105
1.581,4.097E-2,-0.105
1.620,4.095E-2,-0.106
1.659,4.042E-2,-0.107
1.697,3.988E-2,-0.109
1.736,3.906E-2,-0.111
1.774,3.781E-2,-0.112
1.813,3.661E-2,-0.113
1.851,3.561E-2,-0.114
1.890,3.475E-2,-0.114
1.928,3.386E-2,-0.113
1.967,3.286E-2,-0.112
2.006,3.216E-2,-0.110
2.044,3.107E-2,-0.109
2.083,3.003E-2,-0.108
2.121,2.901E-2,-0.106
2.160,2.831E-2,-0.106
2.198,2.782E-2,-0.108
2.237,2.339E-2,-0.111
2.276,2.433E-2,-0.113
2.314,2.452E-2,-0.117
2.353,2.235E-2,-0.115
2.391,2.218E-2,-0.114
2.430,2.303E-2,-0.119
2.468,2.045E-2,-0.115
2.507,1.892E-2,-0.117
2.546,1.794E-2,-0.118
2.584,1.819E-2,-0.117
2.623,1.675E-2,-0.115
2.661,1.873E-2,-0.113
2.700,1.970E-2,-0.113
2.738,1.974E-2,-0.111
2.777,2.125E-2,-0.107
2.816,2.445E-2,-0.105
2.854,2.182E-2,-0.101
2.893,1.993E-2,-8.866E-2
2.931,2.022E-2,-9.371E-2
2.970,2.005E-2,-8.860E-2
3.008,1.650E-2,-8.125E-2
3.047,1.580E-2,-7.930E-2
3.086,2.001E-2,-9.128E-2
3.124,9.407E-3,-0.101
3.163,1.545E-2,-0.104
3.201,1.759E-2,-0.108
3.240,1.929E-2,-0.108
3.278,1.921E-2,-0.114
3.317,1.843E-2,-0.118
3.356,3.618E-2,-0.118
3.394,4.407E-2,-0.128
3.433,4.307E-2,-0.130
3.471,4.344E-2,-0.138
3.510,4.217E-2,-0.142
3.548,4.430E-2,-0.141
3.587,4.381E-2,-0.143
3.626,4.432E-2,-0.145
3.664,4.728E-2,-0.142
3.703,4.320E-2,-0.143
3.741,4.614E-2,-0.141
3.780,4.678E-2,-0.139
3.818,4.648E-2,-0.139
3.857,4.481E-2,-0.137
3.896,4.621E-2,-0.136
3.934,4.521E-2,-0.136
3.973,4.511E-2,-0.135
4.011,4.509E-2,-0.135
4.050,4.470E-2,-0.135
4.088,4.456E-2,-0.135
4.127,4.402E-2,-0.136
4.166,4.348E-2,-0.136
4.204,4.293E-2,-0.136
4.243,4.269E-2,-0.135
4.281,4.267E-2,-0.133
4.320,4.264E-2,-0.131
4.358,4.292E-2,-0.129
4.397,4.287E-2,-0.127
4.436,4.203E-2,-0.126
4.474,4.125E-2,-0.125
4.513,4.095E-2,-0.123
4.551,4.082E-2,-0.121
4.590,4.069E-2,-0.121
4.628,4.032E-2,-0.121
4.667,3.985E-2,-0.122
4.706,3.951E-2,-0.123
4.744,3.916E-2,-0.125
4.783,3.883E-2,-0.128
4.821,3.844E-2,-0.131
4.860,3.779E-2,-0.133
4.898,3.720E-2,-0.136
4.937,3.667E-2,-0.139
4.976,3.602E-2,-0.141
5.014,3.509E-2,-0.143
5.053,3.369E-2,-0.144
5.091,3.260E-2,-0.143
5.130,3.173E-2,-0.141
5.168,3.111E-2,-0.139
5.207,3.041E-2,-0.136
5.246,3.008E-2,-0.132
5.284,2.987E-2,-0.127
5.323,2.984E-2,-0.123
5.361,3.141E-2,-0.120
5.400,2.779E-2,-0.117
5.438,2.644E-2,-0.115
5.477,2.570E-2,-0.113
5.516,2.220E-2,-0.111
5.554,2.007E-2,-0.110
5.593,1.885E-2,-0.109
5.631,1.895E-2,-0.113
5.670,9.440E-3,-0.104
5.708,1.329E-2,-0.107
5.747,1.194E-2,-9.576E-2
5.785,7.019E-3,-9.135E-2
5.824,8.048E-3,-9.527E-2
5.863,7.936E-3,-0.103
5.901,1.166E-2,-0.100
5.940,7.923E-4,-0.103
5.978,1.389E-2,-9.600E-2
6.017,1.834E-2,-9.323E-2
6.055,1.927E-2,-9.733E-2
6.094,2.056E-2,-0.102
6.133,2.239E-2,-0.107
6.171,2.103E-2,-0.117
6.210,2.162E-2,-0.123
6.248,2.519E-2,-0.126
6.287,2.552E-2,-0.130
6.325,3.068E-2,-0.132
6.364,3.145E-2,-0.134
6.403,3.090E-2,-0.136
6.441,3.322E-2,-0.139
6.480,3.069E-2,-0.134
6.518,2.834E-2,-0.132
6.557,2.884E-2,-0.127
6.595,2.998E-2,-0.123
6.634,3.223E-2,-0.117
6.673,3.252E-2,-0.112
6.711,3.261E-2,-0.105
6.750,3.556E-2,-0.109
6.788,3.674E-2,-0.107
6.827,3.730E-2,-0.106
6.865,3.778E-2,-0.106
6.904,3.795E-2,-0.108
6.943,3.837E-2,-0.109
6.981,3.902E-2,-0.112
7.020,3.942E-2,-0.114
7.058,4.000E-2,-0.118
7.097,4.050E-2,-0.122
7.135,4.073E-2,-0.126
7.174,4.121E-2,-0.130
7.213,4.124E-2,-0.135
7.251,4.145E-2,-0.139
7.290,4.125E-2,-0.142
7.328,4.107E-2,-0.144
7.367,4.094E-2,-0.145
7.405,4.074E-2,-0.147
7.444,4.057E-2,-0.147
7.483,4.039E-2,-0.147
7.521,4.041E-2,-0.146
7.560,4.055E-2,-0.145
7.598,4.031E-2,-0.143
7.637,4.079E-2,-0.140
7.675,4.111E-2,-0.133
7.714,4.185E-2,-0.135
7.753,4.250E-2,-0.133
7.791,4.295E-2,-0.131
7.830,4.323E-2,-0.129
7.868,4.363E-2,-0.128
7.907,4.387E-2,-0.126
7.945,4.404E-2,-0.126
7.984,4.389E-2,-0.126
8.023,4.345E-2,-0.127
8.061,4.303E-2,-0.128
8.100,4.234E-2,-0.130
8.138,4.170E-2,-0.131
8.177,4.091E-2,-0.132
8.215,4.020E-2,-0.135
8.254,3.929E-2,-0.138
8.293,3.832E-2,-0.139
8.331,3.781E-2,-0.140
8.370,3.724E-2,-0.141
8.408,3.671E-2,-0.141
8.447,3.610E-2,-0.141
8.485,3.496E-2,-0.139
8.524,3.413E-2,-0.136
8.563,3.458E-2,-0.135
8.601,3.593E-2,-0.131
8.640,3.641E-2,-0.128
8.678,3.916E-2,-0.117
8.717,3.878E-2,-0.114
8.755,4.036E-2,-0.109
8.794,3.934E-2,-0.105
8.833,3.764E-2,-0.104
8.871,3.708E-2,-0.102
8.910,3.660E-2,-0.101
8.948,3.632E-2,-0.101
8.987,3.594E-2,-0.102
9.025,3.550E-2,-0.103
9.064,3.507E-2,-0.103
9.103,3.463E-2,-0.103
9.141,3.431E-2,-0.104
9.180,3.460E-2,-0.105
9.218,3.497E-2,-0.106
9.257,3.553E-2,-0.107
9.295,3.594E-2,-0.109
9.334,3.651E-2,-0.111
9.372,3.687E-2,-0.114
9.411,3.736E-2,-0.118
9.450,3.752E-2,-0.120
9.488,3.758E-2,-0.123
9.527,3.744E-2,-0.125
9.565,3.721E-2,-0.126
9.604,3.675E-2,-0.127
9.642,3.636E-2,-0.128
9.681,3.591E-2,-0.128
9.720,3.561E-2,-0.128
9.758,3.535E-2,-0.128
9.797,3.537E-2,-0.126
9.835,3.572E-2,-0.125
9.874,3.604E-2,-0.124
9.912,3.655E-2,-0.123
9.951,3.680E-2,-0.121
9.990,3.738E-2,-0.120
10.028,3.773E-2,-0.119
10.067,3.831E-2,-0.117
10.105,3.889E-2,-0.116
10.144,3.942E-2,-0.115
10.182,3.993E-2,-0.115
10.221,4.018E-2,-0.115
10.260,4.063E-2,-0.116
10.298,4.123E-2,-0.118
10.337,4.151E-2,-0.119
10.375,4.216E-2,-0.120
10.414,4.235E-2,-0.122
10.452,4.254E-2,-0.123
10.491,4.252E-2,-0.125
10.530,4.233E-2,-0.127
10.568,4.184E-2,-0.129
10.607,4.124E-2,-0.130
10.645,4.084E-2,-0.130
10.684,4.022E-2,-0.130
10.722,3.968E-2,-0.130
10.761,3.916E-2,-0.129
10.800,3.845E-2,-0.127
10.838,3.809E-2,-0.125
10.877,3.769E-2,-0.123
10.915,3.721E-2,-0.122
10.954,3.686E-2,-0.121
10.992,3.667E-2,-0.120
11.031,3.649E-2,-0.120
11.070,3.613E-2,-0.119
11.108,3.568E-2,-0.118
11.147,3.526E-2,-0.118
11.185,3.461E-2,-0.117
11.224,3.400E-2,-0.117
11.262,3.360E-2,-0.116
11.301,3.346E-2,-0.117
11.340,3.372E-2,-0.118
11.378,3.388E-2,-0.119
11.417,3.405E-2,-0.121
11.455,3.402E-2,-0.121
11.494,3.409E-2,-0.121
11.532,3.427E-2,-0.121
11.571,3.463E-2,-0.122
11.610,3.542E-2,-0.122
11.648,3.676E-2,-0.121
11.687,3.937E-2,-0.118
11.725,4.181E-2,-0.114
11.764,4.400E-2,-0.112
11.802,4.382E-2,-0.113
11.841,4.457E-2,-0.113
11.880,4.511E-2,-0.113
11.918,4.529E-2,-0.114
11.957,4.509E-2,-0.117
11.995,4.478E-2,-0.120
12.034,4.456E-2,-0.124
12.072,4.415E-2,-0.127
12.111,4.399E-2,-0.130
12.150,4.359E-2,-0.133
12.188,4.301E-2,-0.135
12.227,4.236E-2,-0.136
12.265,4.172E-2,-0.136
12.304,4.133E-2,-0.135
12.342,4.101E-2,-0.133
12.381,4.076E-2,-0.127
12.420,4.126E-2,-0.122
12.458,4.023E-2,-0.119
12.497,3.924E-2,-0.112
12.535,4.383E-2,-0.109
12.574,4.581E-2,-0.107
12.612,5.511E-2,-0.108
12.651,3.600E-2,-0.111
12.690,4.007E-2,-0.109
12.728,4.029E-2,-0.110
12.767,4.096E-2,-0.112
12.805,4.161E-2,-0.115
12.844,4.259E-2,-0.118
12.882,4.354E-2,-0.121
12.921,4.463E-2,-0.124
12.960,4.551E-2,-0.127
12.998,4.649E-2,-0.129
13.037,4.711E-2,-0.132
13.075,4.751E-2,-0.135
13.114,4.766E-2,-0.137
13.152,4.764E-2,-0.140
13.191,4.751E-2,-0.142
13.229,4.722E-2,-0.143
13.268,4.710E-2,-0.144
13.307,4.682E-2,-0.145
13.345,4.648E-2,-0.145
13.384,4.635E-2,-0.144
13.422,4.618E-2,-0.142
13.461,4.692E-2,-0.136
13.499,4.674E-2,-0.133
13.538,4.700E-2,-0.130
13.577,4.667E-2,-0.130
13.615,4.668E-2,-0.128
13.654,4.654E-2,-0.127
13.692,4.626E-2,-0.126
13.731,4.581E-2,-0.126
13.769,4.511E-2,-0.126
13.808,4.445E-2,-0.126
13.847,4.351E-2,-0.126
13.885,4.298E-2,-0.126
13.924,4.238E-2,-0.127
13.962,4.190E-2,-0.127
14.001,4.153E-2,-0.127
14.039,4.123E-2,-0.128
14.078,4.110E-2,-0.127
14.117,4.092E-2,-0.126
14.155,4.085E-2,-0.125
14.194,4.066E-2,-0.125
14.232,4.053E-2,-0.124
14.271,4.041E-2,-0.124
14.309,3.993E-2,-0.125
14.348,3.985E-2,-0.127
14.387,3.967E-2,-0.130
14.425,3.927E-2,-0.132
14.464,3.852E-2,-0.135
14.502,3.775E-2,-0.139
14.541,3.696E-2,-0.140
14.579,3.620E-2,-0.140
14.618,3.594E-2,-0.141
14.657,3.584E-2,-0.140
14.695,3.590E-2,-0.140
14.734,3.612E-2,-0.139
14.772,3.660E-2,-0.136
14.811,3.616E-2,-0.130
14.849,3.924E-2,-0.127
14.888,3.862E-2,-0.125
14.927,3.782E-2,-0.120
14.965,3.654E-2,-0.119
15.004,3.380E-2,-0.113
15.042,3.579E-2,-0.110
15.081,3.325E-2,-0.106
15.119,3.760E-2,-0.105
15.158,3.736E-2,-0.106
15.197,3.195E-2,-0.106
15.235,2.744E-2,-0.103
15.274,2.520E-2,-0.109
15.312,1.969E-2,-0.115
15.351,3.113E-2,-0.103
15.389,3.412E-2,-0.101
15.428,3.482E-2,-0.102
15.467,3.540E-2,-0.103
15.505,3.523E-2,-0.106
15.544,3.571E-2,-0.110
15.582,3.575E-2,-0.114
15.621,3.582E-2,-0.117
15.659,3.561E-2,-0.120
15.698,3.502E-2,-0.122
15.737,3.409E-2,-0.124
15.775,2.610E-2,-0.121
15.814,3.291E-2,-0.115
15.852,3.489E-2,-0.113
15.891,3.582E-2,-0.108
15.929,3.621E-2,-0.112
15.968,3.415E-2,-0.119
16.007,3.464E-2,-0.115
16.045,3.443E-2,-0.115
16.084,3.146E-2,-0.110
16.122,3.233E-2,-0.110
16.161,3.257E-2,-0.108
16.199,3.384E-2,-0.111
16.238,3.949E-2,-0.109
16.277,4.117E-2,-0.110
16.315,4.270E-2,-0.112
16.354,3.184E-2,-0.119
16.392,4.676E-2,-0.117
16.431,4.607E-2,-0.119
16.469,5.033E-2,-0.124
16.508,5.119E-2,-0.125
16.547,5.096E-2,-0.126
16.585,5.138E-2,-0.127
16.624,5.226E-2,-0.126
16.662,5.338E-2,-0.123
16.701,5.340E-2,-0.122
16.739,5.364E-2,-0.120
16.778,5.152E-2,-0.117
16.817,5.392E-2,-0.116
16.855,5.134E-2,-0.114
16.894,5.160E-2,-0.111
16.932,5.203E-2,-0.111
16.971,5.011E-2,-0.109
17.009,4.900E-2,-0.111
17.048,5.051E-2,-0.112
17.086,4.702E-2,-0.113
17.125,4.679E-2,-0.114
17.164,4.720E-2,-0.116
17.202,4.674E-2,-0.119
17.241,4.669E-2,-0.123
17.279,4.700E-2,-0.128
17.318,4.718E-2,-0.132
17.356,4.756E-2,-0.136
17.395,4.749E-2,-0.139
17.434,4.776E-2,-0.142
17.472,4.800E-2,-0.143
17.511,4.827E-2,-0.144
17.549,4.825E-2,-0.145
17.588,4.848E-2,-0.146
17.626,5.285E-2,-0.146
17.665,4.723E-2,-0.145
17.704,4.945E-2,-0.141
17.742,4.988E-2,-0.141
17.781,4.856E-2,-0.142
17.819,4.684E-2,-0.141
17.858,4.970E-2,-0.139
17.896,5.187E-2,-0.138
17.935,5.062E-2,-0.135
17.974,5.192E-2,-0.135
18.012,5.083E-2,-0.136
18.051,4.922E-2,-0.135
18.089,4.897E-2,-0.134
18.128,4.869E-2,-0.133
18.166,4.828E-2,-0.132
18.205,4.743E-2,-0.131
18.244,4.685E-2,-0.131
18.282,4.610E-2,-0.130
18.321,4.581E-2,-0.129
18.359,4.527E-2,-0.129
18.398,4.496E-2,-0.129
18.436,4.458E-2,-0.129
18.475,4.428E-2,-0.130
18.514,4.420E-2,-0.132
18.552,4.410E-2,-0.134
18.591,4.395E-2,-0.136
18.629,4.400E-2,-0.137
18.668,4.415E-2,-0.139
18.706,4.401E-2,-0.140
18.745,4.431E-2,-0.141
18.784,4.450E-2,-0.142
18.822,4.469E-2,-0.142
18.861,4.469E-2,-0.140
18.899,4.549E-2,-0.142
18.938,4.559E-2,-0.141
18.976,4.572E-2,-0.141
19.015,4.598E-2,-0.140
19.054,4.583E-2,-0.140
19.092,4.585E-2,-0.139
19.131,4.597E-2,-0.137
19.169,4.593E-2,-0.135
19.208,4.588E-2,-0.132
19.246,4.489E-2,-0.142
19.285,4.662E-2,-0.126
19.324,4.730E-2,-0.124
19.362,4.544E-2,-0.123
19.401,4.523E-2,-0.123
19.439,4.491E-2,-0.124
19.478,4.487E-2,-0.125
19.516,4.472E-2,-0.127
19.555,4.480E-2,-0.129
19.594,4.487E-2,-0.133
19.632,4.516E-2,-0.136
19.671,4.527E-2,-0.138
19.709,4.546E-2,-0.140
19.748,4.559E-2,-0.141
19.786,4.541E-2,-0.141
19.825,4.529E-2,-0.140
19.864,4.386E-2,-0.138
19.902,4.561E-2,-0.137
19.941,4.558E-2,-0.135
19.979,4.504E-2,-0.131
20.018,4.404E-2,-0.125
20.056,4.255E-2,-0.123
20.095,4.237E-2,-0.120
20.134,4.481E-2,-0.116
20.172,4.441E-2,-0.114
20.211,4.095E-2,-0.113
20.249,4.143E-2,-0.110
20.288,3.978E-2,-0.104
20.326,4.043E-2,-0.104
20.365,4.267E-2,-9.900E-2
20.404,4.536E-2,-0.123
20.442,4.362E-2,-0.123
20.481,4.224E-2,-0.125
20.519,4.105E-2,-0.126
20.558,3.939E-2,-0.126
20.596,3.822E-2,-0.126
20.635,3.718E-2,-0.124
20.673,3.651E-2,-0.121
20.712,3.853E-2,-0.116
20.751,3.856E-2,-0.113
20.789,3.867E-2,-0.106
20.828,3.743E-2,-0.102
20.866,3.920E-2,-9.917E-2
20.905,4.073E-2,-9.833E-2
20.943,4.028E-2,-9.919E-2
20.982,3.874E-2,-0.101
21.021,4.085E-2,-0.105
21.059,4.500E-2,-0.102
21.098,3.888E-2,-0.106
21.136,3.711E-2,-0.110
21.175,3.944E-2,-0.113
21.213,3.850E-2,-0.118
21.252,3.696E-2,-0.120
21.291,3.632E-2,-0.119
21.329,3.747E-2,-0.114
21.368,3.814E-2,-0.113
21.406,3.669E-2,-0.108
21.445,3.913E-2,-0.104
21.483,4.096E-2,-9.703E-2
21.522,4.085E-2,-8.966E-2
21.561,3.722E-2,-8.571E-2
21.599,3.255E-2,-7.871E-2
21.638,3.231E-2,-8.001E-2
21.676,3.345E-2,-7.612E-2
21.715,3.389E-2,-7.591E-2
21.753,3.490E-2,-8.091E-2
21.792,3.722E-2,-8.549E-2
21.831,3.714E-2,-9.156E-2
21.869,2.487E-2,-9.701E-2
21.908,3.750E-2,-9.633E-2
21.946,4.107E-2,-0.105
21.985,4.051E-2,-0.106
22.023,4.140E-2,-0.111
22.062,4.226E-2,-0.116
22.101,4.289E-2,-0.121
22.139,4.327E-2,-0.126
22.178,4.324E-2,-0.130
22.216,4.297E-2,-0.134
22.255,4.249E-2,-0.138
22.293,4.210E-2,-0.141
22.332,4.146E-2,-0.143
22.371,4.095E-2,-0.145
22.409,4.029E-2,-0.146
22.448,3.975E-2,-0.147
22.486,3.915E-2,-0.148
22.525,3.864E-2,-0.148
22.563,3.797E-2,-0.148
22.602,3.766E-2,-0.147
22.641,3.747E-2,-0.146
22.679,3.714E-2,-0.143
22.718,3.682E-2,-0.141
22.756,3.642E-2,-0.138
22.795,3.631E-2,-0.135
22.833,3.609E-2,-0.131
22.872,3.591E-2,-0.127
22.911,3.556E-2,-0.123
22.949,3.529E-2,-0.120
22.988,3.498E-2,-0.117
23.026,3.457E-2,-0.114
23.065,3.380E-2,-0.113
23.103,3.348E-2,-0.111
23.142,3.348E-2,-0.109
23.181,3.347E-2,-0.107
23.219,3.378E-2,-0.105
23.258,3.416E-2,-0.103
23.296,3.454E-2,-0.102
23.335,3.478E-2,-0.100
23.373,3.494E-2,-9.932E-2
23.412,3.275E-2,-9.561E-2
23.451,3.340E-2,-9.541E-2
23.489,3.571E-2,-0.101
23.528,3.744E-2,-0.101
23.566,3.379E-2,-9.845E-2
23.605,3.489E-2,-9.716E-2
23.643,3.708E-2,-9.567E-2
23.682,3.079E-2,-9.617E-2
23.721,3.027E-2,-9.596E-2
23.759,2.960E-2,-9.624E-2
23.798,2.925E-2,-9.773E-2
23.836,2.865E-2,-9.686E-2
23.875,3.014E-2,-9.601E-2
23.913,2.860E-2,-9.772E-2
23.952,2.972E-2,-9.514E-2
23.991,3.140E-2,-9.885E-2
24.029,3.505E-2,-0.101
24.068,3.334E-2,-9.952E-2
24.106,3.769E-2,-9.872E-2
24.145,3.835E-2,-9.786E-2
24.183,3.654E-2,-0.103
24.222,3.698E-2,-0.103
24.261,4.094E-2,-9.833E-2
24.299,3.207E-2,-0.107
24.338,3.301E-2,-0.111
24.376,3.379E-2,-0.114
24.415,3.388E-2,-0.117
24.453,3.395E-2,-0.119
24.492,3.354E-2,-0.121
24.530,3.242E-2,-0.121
24.569,3.152E-2,-0.121
24.608,3.081E-2,-0.119
24.646,3.010E-2,-0.118
24.685,2.966E-2,-0.116
24.723,2.906E-2,-0.114
24.762,2.851E-2,-0.112
24.800,2.734E-2,-0.111
24.839,2.632E-2,-0.111
24.878,2.531E-2,-0.112
24.916,2.408E-2,-0.113
24.955,2.299E-2,-0.115
24.993,2.203E-2,-0.117
25.032,2.108E-2,-0.120
25.070,2.029E-2,-0.124
25.109,1.965E-2,-0.129
25.148,1.852E-2,-0.135
25.186,1.769E-2,-0.142
25.225,1.630E-2,-0.148
25.263,1.462E-2,-0.152
25.302,1.268E-2,-0.155
25.340,1.083E-2,-0.156
25.379,9.993E-3,-0.158
25.418,6.376E-3,-0.153
25.456,6.416E-3,-0.150
25.495,6.269E-3,-0.145
25.533,8.718E-3,-0.140
25.572,7.684E-3,-0.137
25.610,1.230E-2,-0.125
25.649,1.504E-2,-0.122
25.688,1.927E-2,-0.114
25.726,2.027E-2,-0.105
25.765,2.291E-2,-0.102
25.803,2.357E-2,-0.101
25.842,2.527E-2,-0.103
25.880,2.861E-2,-9.664E-2
25.919,2.884E-2,-9.621E-2
25.958,2.811E-2,-0.102
25.996,3.133E-2,-0.104
26.035,3.258E-2,-0.108
26.073,2.413E-2,-0.107
26.112,2.644E-2,-0.113
26.150,3.794E-2,-0.111
26.189,3.815E-2,-0.115
26.228,3.813E-2,-0.119
26.266,3.794E-2,-0.123
26.305,3.763E-2,-0.127
26.343,3.635E-2,-0.133
26.382,3.830E-2,-0.132
26.420,3.374E-2,-0.133
26.459,3.224E-2,-0.132
26.498,3.311E-2,-0.132
26.536,3.314E-2,-0.129
26.575,3.186E-2,-0.128
26.613,3.036E-2,-0.127
26.652,2.912E-2,-0.123
26.690,2.983E-2,-0.118
26.729,2.969E-2,-0.113
26.768,3.111E-2,-0.104
26.806,3.097E-2,-9.884E-2
26.845,3.052E-2,-0.100
26.883,3.010E-2,-9.926E-2
26.922,3.010E-2,-9.861E-2
26.960,3.011E-2,-9.839E-2
26.999,2.770E-2,-0.100
27.038,3.251E-2,-9.669E-2
27.076,2.839E-2,-8.860E-2
27.115,2.834E-2,-8.890E-2
27.153,2.870E-2,-9.057E-2
27.192,2.863E-2,-9.273E-2
27.230,2.903E-2,-9.479E-2
27.269,2.942E-2,-9.644E-2
27.308,2.971E-2,-9.726E-2
27.346,2.969E-2,-9.763E-2
27.385,2.983E-2,-9.803E-2
27.423,3.025E-2,-9.859E-2
27.462,3.047E-2,-9.889E-2
27.500,3.041E-2,-9.801E-2
27.539,2.886E-2,-9.448E-2
27.578,3.165E-2,-9.625E-2
27.616,3.061E-2,-9.342E-2
27.655,3.043E-2,-9.103E-2
27.693,3.016E-2,-9.471E-2
27.732,3.204E-2,-9.972E-2
27.770,3.034E-2,-9.753E-2
27.809,3.045E-2,-0.105
27.848,3.127E-2,-0.109
27.886,3.187E-2,-0.112
27.925,3.185E-2,-0.113
27.963,3.244E-2,-0.117
28.002,3.435E-2,-0.120
28.040,3.175E-2,-0.121
28.079,3.367E-2,-0.123
28.117,3.326E-2,-0.121
28.156,3.005E-2,-0.118
28.195,3.153E-2,-0.121
28.233,3.177E-2,-0.119
28.272,3.310E-2,-0.117
28.310,3.461E-2,-0.118
28.349,3.400E-2,-0.115
28.387,3.448E-2,-0.111
28.426,3.430E-2,-0.109
28.465,3.323E-2,-0.108
28.503,3.108E-2,-0.106
28.542,3.302E-2,-0.107
28.580,3.128E-2,-0.108
28.619,3.234E-2,-0.109
28.657,3.147E-2,-0.110
28.696,3.083E-2,-0.109
28.735,3.170E-2,-0.108
28.773,3.341E-2,-0.110
28.812,3.148E-2,-0.109
28.850,3.191E-2,-0.109
28.889,3.275E-2,-0.111
28.927,3.359E-2,-0.113
28.966,3.313E-2,-0.115
29.005,3.247E-2,-0.120
29.043,3.606E-2,-0.122
29.082,3.579E-2,-0.126
29.120,3.308E-2,-0.124
29.159,3.219E-2,-0.126
29.197,3.119E-2,-0.127
29.236,3.034E-2,-0.128
29.275,2.956E-2,-0.128
29.313,2.882E-2,-0.128
29.352,2.848E-2,-0.127
29.390,2.799E-2,-0.126
29.429,2.759E-2,-0.126
29.467,2.712E-2,-0.124
29.506,2.683E-2,-0.122
29.545,2.643E-2,-0.121
29.583,2.660E-2,-0.119
29.622,2.697E-2,-0.118
29.660,2.768E-2,-0.117
29.699,2.924E-2,-0.114
29.737,2.729E-2,-0.112
29.776,2.713E-2,-0.109
29.815,2.787E-2,-0.106
29.853,3.138E-2,-0.100
29.892,3.161E-2,-9.987E-2
29.930,3.202E-2,-9.839E-2
29.969,3.187E-2,-9.774E-2
30.007,3.147E-2,-9.771E-2
30.046,3.110E-2,-9.846E-2
30.085,3.105E-2,-9.935E-2
30.123,3.106E-2,-0.101
30.162,3.101E-2,-0.104
30.200,3.145E-2,-0.106
30.239,3.149E-2,-0.109
30.277,3.192E-2,-0.112
30.316,3.262E-2,-0.115
30.355,3.322E-2,-0.117
30.393,3.349E-2,-0.119
30.432,3.390E-2,-0.122
30.470,3.279E-2,-0.123
30.509,3.403E-2,-0.128
30.547,2.822E-2,-0.129
30.586,3.486E-2,-0.130
30.625,3.270E-2,-0.130
30.663,3.134E-2,-0.132
30.702,3.527E-2,-0.132
30.740,3.397E-2,-0.132
30.779,3.126E-2,-0.132
30.817,3.057E-2,-0.131
30.856,2.960E-2,-0.129
30.895,2.825E-2,-0.123
30.933,2.745E-2,-0.123
30.972,2.694E-2,-0.120
31.010,2.612E-2,-0.117
31.049,2.559E-2,-0.114
31.087,2.494E-2,-0.110
31.126,2.484E-2,-0.107
31.165,2.684E-2,-0.104
31.203,2.594E-2,-0.102
31.242,2.488E-2,-0.100
31.280,2.445E-2,-9.983E-2
31.319,2.596E-2,-0.101
31.357,2.549E-2,-0.103
31.396,2.432E-2,-0.101
31.435,2.427E-2,-0.100
31.473,2.405E-2,-9.973E-2
31.512,2.141E-2,-0.100
31.550,2.508E-2,-0.101
31.589,2.530E-2,-0.102
31.627,2.635E-2,-0.104
31.666,2.422E-2,-0.101
31.705,2.445E-2,-0.100
31.743,2.510E-2,-0.100
31.782,2.558E-2,-9.660E-2
31.820,2.695E-2,-9.207E-2
31.859,2.762E-2,-9.012E-2
31.897,2.788E-2,-8.753E-2
31.936,2.930E-2,-8.839E-2
31.974,2.937E-2,-8.684E-2
32.013,2.909E-2,-8.665E-2
32.052,2.871E-2,-8.743E-2
32.090,2.836E-2,-8.857E-2
32.129,2.817E-2,-9.046E-2
32.167,2.858E-2,-9.331E-2
32.206,2.920E-2,-9.680E-2
32.244,2.995E-2,-0.102
32.283,3.083E-2,-0.106
32.322,3.161E-2,-0.111
32.360,3.221E-2,-0.115
32.399,3.244E-2,-0.120
32.437,3.204E-2,-0.124
32.476,3.149E-2,-0.126
32.514,3.101E-2,-0.128
32.553,3.009E-2,-0.129
32.592,2.994E-2,-0.129
32.630,2.939E-2,-0.129
32.669,2.882E-2,-0.128
32.707,2.822E-2,-0.128
32.746,1.858E-2,-0.125
32.784,1.886E-2,-0.121
32.823,3.225E-2,-0.116
32.862,2.083E-2,-0.113
32.900,3.059E-2,-0.111
32.939,3.175E-2,-0.105
32.977,3.192E-2,-9.951E-2
33.016,3.226E-2,-9.514E-2
33.054,3.197E-2,-9.240E-2
33.093,2.736E-2,-9.316E-2
33.132,3.345E-2,-9.194E-2
33.170,2.120E-2,-9.677E-2
33.209,2.932E-2,-9.214E-2
33.247,2.884E-2,-9.452E-2
33.286,2.865E-2,-9.719E-2
33.324,2.814E-2,-0.100
33.363,2.763E-2,-0.102
33.402,2.734E-2,-0.105
33.440,2.668E-2,-0.108
33.479,2.592E-2,-0.110
33.517,2.540E-2,-0.112
33.556,2.434E-2,-0.113
33.594,2.319E-2,-0.114
33.633,2.215E-2,-0.114
33.672,2.091E-2,-0.113
33.710,2.037E-2,-0.113
33.749,2.039E-2,-0.112
33.787,2.082E-2,-0.110
33.826,2.137E-2,-0.108
33.864,2.241E-2,-0.105
33.903,2.394E-2,-0.101
33.942,2.534E-2,-9.753E-2
33.980,2.693E-2,-9.416E-2
34.019,3.192E-2,-9.300E-2
34.057,2.781E-2,-9.229E-2
34.096,2.540E-2,-9.378E-2
34.134,2.863E-2,-9.577E-2
34.173,3.254E-2,-9.496E-2
34.212,3.065E-2,-9.539E-2
34.250,3.070E-2,-9.865E-2
34.289,3.119E-2,-0.101
34.327,3.119E-2,-0.102
34.366,3.105E-2,-0.103
34.404,3.094E-2,-0.104
34.443,3.102E-2,-0.105
34.482,2.954E-2,-0.108
34.520,3.260E-2,-0.106
34.559,3.119E-2,-0.105
34.597,3.139E-2,-0.105
34.636,3.175E-2,-0.105
34.674,3.240E-2,-0.106
34.713,3.284E-2,-0.107
34.752,3.319E-2,-0.109
34.790,3.367E-2,-0.111
34.829,3.388E-2,-0.112
34.867,3.411E-2,-0.113
34.906,3.389E-2,-0.114
34.944,3.336E-2,-0.116
34.983,3.265E-2,-0.118
35.022,3.175E-2,-0.120
35.060,3.328E-2,-0.117
35.099,3.330E-2,-0.118
35.137,3.620E-2,-0.112
35.176,3.445E-2,-0.113
35.214,3.516E-2,-0.109
35.253,3.783E-2,-0.104
35.292,3.676E-2,-0.103
35.330,3.918E-2,-0.100
35.369,3.420E-2,-0.100
35.407,3.729E-2,-0.100
35.446,3.720E-2,-0.101
35.484,3.706E-2,-0.104
35.523,3.656E-2,-0.108
35.561,3.638E-2,-0.111
35.600,3.510E-2,-0.114
35.639,3.401E-2,-0.117
35.677,3.286E-2,-0.119
35.716,3.149E-2,-0.122
35.754,3.031E-2,-0.124
35.793,2.257E-2,-0.129
35.831,2.844E-2,-0.125
35.870,2.771E-2,-0.125
35.909,2.689E-2,-0.125
35.947,2.335E-2,-0.130
35.986,2.443E-2,-0.128
36.024,2.430E-2,-0.123
36.063,2.583E-2,-0.113
36.101,2.410E-2,-0.110
36.140,2.780E-2,-0.108
36.179,2.816E-2,-9.793E-2
36.217,2.507E-2,-9.749E-2
36.256,2.441E-2,-9.601E-2
36.294,2.342E-2,-9.491E-2
36.333,2.252E-2,-9.435E-2
36.371,2.149E-2,-9.502E-2
36.410,2.238E-2,-9.330E-2
36.449,2.108E-2,-9.307E-2
36.487,2.324E-2,-9.375E-2
36.526,2.480E-2,-9.074E-2
36.564,2.382E-2,-8.292E-2
36.603,2.425E-2,-8.336E-2
36.641,3.245E-2,-8.564E-2
36.680,2.751E-2,-8.254E-2
36.719,2.767E-2,-8.666E-2
36.757,2.979E-2,-8.972E-2
36.796,2.852E-2,-8.797E-2
36.834,2.848E-2,-9.057E-2
36.873,2.585E-2,-9.270E-2
36.911,3.816E-2,-9.323E-2
36.950,3.970E-2,-9.874E-2
36.989,4.053E-2,-0.103
37.027,4.072E-2,-0.106
37.066,4.073E-2,-0.109
37.104,3.995E-2,-0.111
37.143,3.898E-2,-0.112
37.181,3.775E-2,-0.112
37.220,3.645E-2,-0.113
37.259,3.491E-2,-0.113
37.297,3.339E-2,-0.113
37.336,3.172E-2,-0.112
37.374,2.984E-2,-0.112
37.413,2.752E-2,-0.110
37.451,2.528E-2,-0.109
37.490,2.279E-2,-0.107
37.529,2.196E-2,-0.108
37.567,1.932E-2,-0.110
37.606,1.812E-2,-0.112
37.644,1.621E-2,-0.113
37.683,1.420E-2,-0.114
37.721,1.792E-2,-0.102
37.760,2.292E-2,-0.101
37.799,6.915E-3,-0.114
37.837,-5.594E-3,-0.110
37.876,-3.605E-4,-0.108
37.914,5.309E-3,-0.105
37.953,5.781E-3,-0.102
37.991,1.022E-2,-9.508E-2
38.030,1.027E-2,-9.097E-2
38.069,9.234E-3,-8.792E-2
38.107,1.194E-2,-8.059E-2
38.146,1.579E-2,-8.368E-2
38.184,1.300E-2,-8.234E-2
38.223,9.011E-3,-8.835E-2
38.261,1.120E-2,-8.665E-2
38.300,-7.352E-4,-8.800E-2
38.339,-6.850E-3,-9.138E-2
38.377,5.103E-4,-9.191E-2
38.416,1.207E-2,-8.622E-2
38.454,2.441E-2,-8.664E-2
38.493,2.544E-2,-9.095E-2
38.531,2.674E-2,-9.584E-2
38.570,2.777E-2,-0.101
38.609,2.919E-2,-0.107
38.647,3.068E-2,-0.112
38.686,3.188E-2,-0.117
38.724,3.287E-2,-0.122
38.763,3.374E-2,-0.127
38.801,3.430E-2,-0.132
38.840,3.466E-2,-0.136
38.879,3.474E-2,-0.140
38.917,3.431E-2,-0.143
38.956,3.391E-2,-0.144
38.994,3.322E-2,-0.145
39.033,3.269E-2,-0.145
39.071,3.217E-2,-0.143
39.110,3.146E-2,-0.141
39.149,3.096E-2,-0.139
39.187,2.022E-2,-0.137
39.226,2.983E-2,-0.134
39.264,3.225E-2,-0.131
39.303,3.279E-2,-0.123
39.341,3.216E-2,-0.122
39.380,3.323E-2,-0.123
39.418,3.025E-2,-0.119
39.457,3.288E-2,-0.117
39.496,3.221E-2,-0.119
39.534,2.947E-2,-0.113
39.573,3.209E-2,-0.111
39.611,2.908E-2,-0.110
39.650,2.760E-2,-0.107
39.688,2.661E-2,-0.101
39.727,2.658E-2,-0.103
39.766,2.363E-2,-9.635E-2
39.804,3.232E-2,-9.496E-2
39.843,2.430E-2,-9.550E-2
39.881,2.068E-2,-9.068E-2
39.920,2.388E-2,-9.397E-2
39.958,2.476E-2,-9.110E-2
39.997,2.510E-2,-8.967E-2
40.036,2.539E-2,-8.851E-2
40.074,2.583E-2,-8.790E-2
40.113,2.625E-2,-8.854E-2
40.151,2.746E-2,-9.110E-2
40.190,2.889E-2,-9.573E-2
40.228,3.098E-2,-0.101
40.267,3.237E-2,-0.106
40.306,3.346E-2,-0.111
40.344,3.512E-2,-0.117
40.383,3.657E-2,-0.122
40.421,3.693E-2,-0.127
40.460,3.729E-2,-0.130
40.498,3.753E-2,-0.133
40.537,3.737E-2,-0.136
40.576,3.709E-2,-0.138
40.614,3.706E-2,-0.139
40.653,3.669E-2,-0.140
40.691,3.626E-2,-0.141
40.730,3.601E-2,-0.141
40.768,3.588E-2,-0.140
40.807,3.578E-2,-0.139
40.846,2.814E-2,-0.136
40.884,3.569E-2,-0.133
40.923,3.530E-2,-0.130
40.961,3.779E-2,-0.129
41.000,3.812E-2,-0.128
41.038,3.834E-2,-0.128
41.077,3.832E-2,-0.128
41.116,3.841E-2,-0.128
41.154,3.835E-2,-0.129
41.193,3.854E-2,-0.130
41.231,3.893E-2,-0.133
41.270,3.907E-2,-0.136
41.308,3.950E-2,-0.140
41.347,3.992E-2,-0.143
41.386,4.000E-2,-0.146
41.424,4.039E-2,-0.148
41.463,4.061E-2,-0.150
41.501,4.070E-2,-0.151
41.540,4.047E-2,-0.151
41.578,4.023E-2,-0.151
41.617,4.012E-2,-0.150
41.656,4.019E-2,-0.150
41.694,4.023E-2,-0.150
41.733,4.067E-2,-0.149
41.771,4.104E-2,-0.148
41.810,4.158E-2,-0.147
41.848,4.175E-2,-0.146
41.887,4.170E-2,-0.145
41.926,4.159E-2,-0.144
41.964,4.132E-2,-0.142
42.003,4.104E-2,-0.141
42.041,4.092E-2,-0.139
42.080,4.027E-2,-0.138
42.118,3.950E-2,-0.136
42.157,3.881E-2,-0.134
42.196,3.824E-2,-0.132
42.234,3.786E-2,-0.130
42.273,3.775E-2,-0.128
42.311,3.790E-2,-0.130
42.350,3.751E-2,-0.124
42.388,3.749E-2,-0.123
42.427,3.737E-2,-0.122
42.466,3.715E-2,-0.121
42.504,3.731E-2,-0.120
42.543,3.814E-2,-0.120
42.581,3.901E-2,-0.121
42.620,3.975E-2,-0.122
42.658,4.067E-2,-0.124
42.697,4.141E-2,-0.125
42.736,4.187E-2,-0.126
42.774,4.218E-2,-0.127
42.813,4.205E-2,-0.130
42.851,4.185E-2,-0.132
42.890,4.162E-2,-0.135
42.928,4.138E-2,-0.136
42.967,4.106E-2,-0.136
43.005,4.078E-2,-0.137
43.044,4.023E-2,-0.136
43.083,4.006E-2,-0.134
43.121,3.877E-2,-0.130
43.160,4.183E-2,-0.128
43.198,4.448E-2,-0.124
43.237,4.561E-2,-0.121
43.275,4.355E-2,-0.114
43.314,4.270E-2,-0.112
43.353,4.667E-2,-0.107
43.391,4.649E-2,-0.104
43.430,4.649E-2,-0.105
43.468,4.710E-2,-0.105
43.507,4.792E-2,-0.107
43.545,4.896E-2,-0.109
43.584,5.000E-2,-0.112
43.623,5.107E-2,-0.115
43.661,5.181E-2,-0.118
43.700,5.223E-2,-0.121
43.738,5.241E-2,-0.124
43.777,5.234E-2,-0.126
43.815,5.229E-2,-0.129
43.854,5.225E-2,-0.131
43.893,5.178E-2,-0.133
43.931,5.146E-2,-0.135
43.970,5.137E-2,-0.137
44.008,5.126E-2,-0.139
44.047,5.117E-2,-0.140
44.085,5.106E-2,-0.140
44.124,5.048E-2,-0.139
44.163,5.002E-2,-0.137
44.201,5.213E-2,-0.135
44.240,4.980E-2,-0.132
44.278,4.839E-2,-0.132
44.317,4.729E-2,-0.132
44.355,4.589E-2,-0.132
44.394,4.474E-2,-0.133
44.433,4.324E-2,-0.134
44.471,4.185E-2,-0.133
44.510,4.097E-2,-0.133
44.548,4.080E-2,-0.132
44.587,4.084E-2,-0.131
44.625,3.814E-2,-0.128
44.664,4.163E-2,-0.127
44.703,4.268E-2,-0.127
44.741,4.378E-2,-0.126
44.780,4.444E-2,-0.125
44.818,4.481E-2,-0.126
44.857,4.541E-2,-0.127
44.895,4.613E-2,-0.129
44.934,4.677E-2,-0.134
44.973,4.723E-2,-0.138
45.011,4.720E-2,-0.141
45.050,4.654E-2,-0.144
45.088,4.554E-2,-0.146
45.127,4.443E-2,-0.147
45.165,4.373E-2,-0.148
45.204,4.275E-2,-0.148
45.243,4.227E-2,-0.148
45.281,4.211E-2,-0.149
45.320,4.191E-2,-0.148
45.358,4.147E-2,-0.148
45.397,4.146E-2,-0.147
45.435,4.132E-2,-0.145
45.474,4.058E-2,-0.140
45.513,4.253E-2,-0.140
45.551,4.191E-2,-0.138
45.590,4.454E-2,-0.136
45.628,4.113E-2,-0.132
45.667,4.760E-2,-0.134
45.705,4.806E-2,-0.132
45.744,4.766E-2,-0.130
