,mass A,,
t,x,y,
0.000,3.168E-3,-0.104
0.054,2.398E-3,-0.106
0.108,1.397E-4,-0.112
0.162,-2.629E-3,-0.116
0.216,-5.242E-3,-0.116
0.270,-3.952E-3,-0.106
0.324,-1.031E-3,-9.396E-2
0.378,-7.208E-3,-6.497E-2
0.432,-7.667E-3,-7.159E-2
0.486,-9.184E-3,-8.424E-2
0.540,-6.068E-3,-9.552E-2
0.594,7.782E-4,-0.122
0.648,5.876E-4,-0.135
0.702,-1.747E-3,-0.141
0.756,-4.220E-3,-0.137
0.810,-4.140E-3,-0.128
0.865,,
0.919,-1.101E-3,-0.109
0.973,2.603E-3,-9.272E-2
1.027,3.527E-3,-9.537E-2
1.081,4.494E-3,-0.110
1.135,6.110E-3,-0.106
1.189,8.092E-3,-0.115
1.243,6.782E-3,-0.120
1.297,5.409E-3,-0.116
1.351,6.010E-3,-0.116
1.405,6.939E-3,-0.111
1.459,2.389E-3,-0.106
1.513,8.973E-3,-8.890E-2
1.567,2.088E-4,-0.107
1.621,4.254E-3,-0.123
1.675,5.768E-3,-0.101
1.729,6.927E-3,-0.112
1.783,7.372E-3,-0.121
1.837,1.209E-3,-0.142
1.891,7.868E-3,-0.120
1.945,9.078E-3,-0.110
1.999,1.152E-2,-0.105
2.053,8.691E-3,-8.520E-2
2.107,6.855E-3,-8.840E-2
2.161,-9.577E-3,-0.109
2.215,3.097E-3,-0.114
2.269,5.275E-3,-0.124
2.323,4.201E-3,-0.131
2.377,2.931E-3,-0.124
2.431,4.044E-3,-0.111
2.485,7.477E-3,-8.619E-2
2.539,7.914E-3,-9.761E-2
2.594,-8.077E-3,-9.311E-2
2.648,4.949E-3,-0.106
2.702,3.760E-3,-0.120
2.756,2.208E-3,-0.114
2.810,-1.227E-3,-0.116
2.864,-7.003E-3,-0.111
2.918,-3.836E-3,-0.112
2.972,-6.385E-3,-0.103
3.026,-7.431E-3,-9.516E-2
3.080,-1.262E-2,-0.101
3.134,-1.273E-2,-0.115
3.188,-1.280E-2,-0.123
3.242,-1.229E-2,-0.115
3.296,-1.773E-2,-0.120
3.350,-1.557E-2,-0.121
3.404,-1.643E-2,-0.113
3.458,-1.458E-2,-0.100
3.512,-2.988E-2,-8.897E-2
3.566,-1.422E-2,-9.078E-2
3.620,-9.529E-3,-0.109
3.674,-7.949E-4,-0.128
3.728,4.329E-3,-0.139
3.782,-5.802E-3,-0.134
3.836,3.795E-3,-0.138
3.890,,
3.944,,
3.998,-2.645E-2,-0.105
4.052,-2.123E-2,-0.110
4.106,4.881E-3,-0.111
4.160,8.867E-3,-0.111
4.214,,
4.268,,
4.323,1.868E-3,-0.109
4.377,-3.162E-2,-9.633E-2
4.431,-2.252E-2,-0.105
4.485,-3.209E-3,-0.109
4.539,-4.159E-3,-0.120
4.593,-2.446E-3,-0.101
4.647,-3.184E-2,-0.111
4.701,-5.469E-3,-0.111
4.755,-4.846E-3,-0.105
4.809,-2.014E-2,-9.720E-2
4.863,-1.472E-2,-8.196E-2
4.917,-8.986E-3,-0.102
4.971,-2.808E-2,-0.133
5.025,-3.264E-3,-0.133
5.079,-1.748E-3,-0.141
5.133,-9.647E-3,-0.137
5.187,-8.782E-3,-0.130
5.241,-1.020E-2,-0.141
5.295,,
5.349,,
5.403,-2.457E-2,-0.104
5.457,-6.988E-3,-0.105
5.511,-6.133E-3,-0.119
5.565,-7.507E-3,-0.130
5.619,-1.934E-2,-0.119
5.673,-2.395E-2,-0.118
5.727,-1.626E-2,-0.123
5.781,-2.719E-2,-0.113
5.835,-2.920E-2,-7.985E-2
5.889,-3.211E-2,-8.625E-2
5.943,-3.051E-2,-0.131
5.997,-1.885E-2,-0.136
6.052,-2.887E-2,-0.129
6.106,-2.142E-2,-0.128
6.160,-3.250E-2,-0.108
6.214,-4.379E-2,-8.664E-2
6.268,-1.603E-2,-7.801E-2
6.322,-4.919E-2,-0.123
6.376,-3.348E-2,-0.129
6.430,-9.536E-3,-0.132
6.484,-9.997E-3,-0.141
6.538,-2.324E-2,-0.129
6.592,-2.309E-2,-0.131
6.646,-1.670E-2,-0.120
6.700,-3.771E-2,-8.299E-2
6.754,-1.437E-2,-8.514E-2
6.808,-1.940E-2,-6.656E-2
6.862,-2.020E-2,-7.397E-2
6.916,-2.189E-2,-0.128
6.970,4.013E-4,-0.129
7.024,-6.384E-3,-0.124
7.078,-1.737E-2,-0.122
7.132,-6.794E-3,-0.134
7.186,,
7.240,-4.300E-2,-9.661E-2
7.294,-2.156E-2,-9.580E-2
7.348,1.625E-3,-8.259E-2
7.402,2.894E-3,-0.108
7.456,6.731E-3,-0.120
7.510,6.182E-3,-0.132
7.564,3.040E-3,-0.111
7.618,1.020E-3,-0.112
7.672,1.020E-3,-0.112
7.726,-1.460E-3,-0.109
7.781,-7.557E-4,-0.103
7.835,-1.071E-3,-9.878E-2
7.889,-2.390E-3,-9.917E-2
7.943,-2.706E-3,-0.102
7.997,-5.318E-3,-0.102
8.051,-7.766E-3,-0.106
8.105,-7.766E-3,-0.106
8.159,-5.139E-2,-0.123
8.213,-8.408E-3,-0.110
8.267,-5.075E-2,-0.114
8.321,,
8.375,-3.555E-2,-8.296E-2
8.429,-1.412E-2,-8.034E-2
8.483,-3.432E-2,-0.135
8.537,2.543E-3,-0.131
8.591,5.734E-3,-0.141
8.645,3.801E-3,-0.139
8.699,6.745E-3,-0.124
8.753,5.231E-4,-0.130
8.807,-4.500E-2,-0.111
8.861,-2.621E-3,-0.104
8.915,6.017E-3,-0.117
8.969,9.608E-3,-0.111
9.023,5.781E-3,-0.119
9.077,3.146E-3,-0.129
9.131,5.989E-3,-0.121
9.185,-4.726E-2,-0.104
9.239,8.772E-3,-9.697E-2
9.293,-1.886E-2,-0.102
9.347,1.014E-2,-0.104
9.401,1.212E-2,-0.122
9.455,1.004E-2,-0.134
9.510,8.443E-3,-0.121
9.564,2.171E-3,-0.118
9.618,2.981E-3,-0.117
9.672,-4.326E-2,-0.106
9.726,1.140E-3,-9.763E-2
9.780,-3.163E-3,-8.043E-2
9.834,-3.501E-2,-0.107
9.888,-1.314E-2,-0.104
9.942,-5.128E-2,-0.112
9.996,-4.428E-2,-0.119
10.050,-2.488E-2,-0.124
10.104,-2.463E-2,-0.133
10.158,-2.928E-2,-0.131
10.212,-2.927E-2,-0.129
10.266,-3.592E-2,-0.114
10.320,-4.560E-2,-9.050E-2
10.374,-5.106E-2,-0.117
10.428,-3.359E-2,-0.125
10.482,-1.103E-2,-0.129
10.536,3.986E-3,-0.134
10.590,-5.354E-4,-0.129
10.644,-1.321E-3,-0.133
10.698,1.133E-3,-0.122
10.752,-4.564E-2,-0.101
10.806,-4.770E-2,-0.113
10.860,-2.855E-2,-0.117
10.914,5.329E-3,-0.115
10.968,3.861E-3,-0.124
11.022,3.482E-3,-0.130
11.076,-5.111E-2,-9.302E-2
11.130,-5.818E-5,-0.121
11.184,-4.261E-2,-6.150E-2
11.239,-4.989E-2,-9.428E-2
11.293,-1.347E-2,-8.887E-2
11.347,2.843E-3,-7.835E-2
11.401,4.803E-3,-8.959E-2
11.455,5.345E-3,-9.884E-2
11.509,5.518E-3,-0.106
11.563,5.679E-3,-0.111
11.617,5.638E-3,-0.113
11.671,5.638E-3,-0.113
11.725,5.465E-3,-0.109
11.779,5.290E-3,-0.106
11.833,7.206E-3,-0.103
11.887,-2.595E-2,-0.108
11.941,-8.304E-4,-0.108
11.995,-3.985E-3,-0.118
12.049,-2.523E-3,-0.126
12.103,-1.301E-3,-0.132
12.157,-2.962E-2,-8.753E-2
12.211,-9.482E-3,-0.118
12.265,-6.247E-3,-0.116
12.319,-1.254E-2,-0.106
12.373,-1.124E-2,-9.239E-2
12.427,-1.326E-2,-9.023E-2
12.481,-3.535E-2,-0.120
12.535,-9.821E-3,-0.120
12.589,-8.966E-3,-0.128
12.643,-1.194E-2,-0.124
12.697,-1.214E-2,-0.124
12.751,-1.244E-2,-0.112
12.805,-1.047E-2,-9.367E-2
12.859,-2.207E-2,-9.056E-2
12.913,-2.266E-3,-9.785E-2
12.968,5.015E-3,-0.116
13.022,8.175E-3,-0.120
13.076,-1.838E-3,-0.117
13.130,-1.265E-3,-9.777E-2
13.184,1.646E-3,-8.654E-2
13.238,5.310E-3,-8.115E-2
13.292,-3.453E-2,-0.109
13.346,-8.454E-3,-0.108
13.400,-3.323E-3,-0.119
13.454,1.029E-2,-0.123
13.508,-2.696E-4,-0.122
13.562,7.708E-3,-0.123
13.616,-3.139E-2,-7.438E-2
13.670,-2.597E-2,-9.165E-2
13.724,-1.147E-3,-9.186E-2
13.778,7.144E-3,-0.103
13.832,9.421E-3,-0.122
13.886,1.207E-2,-0.132
13.940,1.064E-2,-0.115
13.994,7.180E-3,-0.120
14.048,1.082E-2,-0.118
14.102,1.298E-2,-0.114
14.156,-2.362E-2,-0.108
14.210,9.258E-4,-0.108
14.264,6.582E-3,-0.116
14.318,7.622E-3,-0.124
14.372,-2.631E-2,-8.294E-2
14.426,-2.721E-2,-7.471E-2
14.480,9.738E-3,-0.128
14.534,-3.429E-2,-8.444E-2
14.588,5.054E-3,-0.116
14.642,2.659E-3,-0.109
14.697,-1.699E-2,-0.106
14.751,-2.652E-3,-9.622E-2
14.805,-1.037E-3,-0.112
14.859,4.380E-4,-0.122
14.913,-2.967E-2,-0.104
14.967,-3.420E-3,-0.114
15.021,-1.865E-2,-0.106
15.075,-3.525E-2,-0.101
15.129,-3.486E-2,-0.114
15.183,-2.516E-2,-0.123
15.237,9.156E-4,-0.101
15.291,-1.648E-2,-0.117
15.345,-2.016E-2,-0.109
15.399,-2.452E-2,-9.627E-2
15.453,-3.411E-2,-0.102
15.507,-3.317E-2,-0.111
15.561,-3.242E-2,-0.125
15.615,-9.908E-3,-0.125
15.669,1.203E-2,-0.117
15.723,9.228E-3,-0.116
15.777,1.149E-2,-0.109
15.831,-3.496E-2,-6.837E-2
15.885,-3.443E-2,-6.708E-2
15.939,-2.454E-2,-0.104
15.993,-3.571E-3,-0.104
16.047,1.442E-2,-0.101
16.101,1.078E-2,-9.888E-2
16.155,-9.204E-3,-0.108
16.209,1.221E-2,-9.439E-2
16.263,2.387E-3,-9.958E-2
16.317,7.536E-3,-0.108
16.371,7.076E-3,-0.117
16.426,9.880E-3,-0.124
16.480,1.052E-2,-0.130
16.534,1.330E-2,-0.121
16.588,8.585E-3,-0.120
16.642,1.203E-2,-0.119
16.696,1.169E-2,-0.113
16.750,1.146E-2,-0.108
16.804,1.016E-2,-0.102
16.858,-1.682E-2,-0.106
16.912,2.420E-3,-0.110
16.966,2.389E-3,-0.120
17.020,-2.311E-5,-0.117
17.074,-2.311E-5,-0.117
17.128,,
17.182,-1.797E-2,-9.578E-2
17.236,1.703E-3,-9.378E-2
17.290,3.277E-3,-0.106
17.344,3.037E-3,-0.115
17.398,-2.486E-3,-0.108
17.452,-3.809E-3,-0.113
17.506,-2.869E-2,-0.115
17.560,-3.065E-2,-0.107
17.614,-5.940E-3,-8.821E-2
17.668,-7.971E-3,-9.263E-2
17.722,-3.411E-2,-0.134
17.776,-1.678E-2,-0.137
17.830,-1.009E-3,-0.138
17.884,-1.041E-2,-0.133
17.938,-5.602E-3,-0.134
17.992,-1.182E-2,-0.133
18.046,-1.310E-2,-0.118
18.100,-2.087E-2,-0.102
18.155,-1.053E-2,-9.646E-2
18.209,8.202E-3,-9.664E-2
18.263,7.772E-3,-0.106
18.317,1.092E-2,-0.114
18.371,8.241E-3,-0.107
18.425,6.253E-3,-0.111
18.479,8.847E-3,-0.113
18.533,9.069E-3,-0.111
18.587,-2.431E-3,-0.110
18.641,-2.548E-3,-0.100
18.695,5.378E-3,-9.113E-2
18.749,7.664E-3,-0.101
18.803,8.513E-3,-0.110
18.857,1.152E-2,-0.119
18.911,1.241E-2,-0.127
18.965,6.385E-3,-0.119
19.019,4.771E-3,-0.117
19.073,9.687E-3,-0.118
19.127,6.092E-3,-0.106
19.181,8.771E-3,-9.468E-2
19.235,1.060E-2,-0.103
19.289,9.763E-3,-0.100
19.343,8.331E-3,-0.103
19.397,-3.520E-2,-9.564E-2
19.451,8.729E-3,-0.104
19.505,8.918E-3,-0.105
19.559,7.066E-3,-0.103
19.613,-2.179E-2,-8.547E-2
19.667,8.345E-3,-0.102
19.721,6.945E-3,-0.101
19.775,9.982E-3,-9.847E-2
19.829,9.007E-3,-9.505E-2
19.884,1.835E-3,-8.795E-2
19.938,5.088E-3,-0.105
19.992,6.168E-3,-0.115
20.046,6.468E-3,-0.123
20.100,4.762E-3,-0.121
20.154,-1.931E-2,-9.380E-2
20.208,6.190E-3,-0.119
20.262,2.049E-3,-0.109
20.316,4.109E-3,-0.104
20.370,3.762E-3,-9.741E-2
20.424,-3.530E-2,-0.107
20.478,-7.941E-3,-0.103
20.532,-1.899E-3,-0.111
20.586,-1.637E-3,-0.119
20.640,-3.395E-3,-0.127
20.694,-2.872E-2,-8.335E-2
20.748,-2.796E-2,-9.350E-2
20.802,-1.094E-2,-0.125
20.856,1.263E-3,-0.107
20.910,4.765E-3,-9.762E-2
20.964,-1.449E-2,-9.369E-2
21.018,5.043E-3,-9.755E-2
21.072,7.546E-3,-0.108
21.126,6.549E-3,-0.100
21.180,-3.518E-2,-9.466E-2
21.234,3.580E-3,-0.103
21.288,-2.157E-2,-8.467E-2
21.342,3.936E-3,-0.100
21.396,-2.193E-2,-8.627E-2
21.450,-3.142E-2,-0.103
21.504,-1.511E-2,-0.101
21.558,-3.536E-2,-0.113
21.613,2.231E-3,-0.105
21.667,2.126E-3,-0.117
21.721,2.530E-3,-0.104
21.775,1.204E-3,-0.113
21.829,-2.842E-2,-9.751E-2
21.883,-3.987E-4,-0.114
21.937,2.374E-4,-0.110
21.991,-2.663E-2,-0.116
22.045,-2.948E-2,-0.109
22.099,-2.052E-2,-9.837E-2
22.153,-3.373E-3,-9.953E-2
22.207,9.778E-4,-0.113
22.261,7.881E-4,-0.127
22.315,-3.245E-3,-0.135
22.369,-8.143E-3,-0.126
22.423,-9.787E-3,-0.130
22.477,-1.018E-2,-0.128
22.531,-1.053E-2,-0.119
22.585,-1.725E-2,-0.109
22.639,-3.509E-2,-8.362E-2
22.693,-1.122E-2,-8.162E-2
22.747,-3.531E-2,-0.109
22.801,8.965E-3,-0.101
22.855,9.233E-3,-0.114
22.909,1.274E-3,-0.106
22.963,-3.544E-2,-0.122
23.017,8.951E-3,-0.118
23.071,-1.931E-3,-0.105
23.125,-1.769E-2,-0.110
23.179,-2.170E-2,-0.104
23.233,-7.365E-3,-7.996E-2
23.287,-1.038E-2,-8.262E-2
23.342,-1.062E-2,-8.724E-2
23.396,-2.504E-3,-0.115
23.450,-2.319E-3,-0.127
23.504,-8.525E-3,-0.124
23.558,-3.098E-2,-0.129
23.612,-3.131E-2,-0.121
23.666,-3.714E-3,-0.102
23.720,-2.602E-2,-9.284E-2
23.774,2.153E-4,-9.057E-2
23.828,4.209E-3,-0.101
23.882,-1.279E-2,-0.127
23.936,4.426E-3,-0.131
23.990,5.411E-4,-0.121
24.044,3.924E-3,-0.125
24.098,4.843E-3,-0.112
24.152,1.115E-2,-0.103
24.206,-2.931E-2,-9.562E-2
24.260,-1.140E-2,-9.650E-2
24.314,1.239E-2,-9.700E-2
24.368,1.360E-2,-0.108
24.422,1.361E-2,-0.115
24.476,-3.189E-2,-9.377E-2
24.530,8.174E-3,-0.111
24.584,4.424E-3,-0.114
24.638,-3.434E-2,-8.735E-2
24.692,8.863E-3,-0.112
24.746,5.490E-3,-0.108
24.800,9.906E-3,-9.916E-2
24.854,-1.463E-2,-0.104
24.908,8.376E-3,-0.104
24.962,6.748E-3,-0.114
25.016,7.772E-3,-0.124
25.071,5.576E-3,-0.134
25.125,-3.354E-3,-0.130
25.179,-3.354E-3,-0.130
25.233,-2.321E-3,-0.127
25.287,2.834E-3,-0.112
25.341,-3.516E-2,-9.817E-2
25.395,-1.575E-2,-0.101
25.449,-3.501E-2,-0.115
25.503,-2.207E-2,-0.123
25.557,-1.775E-3,-0.110
25.611,-1.642E-2,-0.122
25.665,-1.147E-2,-0.113
25.719,-9.393E-3,-0.106
25.773,,
25.827,-1.003E-2,-9.733E-2
25.881,-6.084E-3,-9.531E-2
25.935,-2.726E-2,-0.127
25.989,4.228E-3,-0.127
26.043,6.596E-3,-0.133
26.097,2.307E-3,-0.126
26.151,2.307E-3,-0.126
26.205,-1.914E-2,-0.107
26.259,-2.145E-2,-9.831E-2
26.313,1.850E-3,-9.914E-2
26.367,1.074E-2,-0.110
26.421,1.233E-2,-0.119
26.475,1.397E-2,-0.126
26.529,7.137E-3,-0.125
26.583,7.137E-3,-0.125
26.637,1.046E-2,-0.113
26.691,1.049E-2,-0.110
26.745,-3.184E-2,-0.107
26.800,-3.240E-2,-0.118
26.854,-1.791E-2,-0.124
26.908,-1.803E-2,-0.120
26.962,-1.909E-2,-0.122
27.016,-1.207E-2,-0.119
27.070,-8.257E-3,-0.115
27.124,-6.565E-3,-0.109
27.178,-7.739E-3,-0.103
27.232,-2.244E-2,-9.394E-2
27.286,-4.227E-4,-9.341E-2
27.340,4.069E-3,-0.106
27.394,6.815E-3,-0.121
27.448,5.446E-3,-0.132
27.502,5.674E-3,-0.141
27.556,9.850E-4,-0.116
27.610,9.517E-4,-0.120
27.664,3.412E-3,-0.114
27.718,4.668E-3,-0.109
27.772,1.121E-2,-0.113
27.826,-3.530E-2,-0.107
27.880,-3.112E-2,-0.116
27.934,-2.009E-2,-0.120
27.988,1.150E-2,-0.109
28.042,1.150E-2,-0.109
28.096,1.018E-3,-0.112
28.150,-2.301E-2,-8.935E-2
28.204,4.228E-3,-0.113
28.258,6.281E-3,-0.108
28.312,6.281E-3,-0.108
28.366,-1.008E-2,-0.107
28.420,-1.516E-3,-9.722E-2
28.474,7.945E-3,-0.106
28.529,1.129E-2,-0.115
28.583,-1.919E-2,-8.694E-2
28.637,-1.926E-2,-9.364E-2
28.691,-1.931E-2,-9.963E-2
28.745,-1.918E-2,-0.104
28.799,6.228E-3,-0.114
28.853,-1.167E-2,-0.112
28.907,-1.132E-2,-0.105
28.961,1.555E-3,-0.102
29.015,3.373E-3,-0.115
29.069,3.147E-3,-0.129
29.123,-2.892E-2,-8.220E-2
29.177,-2.882E-2,-8.966E-2
29.231,-3.066E-2,-9.632E-2
29.285,-3.159E-3,-0.108
29.339,-3.159E-3,-0.108
29.393,-2.956E-3,-0.106
29.447,-9.776E-3,-9.909E-2
29.501,7.020E-3,-0.100
29.555,7.443E-3,-0.109
29.609,7.942E-3,-0.118
29.663,-1.781E-3,-0.111
29.717,1.066E-3,-0.107
29.771,-1.510E-3,-0.116
29.825,2.055E-3,-0.102
29.879,-2.784E-2,-9.562E-2
29.933,-5.960E-3,-9.205E-2
29.987,1.293E-2,-9.480E-2
30.041,-1.353E-2,-0.104
30.095,1.386E-2,-0.105
30.149,-2.243E-2,-0.115
30.203,-1.741E-2,-0.119
30.258,9.235E-3,-0.115
30.312,-1.246E-2,-0.117
30.366,-1.358E-2,-0.116
30.420,1.562E-2,-9.671E-2
30.474,1.022E-2,-9.385E-2
30.528,-3.223E-2,-0.116
30.582,-3.315E-2,-0.122
30.636,-2.397E-2,-0.126
30.690,-2.131E-2,-0.130
30.744,,
30.798,-2.683E-2,-0.120
30.852,-2.238E-2,-0.116
30.906,-1.794E-2,-0.114
30.960,-2.393E-2,-8.472E-2
31.014,-2.324E-2,-7.789E-2
31.068,-3.259E-2,-0.119
31.122,-1.808E-2,-0.120
31.176,-2.397E-2,-0.127
31.230,-2.033E-2,-0.130
31.284,-2.040E-2,-0.118
31.338,-2.135E-2,-0.114
31.392,-2.772E-2,-8.623E-2
31.446,-2.654E-2,-8.148E-2
31.500,-1.345E-2,-0.108
31.554,-3.524E-2,-0.102
31.608,-2.111E-2,-0.104
31.662,9.596E-3,-0.103
31.716,-1.973E-2,-0.119
31.770,-2.805E-2,-0.134
31.824,7.600E-3,-0.134
31.878,1.148E-2,-0.142
31.932,7.004E-3,-0.117
31.987,7.193E-3,-0.119
32.041,7.193E-3,-0.119
32.095,7.210E-3,-0.117
32.149,7.062E-3,-0.111
32.203,-3.000E-2,-0.105
32.257,-3.533E-2,-0.112
32.311,-1.245E-2,-0.111
32.365,3.459E-3,-0.109
32.419,,
32.473,-3.675E-3,-0.107
32.527,-3.598E-3,-9.342E-2
32.581,-2.615E-2,-0.105
32.635,-2.363E-2,-0.116
32.689,-4.838E-4,-9.729E-2
32.743,,
32.797,,
32.851,-1.719E-3,-9.813E-2
32.905,-4.259E-3,-9.073E-2
32.959,-3.225E-2,-9.331E-2
33.013,-2.760E-2,-0.116
33.067,-5.297E-4,-0.117
33.121,2.405E-3,-0.132
33.175,-2.918E-2,-0.121
33.229,-8.610E-3,-0.111
33.283,-1.582E-2,-0.128
33.337,-1.830E-2,-0.115
33.391,-2.440E-2,-9.509E-2
33.445,8.031E-3,-8.707E-2
33.499,1.622E-2,-0.104
33.553,1.868E-2,-0.116
33.607,7.591E-3,-9.832E-2
33.661,7.908E-3,-0.103
33.716,9.311E-3,-0.106
33.770,1.223E-2,-0.119
33.824,8.538E-3,-0.103
33.878,9.161E-3,-0.100
33.932,7.306E-3,-9.449E-2
33.986,1.078E-2,-9.348E-2
34.040,9.959E-3,-8.841E-2
34.094,6.692E-3,-8.398E-2
34.148,6.254E-3,-8.819E-2
34.202,8.915E-3,-9.354E-2
34.256,7.948E-3,-0.101
34.310,6.471E-3,-0.109
34.364,6.822E-3,-0.115
34.418,-1.972E-2,-8.950E-2
34.472,5.105E-3,-0.105
34.526,4.546E-3,-9.963E-2
34.580,-4.993E-2,-0.102
34.634,-4.110E-2,-0.108
34.688,-2.097E-3,-0.102
34.742,8.192E-4,-0.113
34.796,-7.976E-3,-0.107
34.850,-6.647E-3,-0.116
34.904,-4.969E-3,-0.108
34.958,-9.754E-3,-0.114
35.012,-7.353E-3,-0.101
35.066,4.087E-3,-8.775E-2
35.120,6.160E-3,-9.543E-2
35.174,5.483E-3,-0.104
35.228,7.299E-3,-0.116
35.282,8.730E-3,-0.124
35.336,-4.190E-2,-0.131
35.390,-2.943E-2,-0.131
35.445,7.149E-3,-0.123
35.499,-1.904E-2,-0.124
35.553,-4.943E-2,-9.614E-2
35.607,-4.992E-2,-0.103
35.661,3.495E-3,-9.340E-2
35.715,1.954E-3,-0.102
35.769,-1.899E-2,-0.125
35.823,-1.112E-2,-0.134
35.877,-2.789E-2,-0.141
35.931,-2.486E-2,-0.127
35.985,-2.298E-2,-0.115
36.039,-7.216E-3,-0.107
36.093,-4.033E-2,-9.434E-2
36.147,-3.944E-2,-0.102
36.201,8.494E-3,-9.952E-2
36.255,9.822E-4,-9.357E-2
36.309,-3.696E-2,-0.104
36.363,-3.815E-2,-9.711E-2
36.417,-3.185E-2,-9.444E-2
36.471,-3.115E-3,-9.572E-2
36.525,-6.598E-4,-0.112
36.579,-5.006E-2,-0.114
36.633,-1.622E-2,-8.473E-2
36.687,-2.624E-2,-0.112
36.741,-2.690E-2,-9.403E-2
36.795,-2.606E-3,-9.296E-2
36.849,7.587E-3,-0.111
36.903,1.129E-2,-0.120
36.957,-1.177E-2,-0.102
37.011,3.135E-3,-9.422E-2
37.065,4.478E-3,-0.111
37.119,-2.234E-2,-0.102
37.174,1.193E-2,-9.038E-2
37.228,1.521E-2,-0.102
37.282,-5.002E-2,-0.111
37.336,-3.576E-2,-0.113
37.390,-1.415E-2,-0.114
37.444,-3.828E-2,-0.113
37.498,-2.028E-2,-0.105
37.552,-1.526E-2,-9.905E-2
37.606,8.419E-3,-9.733E-2
37.660,1.165E-2,-0.108
37.714,1.310E-2,-0.116
37.768,8.563E-3,-9.842E-2
37.822,9.412E-3,-0.104
37.876,6.270E-3,-0.109
37.930,-3.096E-2,-7.718E-2
37.984,4.675E-3,-0.108
38.038,3.884E-3,-0.106
38.092,-4.826E-2,-0.123
38.146,-2.402E-2,-0.126
38.200,,
38.254,-4.456E-2,-0.115
38.308,,
38.362,5.995E-3,-0.108
38.416,-4.236E-2,-9.873E-2
38.470,-1.620E-2,-9.936E-2
38.524,2.497E-3,-0.108
38.578,4.389E-3,-0.123
38.632,7.305E-3,-0.129
38.686,3.532E-3,-0.124
38.740,3.387E-3,-0.117
38.794,4.534E-3,-0.101
38.848,4.606E-3,-9.280E-2
38.903,-4.993E-2,-0.104
38.957,-3.137E-2,-0.106
39.011,-6.707E-3,-0.106
39.065,-2.886E-2,-0.125
39.119,-3.665E-3,-0.124
39.173,-3.563E-3,-0.132
39.227,-1.097E-2,-0.127
39.281,-5.162E-3,-0.130
39.335,-2.087E-3,-0.123
39.389,1.268E-3,-0.107
39.443,-3.589E-2,-9.407E-2
39.497,-1.369E-2,-9.230E-2
39.551,2.459E-3,-9.593E-2
39.605,6.259E-3,-0.108
39.659,9.236E-3,-0.119
39.713,1.153E-2,-0.126
39.767,2.226E-3,-0.112
39.821,3.412E-3,-0.114
39.875,-4.983E-2,-9.528E-2
39.929,-2.869E-2,-9.665E-2
39.983,-4.867E-2,-0.117
40.037,-2.785E-2,-0.120
40.091,-1.414E-3,-0.115
40.145,,
40.199,,
40.253,,
40.307,,
40.361,-4.126E-2,-0.105
40.415,-2.326E-2,-0.105
40.469,-2.022E-2,-0.114
40.523,-2.972E-2,-0.114
40.577,,
40.632,-2.047E-2,-0.114
40.686,6.569E-3,-0.114
40.740,1.225E-2,-0.119
40.794,1.405E-2,-0.123
40.848,-2.781E-2,-7.072E-2
40.902,-2.725E-2,-7.278E-2
40.956,-2.754E-2,-8.201E-2
41.010,-4.155E-2,-0.103
41.064,-3.122E-2,-0.107
41.118,-5.003E-2,-0.113
41.172,1.152E-2,-0.100
41.226,1.279E-2,-0.108
41.280,4.710E-3,-0.104
41.334,3.870E-3,-0.108
41.388,1.668E-3,-0.107
41.442,4.419E-4,-0.109
41.496,-6.346E-4,-0.118
41.550,4.191E-4,-0.112
41.604,4.296E-4,-0.111
41.658,2.077E-3,-0.106
41.712,-4.606E-2,-0.101
41.766,-3.676E-2,-0.110
41.820,-2.819E-2,-0.119
41.874,,
41.928,-3.753E-2,-0.124
41.982,-3.750E-2,-0.114
42.036,-3.111E-2,-0.100
42.090,-3.411E-2,-9.121E-2
42.144,-4.300E-2,-0.109
42.198,-3.942E-2,-0.126
42.252,-1.270E-2,-0.122
42.306,,
42.361,-1.687E-2,-0.121
42.415,-1.570E-2,-0.114
42.469,-1.361E-2,-0.104
42.523,-9.113E-3,-9.279E-2
42.577,-3.688E-3,-9.374E-2
42.631,1.808E-3,-0.109
42.685,3.067E-3,-0.125
42.739,2.591E-3,-0.116
42.793,8.797E-3,-0.123
42.847,-8.759E-4,-0.122
42.901,5.638E-3,-0.113
42.955,4.878E-3,-0.108
43.009,4.943E-3,-0.100
43.063,4.796E-3,-9.401E-2
43.117,-1.243E-2,-9.902E-2
43.171,5.234E-3,-0.106
43.225,5.106E-3,-0.120
43.279,4.681E-3,-0.131
43.333,5.884E-4,-0.116
43.387,1.024E-3,-0.112
43.441,-2.950E-2,-9.160E-2
43.495,-2.870E-2,-8.109E-2
43.549,-4.505E-4,-9.657E-2
43.603,1.768E-4,-9.376E-2
43.657,-2.997E-2,-0.103
43.711,-2.422E-2,-0.112
43.765,-1.104E-2,-0.118
43.819,-3.767E-3,-0.127
43.873,-5.298E-3,-0.122
43.927,-1.052E-2,-0.119
43.981,-1.624E-2,-0.104
44.035,-6.262E-3,-8.247E-2
44.090,-4.148E-4,-8.970E-2
44.144,3.342E-3,-0.106
44.198,5.698E-3,-0.120
44.252,6.796E-3,-0.127
44.306,-2.457E-3,-0.119
44.360,-1.422E-2,-0.128
44.414,-3.050E-2,-0.106
44.468,-3.039E-2,-9.295E-2
44.522,-1.067E-2,-8.919E-2
44.576,-1.473E-2,-0.112
44.630,-1.381E-2,-0.131
44.684,-6.771E-3,-8.406E-2
44.738,-1.795E-2,-0.122
44.792,-1.463E-2,-0.105
44.846,-8.505E-3,-8.811E-2
44.900,-1.086E-2,-8.512E-2
44.954,-1.642E-3,-0.103
45.008,-1.249E-2,-8.156E-2
45.062,-7.603E-3,-9.797E-2
45.116,-4.156E-3,-0.114
45.170,-5.911E-3,-0.124
45.224,-1.072E-3,-0.122
45.278,1.175E-3,-0.117
45.332,-1.415E-2,-0.116
45.386,-1.532E-2,-0.105
45.440,-2.936E-2,-0.125
45.494,8.541E-3,-0.124
45.548,-1.154E-3,-8.248E-2
45.602,-6.875E-5,-9.300E-2
45.656,1.239E-3,-0.105
45.710,3.999E-4,-0.113
45.764,2.987E-3,-0.117
45.819,3.017E-3,-0.114
45.873,2.076E-3,-0.106
45.927,1.753E-3,-9.740E-2
45.981,4.681E-3,-0.107
46.035,6.586E-3,-0.119
46.089,-1.352E-3,-8.677E-2
46.143,4.403E-4,-0.100
46.197,4.791E-4,-0.112
46.251,3.167E-3,-0.120
46.305,3.008E-3,-0.115
46.359,2.841E-3,-0.111
46.413,3.563E-3,-9.721E-2
46.467,5.474E-3,-8.537E-2
46.521,6.781E-3,-9.028E-2
46.575,6.875E-3,-0.103
46.629,8.784E-3,-8.571E-2
46.683,9.744E-3,-9.466E-2
46.737,1.051E-2,-0.102
46.791,1.244E-3,-0.142
46.845,4.352E-3,-0.109
46.899,3.500E-3,-0.111
46.953,2.530E-3,-0.112
47.007,7.203E-4,-0.111
47.061,-1.365E-3,-0.109
47.115,-1.486E-4,-0.108
47.169,-1.037E-2,-0.102
47.223,-1.125E-2,-9.628E-2
47.277,1.615E-3,-0.106
47.331,-2.942E-3,-0.106
47.385,-1.024E-3,-0.116
47.439,-2.738E-3,-0.120
47.493,1.016E-3,-0.122
47.548,-1.695E-2,-0.118
47.602,-1.869E-2,-0.106
47.656,-3.039E-2,-9.272E-2
47.710,-1.182E-2,-9.425E-2
47.764,-4.157E-3,-0.107
47.818,-1.881E-3,-0.122
47.872,-1.746E-3,-0.130
47.926,-6.500E-3,-0.122
47.980,-9.787E-3,-0.126
48.034,,
48.088,-3.973E-3,-0.109
48.142,-9.344E-3,-0.103
48.196,-4.708E-3,-9.488E-2
48.250,9.794E-3,-0.103
48.304,1.308E-2,-0.118
48.358,1.466E-2,-0.128
48.412,7.454E-3,-0.109
48.466,-1.824E-2,-8.517E-2
48.520,-1.868E-2,-7.975E-2
48.574,5.405E-3,-0.106
48.628,2.410E-3,-9.117E-2
48.682,2.834E-3,-8.734E-2
48.736,3.446E-3,-8.756E-2
48.790,1.445E-2,-0.110
48.844,3.813E-3,-8.882E-2
48.898,5.244E-3,-9.679E-2
48.952,6.135E-3,-0.106
49.006,6.700E-3,-0.113
49.060,3.983E-3,-0.118
49.114,2.175E-3,-0.118
49.168,1.762E-3,-0.119
49.222,1.762E-3,-0.119
49.277,1.762E-3,-0.119
49.331,1.401E-3,-0.115
49.385,3.040E-3,-0.111
49.439,2.018E-3,-8.996E-2
49.493,3.182E-3,-9.480E-2
49.547,7.300E-3,-0.106
49.601,7.621E-3,-0.116
49.655,3.016E-3,-0.101
49.709,2.878E-3,-0.107
49.763,2.383E-3,-0.113
49.817,-1.778E-3,-0.112
49.871,1.667E-3,-0.113
49.925,3.117E-3,-0.102
49.979,1.424E-3,-8.895E-2
50.033,-3.336E-3,-8.188E-2
50.087,-5.345E-3,-9.069E-2
50.141,-4.446E-3,-9.393E-2
50.195,-4.530E-3,-0.104
50.249,-2.675E-3,-0.121
50.303,-2.029E-3,-0.116
50.357,-3.925E-3,-0.121
50.411,-4.036E-3,-0.110
50.465,-2.440E-3,-9.712E-2
50.519,-2.018E-2,-0.100
50.573,1.876E-3,-0.102
50.627,3.589E-3,-0.111
50.681,2.387E-3,-0.118
50.735,-8.919E-3,-0.129
50.789,,
50.843,-8.784E-3,-0.125
50.897,-3.864E-3,-0.109
50.951,-3.047E-2,-0.102
51.006,-3.056E-2,-0.113
51.060,-7.727E-3,-0.112
51.114,-7.747E-3,-0.122
51.168,-1.151E-2,-0.126
51.222,-3.005E-3,-0.125
51.276,,
51.330,-7.866E-3,-0.123
51.384,-6.545E-3,-0.117
51.438,-3.104E-3,-0.112
51.492,,
51.546,-2.313E-2,-0.110
51.600,1.477E-2,-0.105
51.654,1.333E-2,-0.109
51.708,-2.477E-2,-0.110
51.762,-2.018E-2,-8.500E-2
51.816,-2.697E-3,-0.103
51.870,-2.861E-2,-0.102
51.924,-9.281E-3,-0.102
51.978,4.240E-3,-0.106
52.032,5.623E-3,-0.112
52.086,7.258E-3,-0.116
52.140,-1.243E-2,-0.115
52.194,-9.022E-3,-0.111
52.248,1.666E-3,-0.108
52.302,2.437E-4,-0.108
52.356,-7.862E-3,-0.112
52.410,-1.575E-2,-0.119
52.464,-1.178E-2,-0.124
52.518,-2.816E-2,-0.129
52.572,-2.463E-2,-0.121
52.626,-1.472E-2,-0.112
52.680,-1.675E-2,-0.105
52.735,-3.050E-2,-0.106
52.789,-2.785E-2,-0.112
52.843,-2.723E-2,-0.121
52.897,-2.354E-2,-0.131
52.951,,
53.005,-3.074E-2,-0.132
53.059,-1.417E-2,-0.122
53.113,-3.016E-2,-6.127E-2
53.167,-1.783E-2,-9.095E-2
53.221,-3.012E-2,-0.127
53.275,-2.613E-3,-0.131
53.329,-2.336E-3,-0.144
53.383,-2.957E-3,-0.131
53.437,-9.475E-3,-0.135
53.491,-4.724E-3,-0.128
53.545,-6.771E-3,-0.119
53.599,-1.631E-2,-0.106
53.653,-1.490E-2,-9.460E-2
53.707,5.635E-3,-8.522E-2
53.761,9.040E-3,-9.992E-2
53.815,8.568E-3,-0.114
53.869,1.065E-2,-0.123
53.923,4.997E-4,-0.103
53.977,4.769E-4,-0.105
54.031,-1.125E-3,-0.105
54.085,8.584E-3,-0.112
54.139,1.066E-2,-0.107
54.193,-1.009E-3,-9.154E-2
54.247,-1.568E-2,-0.116
54.301,7.047E-3,-0.117
54.355,-1.521E-2,-0.131
54.409,,
54.464,-2.066E-3,-0.125
54.518,-1.095E-2,-0.115
54.572,-7.839E-3,-9.913E-2
54.626,3.126E-3,-9.144E-2
54.680,4.901E-3,-0.103
54.734,7.329E-3,-0.110
54.788,,
54.842,-2.361E-2,-0.119
54.896,-7.430E-3,-0.113
54.950,-3.238E-3,-9.914E-2
55.004,-7.748E-4,-9.469E-2
55.058,4.848E-3,-0.105
55.112,6.636E-3,-0.114
55.166,4.831E-3,-0.122
55.220,2.813E-3,-9.880E-2
55.274,1.985E-3,-0.103
55.328,3.873E-4,-0.105
55.382,-1.231E-3,-0.105
55.436,-2.621E-3,-0.103
55.490,-1.831E-3,-9.890E-2
55.544,-2.229E-3,-9.171E-2
55.598,-4.638E-3,-8.770E-2
55.652,-1.042E-3,-0.107
55.706,1.014E-2,-0.115
55.760,1.197E-2,-0.125
55.814,9.259E-4,-0.134
55.868,,
55.922,,
55.976,,
56.030,,
56.084,,
56.138,-2.935E-2,-0.108
56.193,-1.800E-2,-0.112
56.247,,
56.301,,
56.355,-1.405E-2,-0.105
56.409,-1.189E-2,-9.730E-2
56.463,-2.057E-2,-0.118
56.517,-2.740E-2,-0.134
56.571,1.817E-3,-0.139
56.625,4.046E-3,-0.104
56.679,3.486E-3,-0.113
56.733,1.220E-3,-0.119
56.787,-4.251E-3,-0.118
56.841,-3.032E-3,-0.116
56.895,-5.558E-3,-0.106
56.949,-1.127E-2,-9.266E-2
57.003,-1.227E-2,-9.297E-2
57.057,-2.276E-2,-0.118
57.111,-1.192E-2,-0.121
57.165,-1.008E-2,-0.117
57.219,-8.222E-3,-0.112
57.273,-2.193E-2,-0.121
57.327,-2.011E-2,-0.106
57.381,-2.337E-2,-9.073E-2
57.435,-1.293E-2,-0.103
57.489,-2.642E-2,-0.134
57.543,-2.709E-3,-0.135
57.597,-1.194E-2,-0.124
57.651,-2.950E-2,-0.101
57.705,-9.746E-3,-0.126
57.759,-1.509E-2,-0.134
57.813,-1.587E-2,-0.122
57.867,-1.328E-2,-0.105
57.922,-1.493E-2,-9.428E-2
57.976,-2.762E-2,-0.120
58.030,-6.688E-3,-0.121
58.084,-4.721E-3,-0.129
58.138,-2.099E-2,-0.125
58.192,-6.821E-3,-0.130
58.246,-2.549E-2,-0.128
58.300,-2.256E-2,-0.113
58.354,-2.158E-3,-8.967E-2
58.408,-6.626E-3,-8.791E-2
58.462,-5.579E-3,-9.788E-2
58.516,-2.848E-3,-0.113
58.570,7.498E-4,-0.125
58.624,-2.652E-3,-0.131
58.678,,
58.732,,
58.786,1.099E-3,-0.106
58.840,-1.107E-3,-9.471E-2
58.894,-9.934E-3,-0.120
58.948,-3.004E-2,-0.112
59.002,-2.760E-2,-0.118
59.056,-1.174E-2,-0.122
59.110,-1.027E-2,-0.133
59.164,-2.273E-2,-0.108
59.218,-1.668E-2,-0.100
59.272,-3.025E-2,-7.378E-2
59.326,-2.173E-2,-8.905E-2
59.380,-1.303E-2,-7.934E-2
59.434,-4.060E-3,-0.116
59.488,-1.913E-3,-0.132
59.542,-2.959E-3,-0.144
59.596,-1.808E-2,-8.281E-2
59.651,-1.444E-2,-9.215E-2
59.705,-1.285E-2,-9.677E-2
59.759,-3.433E-4,-0.130
59.813,-1.401E-2,-9.531E-2
59.867,-1.375E-2,-9.143E-2
59.921,6.254E-3,-0.107
59.975,-1.502E-2,-9.959E-2
60.029,3.796E-3,-0.103
60.083,2.382E-3,-0.116
60.137,3.367E-3,-0.128
60.191,1.204E-3,-0.139
60.245,-1.687E-3,-0.123
60.299,-1.687E-3,-0.123
60.353,-2.854E-3,-0.119
60.407,3.756E-3,-0.120
60.461,5.670E-3,-0.112
60.515,-2.623E-2,-0.111
60.569,-1.769E-2,-0.118
60.623,-4.196E-4,-0.122
60.677,-2.850E-3,-0.118
60.731,-5.071E-3,-0.119
60.785,-4.026E-3,-0.115
60.839,-2.066E-2,-0.117
60.893,-2.329E-2,-0.110
60.947,-2.562E-2,-9.961E-2
61.001,-1.486E-2,-8.892E-2
61.055,-1.588E-2,-0.107
61.109,-1.496E-2,-0.124
61.163,-1.653E-2,-0.136
61.217,-1.788E-2,-0.137
61.271,-2.950E-2,-0.104
61.325,-1.776E-2,-8.423E-2
61.380,-1.605E-2,-6.868E-2
61.434,-1.756E-2,-7.921E-2
61.488,-2.127E-2,-8.032E-2
61.542,-9.538E-3,-0.111
61.596,-1.792E-3,-0.126
61.650,1.154E-3,-0.142
61.704,-1.666E-2,-0.126
61.758,-3.224E-3,-0.110
61.812,-1.492E-2,-0.124
61.866,3.939E-3,-7.755E-2
61.920,1.177E-3,-9.368E-2
61.974,-8.218E-3,-8.661E-2
62.028,1.103E-2,-9.034E-2
62.082,5.870E-3,-8.386E-2
62.136,6.913E-3,-9.208E-2
62.190,7.406E-3,-9.993E-2
62.244,8.484E-3,-0.106
62.298,9.326E-3,-0.113
62.352,-2.805E-2,-9.059E-2
62.406,-2.645E-2,-7.220E-2
62.460,-6.611E-3,-9.592E-2
62.514,7.458E-3,-0.111
62.568,6.068E-3,-0.109
62.622,6.068E-3,-0.109
62.676,4.074E-3,-0.108
62.730,-1.756E-2,-0.105
62.784,-2.069E-2,-0.103
62.838,-2.135E-2,-9.939E-2
62.892,-1.633E-2,-7.924E-2
62.946,-1.275E-2,-9.589E-2
63.000,-1.463E-2,-8.563E-2
63.054,1.023E-3,-8.227E-2
63.109,3.469E-4,-7.428E-2
63.163,-9.059E-4,-8.313E-2
63.217,2.642E-3,-0.101
63.271,7.310E-3,-0.116
63.325,1.578E-3,-0.101
63.379,4.441E-3,-0.113
63.433,5.369E-3,-0.121
63.487,7.408E-3,-0.117
63.541,1.057E-2,-0.101
63.595,1.427E-2,-9.107E-2
63.649,5.278E-4,-9.960E-2
63.703,5.840E-3,-0.100
63.757,8.791E-3,-0.111
63.811,2.264E-3,-0.108
63.865,3.036E-3,-0.111
63.919,3.440E-3,-0.111
63.973,3.510E-3,-0.103
64.027,3.931E-3,-0.101
64.081,2.567E-3,-9.620E-2
64.135,-2.059E-2,-0.105
64.189,7.027E-3,-9.468E-2
64.243,1.009E-2,-0.109
64.297,1.271E-2,-0.118
64.351,6.939E-3,-0.112
64.405,-3.048E-2,-0.103
64.459,,
64.513,,
64.567,,
64.621,-3.045E-2,-9.926E-2
64.675,-2.122E-2,-0.103
64.729,-6.110E-4,-0.103
64.783,-1.129E-3,-0.114
64.838,,
64.892,1.311E-2,-0.109
64.946,6.685E-3,-0.108
65.000,8.273E-3,-0.110
65.054,1.020E-2,-0.103
65.108,-3.039E-2,-9.948E-2
65.162,-2.638E-2,-0.106
65.216,1.642E-3,-0.106
65.270,-3.040E-2,-9.212E-2
65.324,-3.040E-2,-9.417E-2
65.378,-3.050E-2,-0.105
65.432,-9.540E-3,-0.106
65.486,8.522E-3,-0.108
65.540,-3.056E-2,-0.112
65.594,2.904E-3,-0.104
65.648,4.293E-3,-0.106
