,mass A,,
t,x,y,
0.000,5.078E-3,-9.000E-2
0.053,4.130E-3,-9.314E-2
0.106,4.351E-3,-9.900E-2
0.159,5.419E-3,-0.108
0.212,4.624E-3,-0.113
0.265,3.397E-3,-0.114
0.318,4.244E-3,-0.112
0.370,5.139E-3,-0.101
0.423,4.295E-3,-8.840E-2
0.476,7.322E-3,-7.040E-2
0.529,,
0.582,7.568E-4,-9.187E-2
0.635,2.240E-3,-0.105
0.688,3.303E-3,-0.111
0.741,1.907E-3,-0.106
0.794,3.295E-3,-9.333E-2
0.847,-7.818E-4,-8.548E-2
0.900,,
0.953,,
1.006,,
1.058,-8.207E-3,-7.760E-2
1.111,-8.088E-3,-8.223E-2
1.164,-1.149E-2,-8.810E-2
1.217,-1.112E-2,-0.100
1.270,-9.773E-3,-0.111
1.323,-9.836E-3,-0.118
1.376,-1.053E-2,-0.125
1.429,-1.305E-2,-0.125
1.482,,
1.535,,
1.588,,
1.641,1.485E-3,-8.151E-2
1.694,-1.477E-2,-7.521E-2
1.746,-1.815E-2,-8.389E-2
1.799,-1.566E-2,-9.125E-2
1.852,-1.450E-2,-0.105
1.905,-1.491E-2,-0.113
1.958,,
2.011,,
2.064,,
2.117,-1.912E-2,-6.762E-2
2.170,-1.978E-2,-6.245E-2
2.223,-2.412E-2,-6.859E-2
2.276,-1.305E-2,-9.227E-2
2.329,-5.305E-3,-0.111
2.382,,
2.434,,
2.487,,
2.540,-3.665E-3,-9.720E-2
2.593,-2.342E-4,-9.613E-2
2.646,-2.204E-3,-0.100
2.699,-4.278E-3,-0.105
2.752,,
2.805,,
2.858,,
2.911,,
2.964,-1.235E-2,-9.511E-2
3.017,-1.792E-2,-9.458E-2
3.070,-2.166E-2,-8.340E-2
3.122,-1.851E-2,-8.213E-2
3.175,-2.490E-2,-9.069E-2
3.228,-2.228E-2,-0.101
3.281,-1.810E-2,-0.115
3.334,,
3.387,,
3.440,,
3.493,,
3.546,-1.866E-3,-0.107
3.599,-2.721E-2,-0.111
3.652,-1.223E-2,-0.122
3.705,,
3.758,1.611E-4,-0.124
3.810,-2.103E-2,-0.104
3.863,-1.541E-2,-8.089E-2
3.916,-5.409E-3,-6.758E-2
3.969,1.188E-2,-5.928E-2
4.022,-3.009E-2,-0.100
4.075,-9.818E-3,-7.950E-2
4.128,-1.853E-2,-9.075E-2
4.181,9.224E-3,-9.324E-2
4.234,8.380E-3,-0.103
4.287,1.785E-3,-0.102
4.340,7.136E-3,-0.104
4.393,7.567E-3,-9.704E-2
4.446,-3.240E-2,-0.107
4.498,-4.718E-3,-0.103
4.551,6.600E-3,-0.108
4.604,9.888E-3,-0.118
4.657,9.920E-3,-0.127
4.710,-2.579E-3,-8.777E-2
4.763,-3.346E-3,-9.369E-2
4.816,-4.227E-3,-0.102
4.869,-4.130E-3,-0.109
4.922,-2.312E-3,-0.115
4.975,-1.497E-3,-0.113
5.028,-9.641E-4,-0.106
5.081,-8.778E-4,-9.648E-2
5.134,-1.864E-3,-9.692E-2
5.186,-1.481E-3,-9.781E-2
5.239,8.746E-5,-0.104
5.292,3.011E-3,-0.111
5.345,,
5.398,,
5.451,,
5.504,-4.061E-3,-0.108
5.557,1.489E-3,-0.101
5.610,4.588E-3,-0.112
5.663,8.444E-3,-0.104
5.716,-2.437E-2,-9.000E-2
5.769,-2.192E-2,-9.889E-2
5.822,-2.668E-3,-0.101
5.874,6.265E-3,-0.113
5.927,5.191E-3,-0.108
5.980,-1.235E-2,-0.115
6.033,-1.108E-2,-0.105
6.086,-9.313E-3,-0.112
6.139,-7.280E-3,-0.128
6.192,1.124E-2,-0.131
6.245,2.842E-3,-0.127
6.298,-1.646E-2,-0.109
6.351,9.062E-3,-0.128
6.404,4.345E-3,-0.124
6.457,4.274E-3,-0.115
6.510,4.391E-3,-0.106
6.562,7.009E-3,-9.679E-2
6.615,-3.253E-2,-0.104
6.668,3.423E-3,-9.829E-2
6.721,-3.665E-4,-0.115
6.774,1.364E-2,-0.119
6.827,2.201E-2,-0.128
6.880,1.063E-2,-0.103
6.933,1.071E-2,-0.109
6.986,-1.611E-2,-8.776E-2
7.039,-1.610E-2,-9.215E-2
7.092,1.249E-2,-0.117
7.145,-1.164E-2,-0.115
7.198,1.040E-2,-0.115
7.250,1.107E-2,-0.119
7.303,-1.059E-3,-0.117
7.356,8.714E-3,-0.119
7.409,9.368E-3,-0.113
7.462,9.915E-5,-0.109
7.515,-3.251E-2,-0.103
7.568,-1.171E-2,-0.105
7.621,5.592E-3,-0.111
7.674,1.126E-2,-0.121
7.727,-1.917E-2,-0.101
7.780,,
7.833,,
7.886,,
7.938,,
7.991,6.767E-3,-0.115
8.044,,
8.097,8.233E-3,-0.105
8.150,8.613E-3,-9.706E-2
8.203,1.020E-2,-9.642E-2
8.256,1.016E-2,-0.109
8.309,8.867E-3,-0.118
8.362,7.067E-3,-0.126
8.415,3.821E-3,-0.104
8.468,4.788E-3,-0.127
8.521,4.669E-3,-0.118
8.574,-2.679E-2,-9.642E-2
8.626,-3.115E-2,-9.740E-2
8.679,-1.520E-2,-9.965E-2
8.732,-1.408E-3,-0.106
8.785,2.071E-5,-0.121
8.838,4.190E-3,-0.130
8.891,-1.792E-2,-0.120
8.944,-2.167E-2,-0.122
8.997,,
9.050,-8.593E-3,-0.130
9.103,-3.261E-3,-0.115
9.156,-2.842E-2,-8.424E-2
9.209,-1.670E-2,-9.456E-2
9.262,5.323E-3,-9.448E-2
9.314,-2.257E-2,-0.129
9.367,-1.991E-3,-0.133
9.420,,
9.473,-1.115E-2,-0.141
9.526,-1.283E-2,-0.131
9.579,-8.294E-3,-0.120
9.632,5.733E-3,-0.114
9.685,,
9.738,,
9.791,-1.185E-2,-0.110
9.844,-2.748E-2,-0.118
9.897,,
9.950,-2.057E-2,-0.115
10.002,2.572E-3,-0.101
10.055,4.527E-3,-9.828E-2
10.108,-2.336E-3,-9.918E-2
10.161,-6.279E-3,-0.101
10.214,-3.677E-2,-9.855E-2
10.267,-1.141E-2,-9.808E-2
10.320,-2.175E-2,-0.126
10.373,-2.401E-3,-0.128
10.426,1.835E-4,-0.140
10.479,-5.507E-3,-0.123
10.532,-1.037E-2,-0.129
10.585,-9.413E-4,-0.119
10.638,-2.978E-2,-8.234E-2
10.690,-1.932E-2,-0.106
10.743,-2.144E-3,-0.112
10.796,-3.920E-3,-9.438E-2
10.849,-2.762E-3,-0.104
10.902,-3.376E-3,-0.109
10.955,-7.091E-3,-0.111
11.008,-1.227E-2,-0.102
11.061,-3.645E-2,-0.102
11.114,-6.486E-3,-9.880E-2
11.167,-2.693E-3,-0.117
11.220,-6.080E-3,-0.108
11.273,-7.910E-3,-0.117
11.326,-9.700E-3,-0.121
11.378,-1.369E-2,-0.117
11.431,-9.140E-3,-0.106
11.484,-4.366E-2,-0.102
11.537,-1.364E-2,-0.104
11.590,-2.499E-3,-8.570E-2
11.643,5.843E-3,-0.104
11.696,-6.623E-3,-0.127
11.749,,
11.802,,
11.855,1.883E-3,-0.119
11.908,8.699E-3,-0.103
11.961,9.498E-3,-9.303E-2
12.014,-2.829E-2,-0.114
12.066,1.617E-3,-0.114
12.119,1.233E-2,-0.124
12.172,1.541E-2,-0.134
12.225,1.055E-2,-0.112
12.278,1.082E-2,-0.119
12.331,5.416E-4,-0.133
12.384,1.109E-2,-0.128
12.437,4.728E-3,-0.112
12.490,8.979E-3,-9.976E-2
12.543,-3.670E-2,-8.768E-2
12.596,-2.030E-2,-8.824E-2
12.649,-2.368E-2,-9.299E-2
12.702,1.690E-2,-9.907E-2
12.754,1.661E-2,-0.105
12.807,1.606E-2,-0.110
12.860,-4.376E-2,-0.113
12.913,-2.434E-2,-0.114
12.966,-8.221E-3,-0.117
13.019,9.654E-3,-0.118
13.072,1.876E-2,-0.120
13.125,-1.470E-3,-0.110
13.178,2.237E-4,-0.116
13.231,-2.534E-2,-8.632E-2
13.284,-2.792E-2,-8.269E-2
13.337,-3.384E-2,-8.221E-2
13.390,-3.131E-2,-8.423E-2
13.442,-3.363E-2,-8.898E-2
13.495,-4.356E-2,-8.996E-2
13.548,-4.148E-2,-8.510E-2
13.601,-4.030E-2,-7.665E-2
13.654,-4.344E-2,-7.676E-2
13.707,-1.349E-3,-9.568E-2
13.760,1.876E-3,-9.156E-2
13.813,5.602E-3,-8.474E-2
13.866,4.900E-3,-0.110
13.919,-3.380E-3,-0.109
13.972,-1.478E-2,-0.108
14.025,-3.097E-2,-0.108
14.078,-3.028E-2,-0.113
14.130,-2.018E-2,-0.117
14.183,-5.722E-3,-0.107
14.236,-1.158E-2,-0.109
14.289,-2.449E-2,-0.105
14.342,-2.480E-2,-8.778E-2
14.395,-3.086E-2,-9.881E-2
14.448,-2.145E-2,-0.109
14.501,3.514E-3,-0.111
14.554,-3.109E-2,-0.129
14.607,-2.162E-2,-0.104
14.660,-2.126E-2,-0.120
14.713,-6.423E-3,-8.468E-2
14.766,-1.526E-2,-8.929E-2
14.818,-2.087E-2,-0.111
14.871,-3.888E-3,-0.117
14.924,-2.517E-2,-0.125
14.977,-4.733E-3,-0.118
15.030,-3.811E-3,-0.122
15.083,-2.306E-2,-8.681E-2
15.136,-7.270E-3,-8.153E-2
15.189,-1.772E-2,-9.447E-2
15.242,9.429E-3,-8.775E-2
15.295,1.175E-2,-9.737E-2
15.348,1.308E-2,-0.106
15.401,1.371E-2,-0.112
15.454,1.400E-2,-0.119
15.506,1.376E-2,-0.125
15.559,-3.109E-2,-0.123
15.612,-2.895E-2,-0.118
15.665,1.112E-2,-0.122
15.718,-2.146E-2,-9.840E-2
15.771,-2.151E-3,-9.596E-2
15.824,-1.034E-2,-9.910E-2
15.877,-9.236E-3,-0.116
15.930,-2.571E-2,-0.108
15.983,-1.276E-2,-0.114
16.036,5.797E-3,-0.115
16.089,9.801E-3,-0.122
16.142,6.460E-3,-0.114
16.194,6.755E-3,-9.878E-2
16.247,-7.091E-3,-0.114
16.300,6.877E-3,-0.103
16.353,4.295E-3,-8.840E-2
16.406,4.295E-3,-8.840E-2
16.459,9.491E-3,-0.102
16.512,1.125E-2,-0.108
16.565,1.269E-2,-0.113
16.618,3.816E-3,-0.105
16.671,2.439E-3,-0.105
16.724,2.531E-3,-0.101
16.777,3.177E-3,-9.885E-2
16.830,4.698E-4,-9.847E-2
16.882,-2.935E-2,-0.109
16.935,4.224E-3,-9.653E-2
16.988,-1.753E-2,-0.119
17.041,1.061E-3,-0.121
17.094,1.188E-3,-0.103
17.147,1.915E-4,-0.111
17.200,-5.148E-3,-0.116
17.253,3.814E-4,-0.120
17.306,-9.789E-4,-0.111
17.359,-3.230E-3,-0.104
17.412,-3.100E-2,-0.112
17.465,-1.798E-2,-0.121
17.518,-1.358E-4,-0.127
17.570,-5.098E-4,-0.137
17.623,-4.494E-3,-0.109
17.676,-6.150E-3,-0.134
17.729,-5.797E-3,-0.114
17.782,-3.679E-3,-0.108
17.835,-1.019E-2,-9.949E-2
17.888,-7.626E-3,-8.611E-2
17.941,-2.587E-2,-0.113
17.994,-1.100E-3,-0.113
18.047,-3.304E-4,-0.125
18.100,-9.260E-3,-0.106
18.153,-1.012E-2,-0.118
18.206,-3.406E-3,-0.123
18.258,-1.565E-2,-0.118
18.311,-1.771E-2,-0.108
18.364,-3.074E-2,-0.106
18.417,2.496E-3,-9.929E-2
18.470,2.169E-3,-0.115
18.523,3.304E-3,-0.126
18.576,-2.867E-3,-0.110
18.629,-3.539E-3,-0.122
18.682,-1.767E-3,-0.128
18.735,-9.209E-3,-0.126
18.788,-5.375E-3,-0.118
18.841,-2.824E-2,-0.112
18.894,-2.359E-2,-9.713E-2
18.946,-7.187E-3,-9.330E-2
18.999,3.485E-4,-0.109
19.052,1.798E-4,-9.131E-2
19.105,5.654E-3,-0.135
19.158,6.569E-3,-0.118
19.211,1.740E-3,-0.125
19.264,-1.134E-2,-0.136
19.317,-6.504E-4,-0.121
19.370,-1.353E-2,-0.109
19.423,4.265E-3,-0.103
19.476,-1.862E-2,-0.108
19.529,4.228E-3,-0.111
19.582,5.183E-3,-9.709E-2
19.634,5.943E-3,-0.109
19.687,5.922E-3,-0.119
19.740,4.744E-3,-0.128
19.793,-2.531E-2,-8.279E-2
19.846,-2.724E-2,-8.451E-2
19.899,-6.300E-3,-0.120
19.952,,
20.005,-2.699E-2,-8.204E-2
20.058,-2.923E-2,-0.100
20.111,-2.130E-2,-0.106
20.164,-1.287E-2,-0.112
20.217,-1.360E-2,-0.118
20.270,,
20.322,-1.420E-2,-0.113
20.375,-1.510E-2,-0.105
20.428,-1.550E-2,-9.668E-2
20.481,-3.078E-2,-9.984E-2
20.534,-2.833E-2,-0.108
20.587,-2.446E-2,-0.115
20.640,-2.208E-2,-0.126
20.693,,
20.746,-4.010E-2,-0.128
20.799,-4.433E-2,-0.115
20.852,-3.985E-2,-9.218E-2
20.905,-4.505E-2,-0.109
20.958,-3.359E-2,-0.118
21.010,-1.751E-2,-0.123
21.063,-4.245E-2,-0.141
21.116,-3.132E-2,-0.143
21.169,-3.542E-2,-0.143
21.222,-3.668E-2,-0.133
21.275,-3.298E-2,-0.119
21.328,-2.728E-2,-0.102
21.381,-2.371E-2,-8.651E-2
21.434,2.169E-3,-7.655E-2
21.487,5.564E-3,-9.187E-2
21.540,3.854E-3,-0.110
21.593,-3.650E-2,-0.118
21.646,-2.918E-2,-0.117
21.698,-2.666E-2,-0.112
21.751,-2.475E-2,-0.104
21.804,-2.085E-2,-9.157E-2
21.857,-1.638E-2,-9.556E-2
21.910,6.705E-3,-9.576E-2
21.963,9.411E-3,-0.107
22.016,9.910E-3,-0.118
22.069,9.395E-3,-0.126
22.122,5.691E-3,-0.113
22.175,-1.019E-2,-0.124
22.228,-2.525E-3,-0.113
22.281,-2.753E-2,-0.104
22.334,-1.479E-2,-0.100
22.386,-1.251E-2,-9.940E-2
22.439,-6.226E-3,-0.106
22.492,9.045E-3,-0.111
22.545,1.044E-2,-0.118
22.598,-4.596E-2,-0.110
22.651,-3.325E-2,-0.107
22.704,-3.720E-3,-0.112
22.757,-9.496E-4,-0.107
22.810,7.477E-3,-0.101
22.863,4.053E-3,-9.028E-2
22.916,1.068E-2,-0.103
22.969,4.717E-3,-9.200E-2
23.022,4.956E-3,-9.701E-2
23.074,5.171E-3,-0.106
23.127,4.283E-3,-0.114
23.180,1.635E-3,-0.118
23.233,-1.471E-3,-0.119
23.286,-3.406E-3,-0.117
23.339,-4.711E-3,-0.114
23.392,,
23.445,,
23.498,-4.586E-2,-9.771E-2
23.551,-4.582E-2,-9.158E-2
23.604,-1.696E-2,-8.531E-2
23.657,-1.379E-2,-0.101
23.710,-1.153E-2,-0.115
23.762,-9.448E-3,-0.113
23.815,-3.261E-2,-0.121
23.868,-4.134E-2,-0.114
23.921,-3.864E-2,-0.107
23.974,-3.381E-2,-9.393E-2
24.027,-2.622E-2,-9.001E-2
24.080,-1.507E-2,-9.874E-2
24.133,-1.908E-2,-0.124
24.186,-4.232E-3,-0.125
24.239,-5.134E-3,-0.136
24.292,,
24.345,-3.225E-2,-0.132
24.398,-1.649E-2,-0.128
24.450,-1.363E-2,-0.115
24.503,-3.391E-2,-0.107
24.556,-5.387E-3,-0.103
24.609,2.672E-3,-0.111
24.662,4.733E-3,-0.122
24.715,5.936E-3,-0.131
24.768,-4.355E-2,-0.124
24.821,-1.890E-2,-0.126
24.874,-4.041E-2,-0.114
24.927,-1.748E-2,-0.113
24.980,-1.351E-2,-9.967E-2
25.033,-1.782E-2,-9.560E-2
25.086,-5.751E-3,-9.953E-2
25.138,1.267E-2,-1.000E-1
25.191,1.213E-2,-0.108
25.244,1.128E-2,-0.117
25.297,3.804E-3,-9.561E-2
25.350,2.936E-3,-0.100
25.403,1.903E-3,-0.104
25.456,3.398E-4,-0.106
25.509,3.238E-4,-0.105
25.562,-4.125E-2,-0.111
25.615,-4.130E-2,-9.430E-2
25.668,-3.954E-2,-0.100
25.721,-3.447E-3,-0.115
25.774,3.482E-3,-0.108
25.826,7.670E-3,-0.104
25.879,4.379E-3,-9.848E-2
25.932,4.962E-3,-0.101
25.985,5.375E-3,-0.107
26.038,4.372E-3,-0.110
26.091,3.005E-3,-0.108
26.144,-2.757E-2,-0.107
26.197,-4.468E-2,-9.495E-2
26.250,-2.444E-2,-9.576E-2
26.303,-3.023E-2,-0.117
26.356,2.804E-3,-9.195E-2
26.409,3.956E-3,-0.103
26.462,3.526E-3,-0.113
26.514,-3.270E-4,-0.117
26.567,1.632E-3,-0.119
26.620,-4.148E-2,-0.108
26.673,-1.536E-2,-0.106
26.726,-1.580E-2,-9.865E-2
26.779,2.579E-3,-0.101
26.832,4.498E-3,-8.985E-2
26.885,3.762E-3,-9.975E-2
26.938,3.159E-3,-0.110
26.991,2.549E-3,-0.120
27.044,-1.949E-3,-0.123
27.097,-4.081E-2,-0.116
27.150,-4.740E-3,-0.122
27.202,-4.591E-2,-0.105
27.255,9.769E-4,-0.103
27.308,1.392E-3,-9.447E-2
27.361,-3.595E-2,-0.116
27.414,-3.069E-3,-0.109
27.467,-4.764E-4,-0.124
27.520,-6.843E-3,-0.122
27.573,-1.510E-2,-0.127
27.626,-4.449E-2,-0.114
27.679,-4.450E-2,-0.103
27.732,-6.356E-3,-9.064E-2
27.785,-4.596E-2,-0.109
27.838,-1.774E-2,-0.105
27.890,-1.049E-2,-0.117
27.943,-9.291E-3,-0.129
27.996,-2.103E-2,-0.121
28.049,-2.946E-2,-0.126
28.102,-2.969E-2,-0.112
28.155,-4.331E-2,-0.105
28.208,-4.043E-2,-9.416E-2
28.261,-4.159E-2,-9.142E-2
28.314,-4.597E-2,-0.110
28.367,-2.344E-2,-0.107
28.420,-1.572E-2,-0.123
28.473,-4.743E-4,-0.128
28.526,-1.544E-2,-0.119
28.578,-1.908E-2,-0.118
28.631,-1.174E-2,-0.118
28.684,2.102E-3,-0.114
28.737,-4.599E-2,-0.112
28.790,-2.239E-2,-0.112
28.843,1.838E-3,-0.114
28.896,2.704E-3,-0.126
28.949,,
29.002,-3.981E-2,-0.126
29.055,-4.427E-2,-0.106
29.108,-4.288E-2,-9.655E-2
29.161,-3.670E-2,-9.764E-2
29.214,-1.375E-3,-9.215E-2
29.266,-1.426E-2,-8.062E-2
29.319,-8.219E-3,-9.057E-2
29.372,7.635E-4,-9.730E-2
29.425,-3.854E-4,-0.108
29.478,-1.196E-2,-0.118
29.531,3.791E-3,-0.110
29.584,-3.567E-4,-0.110
29.637,-1.043E-3,-0.108
29.690,-3.007E-3,-0.107
29.743,-3.881E-3,-0.103
29.796,-5.357E-3,-9.780E-2
29.849,-3.112E-2,-0.100
29.902,-5.423E-3,-8.255E-2
29.954,-8.083E-3,-8.160E-2
30.007,-7.785E-3,-8.654E-2
30.060,-7.262E-3,-9.594E-2
30.113,-7.174E-3,-0.104
30.166,-8.818E-3,-0.109
30.219,-1.004E-2,-0.108
30.272,-1.089E-2,-0.104
30.325,-1.185E-2,-9.868E-2
30.378,-3.461E-2,-0.108
30.431,-1.699E-2,-8.300E-2
30.484,-1.863E-2,-8.816E-2
30.537,-1.886E-2,-9.929E-2
30.590,-2.433E-2,-0.114
30.642,-1.628E-2,-0.116
30.695,,
30.748,-3.891E-2,-0.107
30.801,-2.305E-2,-9.046E-2
30.854,-1.192E-2,-8.230E-2
30.907,-2.488E-2,-0.112
30.960,-1.431E-2,-0.124
31.013,-3.783E-3,-0.129
31.066,,
31.119,,
31.172,,
31.225,-5.429E-3,-8.815E-2
31.278,-6.565E-3,-8.557E-2
31.330,-9.219E-3,-9.306E-2
31.383,-4.029E-2,-0.110
31.436,-1.031E-2,-9.991E-2
31.489,-3.859E-2,-0.108
31.542,-3.775E-2,-0.102
31.595,-1.805E-2,-0.104
31.648,-1.064E-2,-0.115
31.701,-1.408E-2,-0.111
31.754,-1.111E-2,-0.116
31.807,-1.061E-2,-0.122
31.860,-1.020E-2,-0.112
31.913,-2.758E-2,-0.106
31.966,-1.020E-2,-8.899E-2
32.018,-2.821E-2,-9.984E-2
32.071,-1.008E-2,-0.102
32.124,-6.318E-3,-0.114
32.177,-5.089E-3,-0.122
32.230,-9.795E-3,-0.119
32.283,-1.037E-2,-0.120
32.336,-1.050E-2,-0.114
32.389,-4.021E-2,-0.109
32.442,-3.324E-2,-9.544E-2
32.495,-3.104E-2,-8.831E-2
32.548,-6.791E-3,-8.473E-2
32.601,-1.452E-3,-9.820E-2
32.654,-4.879E-3,-9.156E-2
32.706,-4.086E-3,-0.103
32.759,-3.840E-2,-0.115
32.812,-6.861E-4,-0.112
32.865,-3.481E-2,-0.109
32.918,-1.102E-4,-0.100
32.971,-2.234E-2,-0.107
33.024,-1.200E-3,-0.108
33.077,1.274E-3,-0.117
33.130,-4.351E-2,-0.114
33.183,-8.509E-3,-0.118
33.236,-7.567E-3,-0.109
33.289,-9.553E-3,-9.886E-2
33.342,2.088E-3,-9.209E-2
33.394,-3.950E-2,-0.105
33.447,-3.296E-3,-9.955E-2
33.500,1.777E-3,-0.111
33.553,6.316E-4,-0.108
33.606,-3.650E-4,-0.110
33.659,-1.827E-3,-0.110
33.712,-2.314E-3,-0.105
33.765,-1.790E-3,-9.789E-2
33.818,-7.040E-4,-9.281E-2
33.871,3.723E-4,-8.861E-2
33.924,-2.429E-2,-9.839E-2
33.977,-2.069E-2,-0.106
34.030,1.898E-3,-9.764E-2
34.082,5.795E-4,-0.103
34.135,-9.801E-4,-0.110
34.188,-9.136E-4,-0.105
34.241,-9.418E-4,-0.112
34.294,-2.142E-3,-0.118
34.347,-4.747E-3,-0.118
34.400,-6.154E-3,-0.114
34.453,-8.136E-3,-0.108
34.506,-8.443E-3,-0.103
34.559,-6.835E-3,-9.558E-2
34.612,-3.230E-2,-0.109
34.665,-1.243E-2,-0.110
34.718,-1.079E-2,-0.122
34.770,-6.053E-3,-0.133
34.823,,
34.876,-1.147E-2,-0.123
34.929,-2.688E-2,-0.109
34.982,-6.299E-3,-0.101
35.035,-9.853E-3,-0.104
35.088,-1.296E-2,-0.107
35.141,,
35.194,-2.657E-2,-0.113
35.247,-3.797E-2,-0.103
35.300,-3.857E-2,-8.835E-2
35.353,-3.581E-2,-9.214E-2
35.406,-2.826E-2,-0.104
35.458,-2.712E-2,-0.123
35.511,-2.229E-2,-0.133
35.564,-2.471E-2,-0.130
35.617,-2.789E-2,-0.122
35.670,-2.685E-2,-0.121
35.723,-2.423E-2,-0.107
35.776,-2.600E-2,-8.460E-2
35.829,-2.498E-2,-7.545E-2
35.882,-3.966E-2,-0.105
35.935,-2.261E-2,-0.106
35.988,-2.788E-2,-0.132
36.041,-1.377E-2,-0.136
36.094,-2.016E-2,-0.132
36.146,-2.366E-2,-0.131
36.199,-1.764E-2,-0.124
36.252,-1.185E-2,-0.110
36.305,-1.211E-2,-9.257E-2
36.358,-1.358E-2,-8.135E-2
36.411,-1.190E-2,-8.254E-2
36.464,-1.009E-2,-0.111
36.517,-7.056E-3,-0.128
36.570,-7.129E-3,-0.123
36.623,-1.131E-2,-0.128
36.676,-4.575E-2,-8.578E-2
36.729,-3.101E-2,-9.130E-2
36.782,-7.166E-3,-9.907E-2
36.834,5.068E-4,-8.923E-2
36.887,-7.470E-4,-8.838E-2
36.940,-1.243E-3,-8.857E-2
36.993,-3.699E-3,-9.264E-2
37.046,-3.450E-3,-0.102
37.099,-7.309E-3,-0.109
37.152,-1.391E-2,-0.109
37.205,-5.360E-3,-0.107
37.258,-2.625E-4,-0.104
37.311,1.679E-3,-9.846E-2
37.364,2.192E-3,-9.419E-2
37.417,3.159E-3,-9.505E-2
37.469,6.323E-3,-0.101
37.522,5.476E-3,-0.106
37.575,3.360E-3,-0.111
37.628,-1.111E-3,-0.113
37.681,-3.754E-2,-8.569E-2
37.734,-3.662E-3,-0.113
37.787,-4.059E-3,-0.109
37.840,-5.108E-3,-0.104
37.893,-4.589E-2,-0.102
37.946,-1.659E-2,-9.750E-2
37.999,-4.797E-3,-9.102E-2
38.052,-4.454E-3,-9.788E-2
38.105,-1.345E-3,-0.112
38.157,-1.645E-3,-0.124
38.210,-4.087E-3,-0.132
38.263,-1.257E-2,-0.130
38.316,-1.356E-2,-0.129
38.369,-1.325E-2,-0.108
38.422,-1.398E-2,-9.988E-2
38.475,-3.374E-2,-9.948E-2
38.528,-1.862E-2,-0.106
38.581,-1.597E-2,-0.120
38.634,-1.831E-2,-0.129
38.687,-2.008E-2,-0.123
38.740,-2.973E-2,-0.124
38.793,-2.999E-2,-0.115
38.845,-3.093E-2,-0.102
38.898,-2.918E-2,-7.960E-2
38.951,-3.306E-2,-8.662E-2
39.004,-3.280E-2,-0.127
39.057,-1.571E-2,-0.136
39.110,-8.723E-3,-0.145
39.163,-4.183E-2,-7.854E-2
39.216,-6.856E-3,-0.138
39.269,-2.534E-2,-0.136
39.322,-1.371E-2,-0.112
39.375,-3.394E-2,-0.107
39.428,-4.498E-3,-0.101
39.481,-1.702E-3,-8.984E-2
39.533,-4.101E-5,-0.104
39.586,2.150E-4,-0.118
39.639,-4.578E-2,-8.689E-2
39.692,-4.096E-2,-7.825E-2
39.745,5.490E-4,-0.113
39.798,-1.534E-2,-8.292E-2
39.851,-5.035E-3,-9.249E-2
39.904,4.595E-3,-8.237E-2
39.957,4.516E-3,-8.844E-2
40.010,3.662E-3,-9.271E-2
40.063,-2.132E-3,-9.824E-2
40.116,-3.651E-3,-0.100
40.169,-3.032E-3,-9.801E-2
40.221,-3.699E-3,-9.605E-2
40.274,-4.742E-3,-9.558E-2
40.327,-9.160E-3,-9.807E-2
40.380,-9.615E-3,-9.967E-2
40.433,-1.329E-2,-0.101
40.486,-1.285E-2,-9.861E-2
40.539,-1.657E-2,-9.454E-2
40.592,-1.723E-2,-9.484E-2
40.645,-2.169E-2,-0.107
40.698,-2.192E-2,-0.114
40.751,-2.192E-2,-0.114
40.804,-4.602E-2,-0.116
40.857,-4.181E-2,-0.100
40.909,-4.587E-2,-9.923E-2
40.962,-4.370E-2,-0.123
41.015,-1.755E-2,-0.122
41.068,-5.931E-3,-0.131
41.121,-1.377E-2,-0.130
41.174,-1.630E-2,-0.128
41.227,-1.390E-2,-0.120
41.280,-3.779E-2,-0.100
41.333,-3.142E-2,-9.764E-2
41.386,-3.650E-2,-0.120
41.439,-2.835E-3,-0.117
41.492,-1.399E-2,-0.134
41.545,-4.582E-2,-9.369E-2
41.597,-1.035E-3,-0.123
41.650,-2.833E-3,-0.111
41.703,-4.579E-2,-8.831E-2
41.756,-2.811E-2,-8.936E-2
41.809,-1.450E-4,-7.606E-2
41.862,2.412E-3,-9.897E-2
41.915,5.029E-3,-9.626E-2
41.968,6.141E-3,-0.103
42.021,5.459E-3,-0.109
42.074,2.853E-3,-0.112
42.127,2.124E-3,-0.113
42.180,5.999E-3,-0.112
42.233,2.150E-3,-0.112
42.285,1.316E-3,-0.106
42.338,2.649E-3,-9.699E-2
42.391,2.356E-3,-9.451E-2
42.444,6.803E-3,-0.114
42.497,1.103E-3,-9.522E-2
42.550,5.428E-4,-9.545E-2
42.603,-8.174E-4,-9.751E-2
42.656,-2.760E-3,-9.768E-2
42.709,-4.300E-3,-9.651E-2
42.762,-6.072E-3,-9.601E-2
42.815,-7.889E-3,-9.782E-2
42.868,-9.249E-3,-0.110
42.921,-1.437E-2,-0.123
42.973,-8.187E-3,-0.131
43.026,-1.550E-2,-0.127
43.079,-1.660E-2,-0.129
43.132,-1.427E-2,-0.114
43.185,-1.012E-2,-9.608E-2
43.238,-3.890E-2,-0.102
43.291,-8.100E-3,-9.591E-2
43.344,-7.985E-3,-0.110
43.397,-5.575E-3,-0.117
43.450,-1.172E-2,-0.117
43.503,-5.025E-3,-0.115
43.556,,
43.609,-4.545E-2,-0.105
43.661,-4.016E-2,-9.540E-2
43.714,-3.702E-2,-9.436E-2
43.767,-4.079E-2,-9.669E-2
43.820,-1.372E-2,-8.482E-2
43.873,-1.140E-2,-9.945E-2
43.926,-9.145E-3,-0.115
43.979,-7.983E-3,-0.127
44.032,-1.037E-2,-0.134
44.085,,
44.138,,
44.191,-1.043E-4,-9.920E-2
44.244,-6.062E-3,-9.423E-2
44.297,-8.093E-3,-9.506E-2
44.349,-8.662E-3,-0.106
44.402,-8.417E-3,-0.120
44.455,-9.055E-3,-0.135
44.508,-1.977E-2,-0.112
44.561,-1.689E-2,-0.141
44.614,-1.567E-2,-0.129
44.667,-1.421E-2,-0.117
44.720,-6.225E-3,-0.100
44.773,-4.976E-3,-9.063E-2
44.826,-3.173E-2,-8.586E-2
44.879,-9.997E-3,-8.208E-2
44.932,-6.496E-3,-9.740E-2
44.985,-1.157E-3,-0.115
45.037,4.805E-4,-0.129
45.090,-1.467E-3,-0.137
45.143,-3.958E-3,-0.136
45.196,-8.952E-4,-0.126
45.249,2.369E-3,-0.118
45.302,-4.590E-2,-0.101
45.355,-4.420E-2,-0.115
45.408,-1.665E-2,-0.109
45.461,-2.205E-3,-0.117
45.514,-8.907E-5,-0.130
45.567,1.151E-3,-0.138
45.620,5.423E-4,-0.129
45.673,-2.057E-3,-0.126
45.725,-1.074E-2,-0.115
45.778,-3.335E-3,-0.109
45.831,-3.424E-2,-0.113
45.884,-5.786E-3,-8.893E-2
45.937,-9.759E-3,-8.633E-2
45.990,-3.565E-3,-9.983E-2
46.043,-1.220E-3,-0.115
46.096,-9.193E-4,-0.109
46.149,4.071E-4,-0.120
46.202,1.067E-3,-0.126
46.255,-3.841E-3,-0.127
46.308,-2.656E-3,-0.120
46.361,-1.348E-3,-0.108
46.413,-4.627E-3,-9.913E-2
46.466,-3.267E-2,-9.502E-2
46.519,-1.218E-2,-9.460E-2
46.572,-3.921E-3,-0.111
46.625,1.486E-3,-0.125
46.678,4.268E-3,-0.134
46.731,2.039E-3,-0.131
46.784,-4.576E-2,-8.688E-2
46.837,-2.785E-2,-9.047E-2
46.890,-2.413E-2,-8.934E-2
46.943,-2.284E-2,-8.385E-2
46.996,-2.922E-3,-9.754E-2
47.049,1.646E-3,-0.110
47.101,3.728E-3,-0.125
47.154,-2.126E-2,-0.101
47.207,8.887E-4,-0.132
47.260,-2.375E-2,-0.104
47.313,5.348E-3,-0.124
47.366,1.082E-3,-0.114
47.419,-4.577E-2,-0.112
47.472,-3.046E-2,-0.116
47.525,-2.677E-2,-0.123
47.578,-3.728E-2,-0.127
47.631,-5.921E-3,-0.105
47.684,-3.615E-2,-0.123
47.737,-2.495E-2,-0.110
47.789,1.218E-3,-9.342E-2
47.842,3.787E-3,-0.105
47.895,6.596E-3,-0.116
47.948,9.499E-3,-0.122
48.001,-2.509E-2,-9.639E-2
48.054,3.404E-3,-0.118
48.107,3.786E-3,-0.115
48.160,3.492E-3,-0.107
