,mass A,,
t,x,y,
0.000,3.415E-3,-9.052E-2
0.037,3.461E-3,-9.024E-2
0.073,3.547E-3,-8.991E-2
0.110,3.570E-3,-8.957E-2
0.147,3.692E-3,-8.929E-2
0.183,3.781E-3,-8.884E-2
0.220,3.773E-3,-8.849E-2
0.257,3.784E-3,-8.812E-2
0.293,3.942E-3,-8.776E-2
0.330,4.082E-3,-8.728E-2
0.367,4.028E-3,-8.692E-2
0.404,4.113E-3,-8.636E-2
0.440,4.073E-3,-8.564E-2
0.477,4.096E-3,-8.493E-2
0.514,4.112E-3,-8.415E-2
0.550,4.037E-3,-8.339E-2
0.587,3.890E-3,-8.254E-2
0.624,3.763E-3,-8.190E-2
0.660,3.766E-3,-8.142E-2
0.697,3.688E-3,-8.108E-2
0.734,3.624E-3,-8.079E-2
0.770,3.495E-3,-8.078E-2
0.807,3.379E-3,-8.079E-2
0.844,3.242E-3,-8.063E-2
0.880,3.125E-3,-8.059E-2
0.917,3.010E-3,-8.060E-2
0.954,2.839E-3,-8.086E-2
0.990,2.792E-3,-8.121E-2
1.027,2.744E-3,-8.157E-2
1.064,2.718E-3,-8.185E-2
1.101,2.665E-3,-8.209E-2
1.137,2.634E-3,-8.242E-2
1.174,2.684E-3,-8.284E-2
1.211,2.803E-3,-8.327E-2
1.247,2.808E-3,-8.358E-2
1.284,2.894E-3,-8.388E-2
1.321,2.883E-3,-8.429E-2
1.357,2.879E-3,-8.475E-2
1.394,2.909E-3,-8.520E-2
1.431,2.945E-3,-8.582E-2
1.467,2.884E-3,-8.649E-2
1.504,2.844E-3,-8.733E-2
1.541,2.828E-3,-8.817E-2
1.577,2.748E-3,-8.880E-2
1.614,2.712E-3,-8.935E-2
1.651,2.768E-3,-8.982E-2
1.688,2.797E-3,-9.008E-2
1.724,2.657E-3,-9.034E-2
1.761,2.696E-3,-9.046E-2
1.798,2.706E-3,-9.048E-2
1.834,2.704E-3,-9.052E-2
1.871,2.605E-3,-9.050E-2
1.908,2.468E-3,-9.053E-2
1.944,2.473E-3,-9.047E-2
1.981,2.421E-3,-9.015E-2
2.018,2.421E-3,-8.988E-2
2.054,2.470E-3,-8.944E-2
2.091,2.426E-3,-8.910E-2
2.128,2.475E-3,-8.873E-2
2.164,2.555E-3,-8.826E-2
2.201,2.493E-3,-8.772E-2
2.238,2.503E-3,-8.719E-2
2.274,2.521E-3,-8.662E-2
2.311,2.571E-3,-8.606E-2
2.348,2.535E-3,-8.555E-2
2.385,2.545E-3,-8.501E-2
2.421,2.631E-3,-8.449E-2
2.458,2.632E-3,-8.406E-2
2.495,2.769E-3,-8.364E-2
2.531,2.883E-3,-8.323E-2
2.568,2.872E-3,-8.299E-2
2.605,2.976E-3,-8.269E-2
2.641,2.999E-3,-8.244E-2
2.678,3.075E-3,-8.213E-2
2.715,3.255E-3,-8.172E-2
2.751,3.245E-3,-8.126E-2
2.788,3.309E-3,-8.082E-2
2.825,3.350E-3,-8.057E-2
2.861,3.406E-3,-8.013E-2
2.898,3.450E-3,-7.968E-2
2.935,3.458E-3,-7.926E-2
2.971,3.462E-3,-7.861E-2
3.008,3.468E-3,-7.803E-2
3.045,3.430E-3,-7.745E-2
3.082,3.380E-3,-7.683E-2
3.118,3.354E-3,-7.622E-2
3.155,3.317E-3,-7.585E-2
3.192,3.214E-3,-7.555E-2
3.228,3.245E-3,-7.542E-2
3.265,3.149E-3,-7.539E-2
3.302,3.123E-3,-7.540E-2
3.338,3.225E-3,-7.556E-2
3.375,3.220E-3,-7.585E-2
3.412,3.297E-3,-7.613E-2
3.448,3.287E-3,-7.640E-2
3.485,3.322E-3,-7.666E-2
3.522,3.312E-3,-7.712E-2
3.558,3.308E-3,-7.760E-2
3.595,3.224E-3,-7.808E-2
3.632,3.275E-3,-7.853E-2
3.668,3.215E-3,-7.904E-2
3.705,3.208E-3,-7.947E-2
3.742,3.152E-3,-8.004E-2
3.779,3.190E-3,-8.051E-2
3.815,3.152E-3,-8.118E-2
3.852,3.182E-3,-8.197E-2
3.889,3.123E-3,-8.274E-2
3.925,3.089E-3,-8.335E-2
3.962,3.098E-3,-8.404E-2
3.999,3.081E-3,-8.467E-2
4.035,3.074E-3,-8.517E-2
4.072,2.952E-3,-8.552E-2
4.109,2.899E-3,-8.608E-2
4.145,2.763E-3,-8.657E-2
4.182,2.583E-3,-8.688E-2
4.219,2.628E-3,-8.726E-2
4.255,2.474E-3,-8.753E-2
4.292,2.484E-3,-8.777E-2
4.329,2.468E-3,-8.809E-2
4.366,2.472E-3,-8.837E-2
4.402,2.458E-3,-8.858E-2
4.439,2.363E-3,-8.866E-2
4.476,2.346E-3,-8.859E-2
4.512,2.242E-3,-8.833E-2
4.549,2.132E-3,-8.812E-2
4.586,2.139E-3,-8.776E-2
4.622,2.122E-3,-8.716E-2
4.659,2.031E-3,-8.654E-2
4.696,2.025E-3,-8.610E-2
4.732,1.989E-3,-8.575E-2
4.769,1.948E-3,-8.548E-2
4.806,1.813E-3,-8.527E-2
4.842,1.728E-3,-8.497E-2
4.879,1.618E-3,-8.472E-2
4.916,1.624E-3,-8.439E-2
4.952,1.661E-3,-8.429E-2
4.989,1.696E-3,-8.415E-2
5.026,1.629E-3,-8.405E-2
5.063,1.608E-3,-8.369E-2
5.099,1.684E-3,-8.333E-2
5.136,1.734E-3,-8.303E-2
5.173,1.772E-3,-8.277E-2
5.209,1.808E-3,-8.249E-2
5.246,1.963E-3,-8.212E-2
5.283,1.930E-3,-8.186E-2
5.319,1.858E-3,-8.147E-2
5.356,1.912E-3,-8.109E-2
5.393,1.912E-3,-8.064E-2
5.429,1.944E-3,-8.019E-2
5.466,1.975E-3,-7.977E-2
5.503,1.976E-3,-7.938E-2
5.539,2.071E-3,-7.915E-2
5.576,2.057E-3,-7.903E-2
5.613,2.102E-3,-7.902E-2
5.649,2.155E-3,-7.916E-2
5.686,2.200E-3,-7.947E-2
5.723,2.296E-3,-7.978E-2
5.760,2.343E-3,-8.008E-2
5.796,2.310E-3,-8.043E-2
5.833,2.279E-3,-8.075E-2
5.870,2.290E-3,-8.115E-2
5.906,2.277E-3,-8.142E-2
5.943,2.242E-3,-8.153E-2
5.980,2.211E-3,-8.150E-2
6.016,2.238E-3,-8.142E-2
6.053,2.222E-3,-8.139E-2
6.090,2.153E-3,-8.129E-2
6.126,2.171E-3,-8.111E-2
6.163,2.116E-3,-8.105E-2
6.200,2.120E-3,-8.108E-2
6.236,2.112E-3,-8.130E-2
6.273,2.110E-3,-8.141E-2
6.310,2.072E-3,-8.157E-2
6.346,2.008E-3,-8.164E-2
6.383,1.965E-3,-8.178E-2
6.420,1.933E-3,-8.185E-2
6.457,2.009E-3,-8.203E-2
6.493,1.909E-3,-8.217E-2
6.530,1.974E-3,-8.234E-2
6.567,1.977E-3,-8.244E-2
6.603,1.966E-3,-8.236E-2
6.640,1.947E-3,-8.237E-2
6.677,1.918E-3,-8.234E-2
6.713,1.903E-3,-8.234E-2
6.750,1.836E-3,-8.230E-2
6.787,1.816E-3,-8.228E-2
6.823,1.801E-3,-8.228E-2
6.860,1.656E-3,-8.212E-2
6.897,1.620E-3,-8.207E-2
6.933,1.549E-3,-8.199E-2
6.970,1.382E-3,-8.190E-2
7.007,1.415E-3,-8.187E-2
7.043,1.352E-3,-8.184E-2
7.080,1.295E-3,-8.190E-2
7.117,1.299E-3,-8.185E-2
7.154,1.307E-3,-8.184E-2
7.190,1.394E-3,-8.189E-2
7.227,1.463E-3,-8.205E-2
7.264,1.482E-3,-8.239E-2
7.300,1.524E-3,-8.264E-2
7.337,1.646E-3,-8.293E-2
7.374,1.734E-3,-8.320E-2
7.410,1.659E-3,-8.360E-2
7.447,1.690E-3,-8.387E-2
7.484,1.634E-3,-8.416E-2
7.520,1.603E-3,-8.423E-2
7.557,1.552E-3,-8.426E-2
7.594,1.561E-3,-8.423E-2
7.630,1.524E-3,-8.406E-2
7.667,1.537E-3,-8.391E-2
7.704,1.505E-3,-8.372E-2
7.741,1.541E-3,-8.359E-2
7.777,1.540E-3,-8.352E-2
7.814,1.502E-3,-8.342E-2
7.851,1.546E-3,-8.325E-2
7.887,1.582E-3,-8.319E-2
7.924,1.581E-3,-8.324E-2
7.961,1.580E-3,-8.324E-2
7.997,1.549E-3,-8.332E-2
8.034,1.543E-3,-8.345E-2
8.071,1.553E-3,-8.361E-2
8.107,1.543E-3,-8.384E-2
8.144,1.507E-3,-8.408E-2
8.181,1.520E-3,-8.427E-2
8.217,1.571E-3,-8.446E-2
8.254,1.588E-3,-8.457E-2
8.291,1.603E-3,-8.462E-2
8.327,1.631E-3,-8.460E-2
8.364,1.700E-3,-8.444E-2
8.401,1.686E-3,-8.434E-2
8.438,1.654E-3,-8.417E-2
8.474,1.628E-3,-8.404E-2
8.511,1.679E-3,-8.388E-2
8.548,1.705E-3,-8.385E-2
8.584,1.679E-3,-8.398E-2
8.621,1.720E-3,-8.424E-2
8.658,1.726E-3,-8.457E-2
8.694,1.706E-3,-8.493E-2
8.731,1.708E-3,-8.521E-2
8.768,1.735E-3,-8.541E-2
8.804,1.740E-3,-8.549E-2
8.841,1.730E-3,-8.552E-2
8.878,1.752E-3,-8.553E-2
8.914,1.816E-3,-8.551E-2
8.951,1.830E-3,-8.557E-2
8.988,1.887E-3,-8.552E-2
9.024,1.898E-3,-8.550E-2
9.061,1.847E-3,-8.556E-2
9.098,1.766E-3,-8.558E-2
9.135,1.747E-3,-8.552E-2
9.171,1.691E-3,-8.543E-2
9.208,1.569E-3,-8.541E-2
9.245,1.579E-3,-8.541E-2
9.281,1.434E-3,-8.529E-2
9.318,1.400E-3,-8.512E-2
9.355,1.315E-3,-8.492E-2
9.391,1.316E-3,-8.476E-2
9.428,1.308E-3,-8.450E-2
9.465,1.317E-3,-8.423E-2
9.501,1.291E-3,-8.387E-2
9.538,1.343E-3,-8.355E-2
9.575,1.387E-3,-8.332E-2
9.611,1.370E-3,-8.303E-2
9.648,1.356E-3,-8.279E-2
9.685,1.432E-3,-8.258E-2
9.721,1.406E-3,-8.238E-2
9.758,1.307E-3,-8.219E-2
9.795,1.389E-3,-8.203E-2
9.832,1.312E-3,-8.199E-2
9.868,1.269E-3,-8.185E-2
9.905,1.321E-3,-8.160E-2
9.942,1.385E-3,-8.144E-2
9.978,1.291E-3,-8.124E-2
10.015,1.351E-3,-8.102E-2
10.052,1.367E-3,-8.102E-2
10.088,1.308E-3,-8.122E-2
10.125,1.337E-3,-8.142E-2
10.162,1.307E-3,-8.162E-2
10.198,1.385E-3,-8.178E-2
10.235,1.358E-3,-8.196E-2
10.272,1.350E-3,-8.212E-2
10.308,1.279E-3,-8.221E-2
10.345,1.341E-3,-8.227E-2
10.382,1.334E-3,-8.233E-2
10.419,1.315E-3,-8.231E-2
10.455,1.303E-3,-8.217E-2
10.492,1.374E-3,-8.197E-2
10.529,1.431E-3,-8.165E-2
10.565,1.477E-3,-8.140E-2
10.602,1.511E-3,-8.109E-2
10.639,1.543E-3,-8.082E-2
10.675,1.557E-3,-8.052E-2
10.712,1.649E-3,-8.024E-2
10.749,1.663E-3,-7.985E-2
10.785,1.744E-3,-7.967E-2
10.822,1.790E-3,-7.952E-2
10.859,1.803E-3,-7.949E-2
10.895,1.916E-3,-7.935E-2
10.932,1.989E-3,-7.922E-2
10.969,2.017E-3,-7.905E-2
11.005,2.128E-3,-7.889E-2
11.042,2.216E-3,-7.868E-2
11.079,2.325E-3,-7.854E-2
11.116,2.361E-3,-7.850E-2
11.152,2.354E-3,-7.842E-2
11.189,2.369E-3,-7.842E-2
11.226,2.348E-3,-7.847E-2
11.262,2.411E-3,-7.856E-2
11.299,2.355E-3,-7.868E-2
11.336,2.316E-3,-7.870E-2
11.372,2.299E-3,-7.870E-2
11.409,2.234E-3,-7.870E-2
11.446,2.198E-3,-7.871E-2
11.482,2.157E-3,-7.864E-2
11.519,2.161E-3,-7.857E-2
11.556,2.145E-3,-7.855E-2
11.592,2.217E-3,-7.854E-2
11.629,2.161E-3,-7.839E-2
11.666,2.178E-3,-7.844E-2
11.702,2.242E-3,-7.857E-2
11.739,2.226E-3,-7.874E-2
11.776,2.286E-3,-7.901E-2
11.813,2.293E-3,-7.933E-2
11.849,2.305E-3,-7.982E-2
11.886,2.264E-3,-8.043E-2
11.923,2.269E-3,-8.113E-2
11.959,2.280E-3,-8.196E-2
11.996,2.273E-3,-8.263E-2
12.033,2.230E-3,-8.334E-2
12.069,2.250E-3,-8.389E-2
12.106,2.216E-3,-8.447E-2
12.143,2.129E-3,-8.491E-2
12.179,2.135E-3,-8.521E-2
12.216,2.104E-3,-8.554E-2
12.253,2.096E-3,-8.586E-2
12.289,2.115E-3,-8.609E-2
12.326,2.166E-3,-8.634E-2
12.363,2.128E-3,-8.647E-2
12.399,2.085E-3,-8.642E-2
12.436,2.092E-3,-8.642E-2
12.473,2.080E-3,-8.644E-2
12.510,1.999E-3,-8.652E-2
12.546,1.970E-3,-8.665E-2
12.583,1.962E-3,-8.697E-2
12.620,1.970E-3,-8.705E-2
12.656,2.087E-3,-8.726E-2
12.693,2.174E-3,-8.745E-2
12.730,2.199E-3,-8.778E-2
12.766,2.176E-3,-8.807E-2
12.803,2.245E-3,-8.833E-2
12.840,2.313E-3,-8.860E-2
12.876,2.397E-3,-8.897E-2
12.913,2.502E-3,-8.930E-2
12.950,2.605E-3,-8.982E-2
12.986,2.703E-3,-9.033E-2
13.023,2.803E-3,-9.065E-2
13.060,2.935E-3,-9.082E-2
13.097,3.088E-3,-9.106E-2
13.133,3.137E-3,-9.117E-2
13.170,3.177E-3,-9.120E-2
13.207,3.247E-3,-9.131E-2
13.243,3.242E-3,-9.142E-2
13.280,3.143E-3,-9.128E-2
13.317,3.143E-3,-9.112E-2
13.353,3.223E-3,-9.105E-2
13.390,3.200E-3,-9.086E-2
13.427,3.155E-3,-9.061E-2
13.463,3.304E-3,-9.042E-2
13.500,3.335E-3,-9.017E-2
13.537,3.348E-3,-8.999E-2
13.573,3.462E-3,-8.978E-2
13.610,3.506E-3,-8.961E-2
13.647,3.562E-3,-8.940E-2
13.683,3.595E-3,-8.926E-2
13.720,3.622E-3,-8.920E-2
13.757,3.756E-3,-8.918E-2
13.794,3.674E-3,-8.916E-2
13.830,3.701E-3,-8.922E-2
13.867,3.737E-3,-8.929E-2
13.904,3.707E-3,-8.934E-2
13.940,3.729E-3,-8.950E-2
13.977,3.752E-3,-8.975E-2
14.014,3.747E-3,-8.998E-2
14.050,3.815E-3,-9.019E-2
14.087,3.828E-3,-9.047E-2
14.124,3.827E-3,-9.069E-2
14.160,3.830E-3,-9.107E-2
14.197,3.729E-3,-9.140E-2
14.234,3.709E-3,-9.184E-2
14.270,3.714E-3,-9.220E-2
14.307,3.685E-3,-9.237E-2
14.344,3.722E-3,-9.252E-2
14.380,3.809E-3,-9.263E-2
14.417,3.819E-3,-9.287E-2
14.454,3.712E-3,-9.340E-2
14.491,3.681E-3,-9.398E-2
14.527,3.716E-3,-9.460E-2
14.564,3.703E-3,-9.525E-2
14.601,3.713E-3,-9.570E-2
14.637,3.720E-3,-9.606E-2
14.674,3.767E-3,-9.635E-2
14.711,3.793E-3,-9.668E-2
14.747,3.747E-3,-9.727E-2
14.784,3.774E-3,-9.780E-2
14.821,3.790E-3,-9.840E-2
14.857,3.821E-3,-9.906E-2
14.894,3.913E-3,-9.963E-2
14.931,3.857E-3,-9.996E-2
14.967,3.791E-3,-0.100
15.004,3.642E-3,-0.100
15.041,3.583E-3,-0.101
15.077,3.559E-3,-0.101
15.114,3.492E-3,-0.102
15.151,3.543E-3,-0.103
15.188,3.609E-3,-0.104
15.224,3.386E-3,-0.105
15.261,3.299E-3,-0.106
15.298,3.120E-3,-0.107
15.334,3.113E-3,-0.108
15.371,3.117E-3,-0.108
15.408,3.270E-3,-0.108
15.444,3.268E-3,-0.108
15.481,3.088E-3,-0.108
15.518,2.866E-3,-0.108
15.554,2.793E-3,-0.108
15.591,2.854E-3,-0.108
15.628,2.774E-3,-0.108
15.664,2.698E-3,-0.108
15.701,2.618E-3,-0.107
15.738,2.569E-3,-0.107
15.775,2.585E-3,-0.107
15.811,2.549E-3,-0.106
15.848,2.522E-3,-0.106
15.885,2.687E-3,-0.105
15.921,2.782E-3,-0.104
15.958,3.074E-3,-0.104
15.995,3.229E-3,-0.103
16.031,3.375E-3,-0.102
16.068,3.521E-3,-0.102
16.105,3.645E-3,-0.101
16.141,3.787E-3,-0.101
16.178,3.834E-3,-0.100
16.215,3.831E-3,-9.994E-2
16.251,4.064E-3,-9.945E-2
16.288,4.224E-3,-9.889E-2
16.325,4.322E-3,-9.839E-2
16.361,4.433E-3,-9.804E-2
16.398,4.453E-3,-9.775E-2
16.435,4.525E-3,-9.729E-2
16.472,4.624E-3,-9.673E-2
16.508,4.623E-3,-9.607E-2
16.545,4.573E-3,-9.536E-2
16.582,4.759E-3,-9.447E-2
16.618,4.858E-3,-9.365E-2
16.655,5.054E-3,-9.263E-2
16.692,5.165E-3,-9.175E-2
16.728,5.271E-3,-9.072E-2
16.765,5.230E-3,-9.004E-2
16.802,5.262E-3,-8.973E-2
16.838,5.248E-3,-8.981E-2
16.875,5.194E-3,-9.005E-2
16.912,5.159E-3,-9.039E-2
16.948,5.077E-3,-9.082E-2
16.985,4.951E-3,-9.124E-2
17.022,4.806E-3,-9.175E-2
17.058,4.630E-3,-9.233E-2
17.095,4.546E-3,-9.276E-2
17.132,4.581E-3,-9.337E-2
17.169,4.616E-3,-9.414E-2
17.205,4.673E-3,-9.474E-2
17.242,4.692E-3,-9.525E-2
17.279,4.669E-3,-9.584E-2
17.315,4.745E-3,-9.687E-2
17.352,4.660E-3,-9.810E-2
17.389,4.652E-3,-9.950E-2
17.425,4.630E-3,-0.101
17.462,4.614E-3,-0.102
17.499,4.507E-3,-0.104
17.535,4.411E-3,-0.105
17.572,4.335E-3,-0.106
17.609,4.076E-3,-0.107
17.645,3.953E-3,-0.108
17.682,3.655E-3,-0.108
17.719,3.414E-3,-0.108
17.755,3.282E-3,-0.108
17.792,3.180E-3,-0.108
17.829,3.146E-3,-0.108
17.866,3.071E-3,-0.107
17.902,2.947E-3,-0.107
17.939,2.878E-3,-0.107
17.976,3.059E-3,-0.106
18.012,3.078E-3,-0.105
18.049,3.246E-3,-0.105
18.086,3.468E-3,-0.104
18.122,3.611E-3,-0.103
18.159,3.642E-3,-0.103
18.196,3.687E-3,-0.102
18.232,3.679E-3,-0.102
18.269,3.605E-3,-0.102
18.306,3.594E-3,-0.101
18.342,3.592E-3,-0.101
18.379,3.537E-3,-0.101
18.416,3.551E-3,-0.101
18.452,3.553E-3,-0.101
18.489,3.503E-3,-0.101
18.526,3.438E-3,-0.100
18.563,3.396E-3,-0.100
18.599,3.405E-3,-0.100
18.636,3.368E-3,-0.100
18.673,3.319E-3,-0.100
18.709,3.328E-3,-0.100
18.746,3.300E-3,-0.100
18.783,3.343E-3,-0.100
18.819,3.375E-3,-0.100
18.856,3.335E-3,-0.101
18.893,3.361E-3,-0.101
18.929,3.345E-3,-0.101
18.966,3.400E-3,-0.101
19.003,3.490E-3,-0.102
19.039,3.495E-3,-0.102
19.076,3.715E-3,-0.103
19.113,2.537E-3,-0.102
19.150,2.532E-3,-0.103
19.186,1.442E-3,-0.102
19.223,2.525E-3,-0.103
19.260,2.525E-3,-0.103
19.296,2.364E-3,-0.104
19.333,2.207E-3,-0.104
19.370,2.207E-3,-0.104
19.406,2.207E-3,-0.104
19.443,1.902E-3,-0.103
19.480,1.902E-3,-0.103
19.516,1.902E-3,-0.103
19.553,1.902E-3,-0.103
19.590,1.902E-3,-0.103
19.626,1.293E-3,-0.102
19.663,9.773E-4,-0.102
19.700,1.755E-3,-0.102
19.736,2.061E-3,-0.103
19.773,1.635E-3,-0.102
19.810,1.638E-3,-0.102
19.847,1.800E-3,-0.102
19.883,1.754E-3,-0.102
19.920,1.748E-3,-0.102
19.957,1.654E-3,-0.102
19.993,1.653E-3,-0.102
20.030,1.582E-3,-0.102
20.067,1.411E-3,-0.102
20.103,1.409E-3,-0.102
20.140,1.366E-3,-0.102
20.177,1.419E-3,-0.102
20.213,1.424E-3,-0.102
20.250,1.439E-3,-0.101
20.287,1.443E-3,-0.101
20.323,1.460E-3,-0.101
20.360,1.438E-3,-0.100
20.397,1.426E-3,-0.100
20.433,1.453E-3,-9.978E-2
20.470,1.447E-3,-9.932E-2
20.507,1.591E-3,-9.883E-2
20.544,1.644E-3,-9.834E-2
20.580,1.808E-3,-9.779E-2
20.617,1.841E-3,-9.713E-2
20.654,1.861E-3,-9.663E-2
20.690,1.810E-3,-9.621E-2
20.727,1.754E-3,-9.571E-2
20.764,1.636E-3,-9.526E-2
20.800,1.559E-3,-9.481E-2
20.837,1.425E-3,-9.453E-2
20.874,1.265E-3,-9.407E-2
20.910,1.248E-3,-9.378E-2
20.947,1.211E-3,-9.350E-2
20.984,1.260E-3,-9.327E-2
21.020,1.264E-3,-9.292E-2
21.057,1.351E-3,-9.261E-2
21.094,1.398E-3,-9.245E-2
21.130,1.468E-3,-9.216E-2
21.167,1.564E-3,-9.189E-2
21.204,1.676E-3,-9.170E-2
21.241,1.778E-3,-9.182E-2
21.277,1.942E-3,-9.183E-2
21.314,2.127E-3,-9.207E-2
21.351,2.214E-3,-9.241E-2
21.387,2.331E-3,-9.297E-2
21.424,2.452E-3,-9.360E-2
21.461,2.456E-3,-9.444E-2
21.497,2.478E-3,-9.538E-2
21.534,2.472E-3,-9.616E-2
21.571,2.408E-3,-9.686E-2
21.607,2.433E-3,-9.751E-2
21.644,2.483E-3,-9.802E-2
21.681,2.432E-3,-9.845E-2
21.717,2.436E-3,-9.870E-2
21.754,2.474E-3,-9.886E-2
21.791,2.421E-3,-9.891E-2
21.828,2.392E-3,-9.889E-2
21.864,2.407E-3,-9.882E-2
21.901,2.464E-3,-9.890E-2
21.938,2.511E-3,-9.890E-2
21.974,2.505E-3,-9.889E-2
22.011,2.584E-3,-9.894E-2
22.048,2.683E-3,-9.879E-2
22.084,2.710E-3,-9.866E-2
22.121,2.784E-3,-9.853E-2
22.158,2.782E-3,-9.851E-2
22.194,2.742E-3,-9.841E-2
22.231,2.736E-3,-9.813E-2
22.268,2.719E-3,-9.779E-2
22.304,2.712E-3,-9.754E-2
22.341,2.681E-3,-9.736E-2
22.378,2.601E-3,-9.710E-2
22.414,2.428E-3,-9.684E-2
22.451,2.368E-3,-9.676E-2
22.488,2.253E-3,-9.671E-2
22.525,2.086E-3,-9.682E-2
22.561,2.071E-3,-9.690E-2
22.598,1.947E-3,-9.694E-2
22.635,1.750E-3,-9.708E-2
22.671,1.677E-3,-9.714E-2
22.708,1.714E-3,-9.714E-2
22.745,1.827E-3,-9.693E-2
22.781,1.881E-3,-9.664E-2
22.818,1.949E-3,-9.637E-2
22.855,2.102E-3,-9.631E-2
22.891,2.158E-3,-9.618E-2
22.928,2.198E-3,-9.620E-2
22.965,2.219E-3,-9.616E-2
23.001,2.256E-3,-9.608E-2
23.038,2.327E-3,-9.605E-2
23.075,2.290E-3,-9.591E-2
23.111,2.430E-3,-9.573E-2
23.148,2.305E-3,-9.558E-2
23.185,2.312E-3,-9.563E-2
23.222,2.293E-3,-9.549E-2
23.258,2.179E-3,-9.531E-2
23.295,2.026E-3,-9.499E-2
23.332,2.150E-3,-9.473E-2
23.368,2.044E-3,-9.453E-2
23.405,2.003E-3,-9.423E-2
23.442,1.843E-3,-9.372E-2
23.478,1.785E-3,-9.343E-2
23.515,1.668E-3,-9.299E-2
23.552,1.535E-3,-9.270E-2
23.588,1.391E-3,-9.245E-2
23.625,1.384E-3,-9.241E-2
23.662,1.403E-3,-9.237E-2
23.698,1.149E-3,-9.215E-2
23.735,1.141E-3,-9.221E-2
23.772,1.181E-3,-9.233E-2
23.808,1.118E-3,-9.243E-2
23.845,1.089E-3,-9.239E-2
23.882,1.082E-3,-9.248E-2
23.919,1.032E-3,-9.231E-2
23.955,9.939E-4,-9.231E-2
23.992,9.241E-4,-9.231E-2
24.029,8.394E-4,-9.239E-2
24.065,8.428E-4,-9.246E-2
24.102,6.794E-4,-9.241E-2
24.139,6.630E-4,-9.254E-2
24.175,5.952E-4,-9.285E-2
24.212,5.815E-4,-9.316E-2
24.249,4.695E-4,-9.326E-2
24.285,4.757E-4,-9.360E-2
24.322,4.022E-4,-9.381E-2
24.359,2.942E-4,-9.392E-2
24.395,2.244E-4,-9.397E-2
24.432,2.599E-4,-9.393E-2
24.469,2.695E-4,-9.377E-2
24.506,2.792E-4,-9.356E-2
24.542,2.709E-4,-9.317E-2
24.579,1.879E-4,-9.282E-2
24.616,2.403E-4,-9.242E-2
24.652,2.128E-4,-9.206E-2
24.689,1.628E-4,-9.180E-2
24.726,1.523E-4,-9.170E-2
24.762,1.190E-4,-9.167E-2
24.799,-3.532E-5,-9.177E-2
24.836,-2.075E-5,-9.203E-2
24.872,-7.761E-5,-9.238E-2
24.909,-1.696E-4,-9.276E-2
24.946,-2.189E-4,-9.304E-2
24.982,-3.167E-4,-9.334E-2
25.019,-3.268E-4,-9.355E-2
25.056,-4.495E-4,-9.373E-2
25.092,-4.482E-4,-9.374E-2
25.129,-4.381E-4,-9.370E-2
25.166,-4.185E-4,-9.362E-2
25.203,-4.300E-4,-9.344E-2
25.239,-3.526E-4,-9.320E-2
25.276,-3.098E-4,-9.298E-2
25.313,-2.969E-4,-9.267E-2
25.349,-2.694E-4,-9.240E-2
25.386,-2.420E-4,-9.206E-2
25.423,-1.466E-4,-9.167E-2
25.459,-3.655E-5,-9.119E-2
25.496,6.287E-5,-9.068E-2
25.533,5.253E-5,-9.028E-2
25.569,1.386E-4,-8.977E-2
25.606,2.237E-4,-8.948E-2
25.643,2.900E-4,-8.913E-2
25.679,3.444E-4,-8.886E-2
25.716,4.100E-4,-8.864E-2
25.753,4.442E-4,-8.833E-2
25.789,4.887E-4,-8.811E-2
25.826,6.803E-4,-8.785E-2
25.863,6.540E-4,-8.769E-2
25.900,7.498E-4,-8.755E-2
25.936,7.366E-4,-8.732E-2
25.973,8.089E-4,-8.700E-2
26.010,8.761E-4,-8.675E-2
26.046,9.459E-4,-8.648E-2
26.083,9.627E-4,-8.636E-2
26.120,9.577E-4,-8.627E-2
26.156,9.882E-4,-8.624E-2
26.193,1.012E-3,-8.624E-2
26.230,1.045E-3,-8.628E-2
26.266,1.089E-3,-8.640E-2
26.303,1.112E-3,-8.663E-2
26.340,1.099E-3,-8.672E-2
26.376,1.088E-3,-8.678E-2
26.413,1.114E-3,-8.685E-2
26.450,1.286E-3,-8.678E-2
26.486,1.432E-3,-8.678E-2
26.523,1.547E-3,-8.684E-2
26.560,1.562E-3,-8.688E-2
26.597,1.570E-3,-8.709E-2
26.633,1.524E-3,-8.739E-2
26.670,1.404E-3,-8.768E-2
26.707,1.216E-3,-8.812E-2
26.743,1.013E-3,-8.834E-2
26.780,9.247E-4,-8.879E-2
26.817,7.398E-4,-8.921E-2
26.853,5.155E-4,-8.983E-2
26.890,3.750E-4,-9.029E-2
26.927,4.034E-4,-9.097E-2
26.963,2.867E-4,-9.170E-2
27.000,1.604E-4,-9.238E-2
27.037,9.883E-5,-9.296E-2
27.073,-2.361E-5,-9.369E-2
27.110,-7.001E-5,-9.464E-2
27.147,-1.112E-4,-9.542E-2
27.184,-2.444E-4,-9.612E-2
27.220,-3.320E-4,-9.682E-2
27.257,-3.547E-4,-9.743E-2
27.294,-2.772E-4,-9.790E-2
27.330,-3.241E-4,-9.828E-2
27.367,-2.226E-4,-9.863E-2
27.404,-1.060E-4,-9.857E-2
27.440,-1.042E-4,-9.867E-2
27.477,-2.176E-5,-9.894E-2
27.514,-1.532E-4,-9.935E-2
27.550,-3.941E-5,-9.978E-2
27.587,-9.970E-5,-9.999E-2
27.624,-1.592E-4,-0.100
27.660,-1.938E-4,-0.100
27.697,-1.766E-4,-0.101
27.734,-3.483E-4,-0.101
27.770,-4.207E-4,-0.100
27.807,-4.205E-4,-0.100
27.844,-5.192E-4,-0.100
27.881,-5.755E-4,-9.984E-2
27.917,-6.832E-4,-9.954E-2
27.954,-6.980E-4,-9.919E-2
27.991,-7.177E-4,-9.894E-2
28.027,-7.691E-4,-9.870E-2
28.064,-7.507E-4,-9.861E-2
28.101,-6.971E-4,-9.854E-2
28.137,-6.493E-4,-9.847E-2
28.174,-6.720E-4,-9.825E-2
28.211,-7.377E-4,-9.811E-2
28.247,-7.257E-4,-9.807E-2
28.284,-7.107E-4,-9.806E-2
28.321,-6.578E-4,-9.800E-2
28.357,-5.872E-4,-9.787E-2
28.394,-4.804E-4,-9.796E-2
28.431,-4.195E-4,-9.773E-2
28.467,-3.751E-4,-9.744E-2
28.504,-2.718E-4,-9.737E-2
28.541,-1.181E-4,-9.770E-2
28.578,-4.682E-5,-9.771E-2
28.614,1.474E-4,-9.773E-2
28.651,2.285E-4,-9.748E-2
28.688,4.265E-4,-9.710E-2
28.724,5.998E-4,-9.653E-2
28.761,7.486E-4,-9.579E-2
28.798,9.205E-4,-9.476E-2
28.834,9.237E-4,-9.373E-2
28.871,1.012E-3,-9.294E-2
28.908,9.949E-4,-9.253E-2
28.944,9.191E-4,-9.227E-2
28.981,9.025E-4,-9.228E-2
29.018,7.979E-4,-9.245E-2
29.054,8.341E-4,-9.270E-2
29.091,8.362E-4,-9.308E-2
29.128,8.765E-4,-9.352E-2
29.164,8.678E-4,-9.388E-2
29.201,8.407E-4,-9.433E-2
29.238,8.034E-4,-9.496E-2
29.275,8.863E-4,-9.545E-2
29.311,9.513E-4,-9.595E-2
29.348,9.672E-4,-9.630E-2
29.385,1.016E-3,-9.658E-2
29.421,8.459E-4,-9.685E-2
29.458,8.193E-4,-9.716E-2
29.495,9.150E-4,-9.752E-2
29.531,8.895E-4,-9.790E-2
29.568,9.234E-4,-9.816E-2
29.605,9.319E-4,-9.851E-2
29.641,8.756E-4,-9.897E-2
29.678,8.292E-4,-9.934E-2
29.715,8.359E-4,-9.984E-2
29.751,8.056E-4,-0.100
29.788,8.207E-4,-0.101
29.825,8.956E-4,-0.101
29.861,7.574E-4,-0.101
29.898,7.854E-4,-0.101
29.935,7.179E-4,-0.102
29.972,8.570E-4,-0.101
30.008,9.232E-4,-0.101
30.045,8.705E-4,-0.101
30.082,9.094E-4,-0.102
30.118,8.941E-4,-0.102
30.155,9.397E-4,-0.103
30.192,1.026E-3,-0.104
30.228,9.763E-4,-0.104
30.265,9.901E-4,-0.105
30.302,1.077E-3,-0.105
30.338,1.106E-3,-0.106
30.375,1.145E-3,-0.106
30.412,1.064E-3,-0.106
30.448,1.299E-3,-0.107
30.485,1.386E-3,-0.107
30.522,1.359E-3,-0.107
30.559,1.334E-3,-0.107
30.595,1.361E-3,-0.108
30.632,1.365E-3,-0.108
30.669,1.499E-3,-0.108
30.705,1.474E-3,-0.109
30.742,1.431E-3,-0.109
30.779,1.471E-3,-0.109
30.815,1.400E-3,-0.109
30.852,1.679E-3,-0.109
30.889,1.675E-3,-0.109
30.925,1.741E-3,-0.109
30.962,1.888E-3,-0.109
30.999,2.016E-3,-0.108
31.035,2.189E-3,-0.108
31.072,2.344E-3,-0.108
31.109,2.468E-3,-0.107
31.145,2.592E-3,-0.107
31.182,2.793E-3,-0.107
31.219,2.974E-3,-0.107
31.256,3.151E-3,-0.107
31.292,3.312E-3,-0.106
31.329,3.623E-3,-0.106
31.366,3.707E-3,-0.106
31.402,3.891E-3,-0.106
31.439,4.086E-3,-0.106
31.476,4.207E-3,-0.106
31.512,4.279E-3,-0.106
31.549,4.436E-3,-0.106
31.586,4.562E-3,-0.105
31.622,4.686E-3,-0.105
31.659,4.645E-3,-0.105
31.696,4.646E-3,-0.105
31.732,4.666E-3,-0.105
31.769,4.640E-3,-0.105
31.806,4.807E-3,-0.105
31.842,4.537E-3,-0.104
31.879,4.518E-3,-0.104
31.916,4.280E-3,-0.104
31.953,4.222E-3,-0.104
31.989,4.249E-3,-0.104
32.026,4.239E-3,-0.103
32.063,4.310E-3,-0.103
32.099,4.362E-3,-0.102
32.136,4.575E-3,-0.102
32.173,4.605E-3,-0.101
32.209,4.930E-3,-0.101
32.246,4.961E-3,-9.978E-2
32.283,5.217E-3,-9.949E-2
32.319,5.175E-3,-9.901E-2
32.356,5.233E-3,-9.888E-2
32.393,5.172E-3,-9.857E-2
32.429,5.139E-3,-9.834E-2
32.466,5.101E-3,-9.805E-2
32.503,4.981E-3,-9.790E-2
32.539,4.849E-3,-9.843E-2
32.576,4.817E-3,-9.895E-2
32.613,4.796E-3,-9.927E-2
32.650,4.570E-3,-9.937E-2
32.686,4.548E-3,-9.960E-2
32.723,4.481E-3,-9.970E-2
32.760,4.633E-3,-9.973E-2
32.796,4.580E-3,-9.990E-2
32.833,4.557E-3,-9.998E-2
32.870,4.656E-3,-0.100
32.906,4.588E-3,-0.100
32.943,4.581E-3,-0.100
32.980,4.512E-3,-0.101
33.016,4.471E-3,-0.101
33.053,4.336E-3,-0.100
33.090,4.081E-3,-0.100
33.126,3.883E-3,-0.100
33.163,3.564E-3,-9.997E-2
33.200,3.354E-3,-9.982E-2
33.237,3.035E-3,-9.967E-2
33.273,2.826E-3,-9.945E-2
33.310,2.736E-3,-9.929E-2
33.347,2.694E-3,-9.903E-2
33.383,2.698E-3,-9.860E-2
33.420,2.692E-3,-9.799E-2
33.457,2.695E-3,-9.745E-2
33.493,2.783E-3,-9.695E-2
33.530,2.828E-3,-9.652E-2
33.567,2.931E-3,-9.618E-2
33.603,3.129E-3,-9.573E-2
33.640,3.258E-3,-9.526E-2
33.677,3.450E-3,-9.476E-2
33.713,3.507E-3,-9.431E-2
33.750,3.671E-3,-9.386E-2
33.787,3.856E-3,-9.333E-2
33.823,3.889E-3,-9.282E-2
33.860,4.019E-3,-9.230E-2
33.897,4.043E-3,-9.179E-2
33.934,4.114E-3,-9.142E-2
33.970,4.105E-3,-9.118E-2
34.007,4.167E-3,-9.100E-2
34.044,4.282E-3,-9.102E-2
34.080,4.376E-3,-9.100E-2
34.117,4.431E-3,-9.109E-2
34.154,4.518E-3,-9.127E-2
34.190,4.664E-3,-9.134E-2
34.227,4.672E-3,-9.158E-2
34.264,4.695E-3,-9.189E-2
34.300,4.740E-3,-9.209E-2
34.337,4.757E-3,-9.215E-2
34.374,4.792E-3,-9.215E-2
34.410,4.883E-3,-9.235E-2
34.447,4.949E-3,-9.265E-2
34.484,4.933E-3,-9.303E-2
34.520,4.976E-3,-9.334E-2
34.557,4.950E-3,-9.344E-2
34.594,4.970E-3,-9.348E-2
34.631,4.992E-3,-9.341E-2
34.667,4.995E-3,-9.333E-2
34.704,4.963E-3,-9.328E-2
34.741,4.932E-3,-9.332E-2
34.777,4.837E-3,-9.328E-2
34.814,4.788E-3,-9.311E-2
34.851,4.674E-3,-9.288E-2
34.887,4.655E-3,-9.305E-2
34.924,4.695E-3,-9.354E-2
34.961,4.727E-3,-9.422E-2
34.997,4.043E-3,-9.276E-2
35.034,4.000E-3,-9.294E-2
35.071,3.725E-3,-9.303E-2
35.107,3.476E-3,-9.291E-2
35.144,3.166E-3,-9.266E-2
35.181,3.108E-3,-9.292E-2
35.217,3.011E-3,-9.334E-2
35.254,2.986E-3,-9.372E-2
35.291,3.065E-3,-9.414E-2
35.328,3.082E-3,-9.441E-2
35.364,2.969E-3,-9.471E-2
35.401,3.078E-3,-9.513E-2
35.438,3.082E-3,-9.568E-2
35.474,3.150E-3,-9.633E-2
35.511,3.087E-3,-9.676E-2
35.548,3.164E-3,-9.730E-2
35.584,3.151E-3,-9.764E-2
35.621,3.285E-3,-9.832E-2
35.658,3.409E-3,-9.882E-2
35.694,3.425E-3,-9.917E-2
35.731,3.513E-3,-9.960E-2
35.768,3.640E-3,-9.989E-2
35.804,3.753E-3,-0.100
35.841,3.829E-3,-0.100
35.878,3.884E-3,-0.101
35.915,4.066E-3,-0.101
35.951,4.127E-3,-0.101
35.988,4.228E-3,-0.101
36.025,4.225E-3,-0.101
36.061,4.248E-3,-0.101
36.098,4.173E-3,-0.101
36.135,3.993E-3,-0.101
36.171,3.961E-3,-0.101
36.208,3.856E-3,-0.101
36.245,3.782E-3,-0.101
36.281,3.691E-3,-0.101
36.318,3.607E-3,-0.101
36.355,3.534E-3,-0.101
36.391,3.563E-3,-0.101
36.428,3.501E-3,-0.101
36.465,3.573E-3,-0.101
36.501,3.525E-3,-0.101
36.538,3.515E-3,-0.100
36.575,3.581E-3,-9.993E-2
36.612,3.549E-3,-9.964E-2
36.648,3.597E-3,-9.933E-2
36.685,3.618E-3,-9.904E-2
36.722,3.626E-3,-9.875E-2
36.758,3.670E-3,-9.847E-2
36.795,3.575E-3,-9.845E-2
36.832,3.689E-3,-9.819E-2
36.868,3.672E-3,-9.799E-2
36.905,3.650E-3,-9.773E-2
36.942,3.661E-3,-9.740E-2
36.978,3.686E-3,-9.712E-2
37.015,3.752E-3,-9.694E-2
37.052,3.692E-3,-9.700E-2
37.088,3.684E-3,-9.711E-2
37.125,3.737E-3,-9.723E-2
37.162,3.706E-3,-9.728E-2
37.198,3.739E-3,-9.727E-2
37.235,3.753E-3,-9.731E-2
37.272,3.682E-3,-9.721E-2
37.309,3.712E-3,-9.711E-2
37.345,3.746E-3,-9.709E-2
37.382,3.927E-3,-9.729E-2
37.419,3.995E-3,-9.727E-2
37.455,3.887E-3,-9.717E-2
37.492,3.983E-3,-9.708E-2
37.529,4.024E-3,-9.693E-2
37.565,3.956E-3,-9.684E-2
37.602,3.954E-3,-9.679E-2
37.639,3.942E-3,-9.688E-2
37.675,3.928E-3,-9.688E-2
37.712,3.993E-3,-9.694E-2
37.749,3.954E-3,-9.705E-2
37.785,3.934E-3,-9.708E-2
37.822,3.972E-3,-9.698E-2
37.859,3.965E-3,-9.693E-2
37.895,3.854E-3,-9.689E-2
37.932,3.863E-3,-9.684E-2
37.969,3.832E-3,-9.689E-2
38.006,3.875E-3,-9.704E-2
38.042,3.654E-3,-9.711E-2
38.079,3.675E-3,-9.731E-2
38.116,3.651E-3,-9.757E-2
38.152,3.577E-3,-9.769E-2
38.189,3.525E-3,-9.773E-2
38.226,3.564E-3,-9.768E-2
38.262,3.564E-3,-9.766E-2
38.299,3.515E-3,-9.774E-2
38.336,3.635E-3,-9.789E-2
38.372,3.539E-3,-9.804E-2
38.409,3.531E-3,-9.811E-2
38.446,3.458E-3,-9.803E-2
38.482,3.306E-3,-9.812E-2
38.519,3.367E-3,-9.822E-2
38.556,3.305E-3,-9.829E-2
38.593,3.246E-3,-9.836E-2
38.629,3.211E-3,-9.833E-2
38.666,3.155E-3,-9.821E-2
38.703,2.917E-3,-9.840E-2
38.739,2.765E-3,-9.838E-2
38.776,2.762E-3,-9.848E-2
38.813,2.652E-3,-9.858E-2
38.849,2.471E-3,-9.864E-2
38.886,2.407E-3,-9.892E-2
38.923,2.309E-3,-9.925E-2
38.959,2.183E-3,-9.944E-2
38.996,2.103E-3,-9.977E-2
39.033,1.979E-3,-0.100
39.069,1.886E-3,-0.100
39.106,1.678E-3,-0.101
39.143,1.595E-3,-0.101
39.179,1.446E-3,-0.101
39.216,1.405E-3,-0.101
39.253,1.391E-3,-0.101
39.290,1.505E-3,-0.101
39.326,1.640E-3,-0.101
39.363,1.755E-3,-0.101
39.400,1.870E-3,-0.100
39.436,1.877E-3,-9.990E-2
39.473,2.126E-3,-9.946E-2
39.510,2.124E-3,-9.874E-2
39.546,2.391E-3,-9.800E-2
39.583,2.464E-3,-9.704E-2
39.620,2.478E-3,-9.644E-2
39.656,2.562E-3,-9.610E-2
39.693,2.615E-3,-9.611E-2
39.730,2.770E-3,-9.598E-2
39.766,2.809E-3,-9.605E-2
39.803,2.794E-3,-9.610E-2
39.840,3.016E-3,-9.671E-2
39.876,3.057E-3,-9.707E-2
39.913,3.207E-3,-9.780E-2
39.950,3.296E-3,-9.813E-2
39.987,3.613E-3,-9.888E-2
40.023,3.686E-3,-9.929E-2
40.060,3.710E-3,-9.964E-2
40.097,3.791E-3,-9.983E-2
40.133,3.858E-3,-0.100
40.170,3.922E-3,-0.100
40.207,4.160E-3,-0.101
40.243,4.233E-3,-0.101
40.280,4.304E-3,-0.100
40.317,4.310E-3,-0.100
40.353,4.399E-3,-0.100
40.390,4.408E-3,-9.980E-2
40.427,4.397E-3,-9.949E-2
40.463,4.455E-3,-9.922E-2
40.500,4.603E-3,-9.861E-2
40.537,4.640E-3,-9.783E-2
40.573,4.735E-3,-9.703E-2
40.610,4.852E-3,-9.637E-2
40.647,4.792E-3,-9.564E-2
40.684,4.766E-3,-9.488E-2
40.720,4.693E-3,-9.454E-2
40.757,4.709E-3,-9.444E-2
40.794,4.574E-3,-9.442E-2
40.830,4.643E-3,-9.430E-2
40.867,4.544E-3,-9.411E-2
40.904,4.605E-3,-9.380E-2
40.940,4.704E-3,-9.362E-2
40.977,4.688E-3,-9.358E-2
41.014,4.642E-3,-9.365E-2
41.050,4.580E-3,-9.377E-2
41.087,4.525E-3,-9.374E-2
41.124,4.490E-3,-9.367E-2
41.160,4.366E-3,-9.359E-2
41.197,4.108E-3,-9.361E-2
41.234,3.979E-3,-9.390E-2
41.270,3.762E-3,-9.398E-2
41.307,3.703E-3,-9.400E-2
41.344,3.678E-3,-9.396E-2
41.381,3.724E-3,-9.391E-2
41.417,3.715E-3,-9.371E-2
41.454,3.916E-3,-9.366E-2
41.491,4.014E-3,-9.345E-2
41.527,4.156E-3,-9.330E-2
41.564,4.247E-3,-9.344E-2
41.601,4.570E-3,-9.354E-2
41.637,4.636E-3,-9.353E-2
41.674,4.669E-3,-9.357E-2
41.711,4.675E-3,-9.360E-2
41.747,4.821E-3,-9.397E-2
41.784,5.088E-3,-9.412E-2
41.821,5.243E-3,-9.466E-2
41.857,5.558E-3,-9.542E-2
41.894,5.591E-3,-9.613E-2
41.931,5.617E-3,-9.668E-2
41.968,5.575E-3,-9.712E-2
42.004,5.672E-3,-9.761E-2
42.041,5.595E-3,-9.807E-2
42.078,5.556E-3,-9.839E-2
42.114,5.590E-3,-9.853E-2
42.151,5.607E-3,-9.882E-2
42.188,5.543E-3,-9.902E-2
42.224,5.533E-3,-9.906E-2
42.261,5.615E-3,-9.912E-2
42.298,5.582E-3,-9.931E-2
42.334,5.671E-3,-9.943E-2
42.371,5.729E-3,-9.992E-2
42.408,5.793E-3,-0.100
42.444,5.801E-3,-0.100
42.481,5.850E-3,-0.101
42.518,5.824E-3,-0.101
42.554,5.888E-3,-0.101
42.591,5.844E-3,-0.101
42.628,5.804E-3,-0.101
42.665,5.844E-3,-0.100
42.701,5.831E-3,-0.100
42.738,5.853E-3,-9.979E-2
42.775,5.830E-3,-9.949E-2
42.811,5.838E-3,-9.915E-2
42.848,5.771E-3,-9.907E-2
