	mass A		
t	x	y	
0.000	-5.358E-3	-0.114
0.049	-6.106E-3	-0.111
0.099	-4.613E-3	-0.100
0.148	-4.827E-3	-8.905E-2
0.197	-3.972E-3	-8.033E-2
0.247	-4.106E-3	-7.784E-2
0.296	-3.719E-3	-8.703E-2
0.345	2.864E-3	-0.100
0.395	2.002E-3	-0.110
0.444	4.923E-3	-0.114
0.493	2.909E-3	-0.113
0.543	4.206E-3	-0.107
0.592	3.805E-3	-9.940E-2
0.641	4.318E-3	-9.411E-2
0.691	4.679E-3	-8.851E-2
0.740	4.546E-3	-8.586E-2
0.789	5.742E-3	-9.163E-2
0.839	4.608E-3	-9.661E-2
0.888	7.227E-3	-9.990E-2
0.937	7.358E-3	-0.103
0.987	7.971E-3	-0.104
1.036	7.339E-3	-0.105
1.085	7.339E-3	-0.105
1.135	7.020E-3	-0.106
1.184	5.160E-3	-0.105
1.233	4.070E-3	-0.105
1.283	3.599E-3	-0.105
1.332	3.561E-3	-0.110
1.381	3.054E-3	-0.114
1.431	3.000E-3	-0.120
1.480	3.762E-3	-0.122
1.529	4.063E-3	-0.123
1.579	2.050E-3	-0.121
1.628	3.966E-3	-0.117
1.677	6.221E-3	-0.108
1.727	5.975E-3	-0.101
1.776	7.433E-3	-9.414E-2
1.825	7.271E-3	-9.492E-2
1.874	6.904E-3	-0.101
1.924	7.018E-3	-0.106
1.973	6.770E-3	-0.117
2.022	5.355E-3	-0.115
2.072	6.760E-3	-0.115
2.121	7.157E-3	-0.108
2.170	6.776E-3	-9.803E-2
2.220	6.549E-3	-8.837E-2
2.269	1.051E-2	-8.015E-2
2.318	1.211E-2	-7.611E-2
2.368	8.512E-3	-7.764E-2
2.417	8.619E-3	-8.325E-2
2.466	7.638E-3	-8.853E-2
2.516	7.749E-3	-9.367E-2
2.565	7.707E-3	-9.850E-2
2.614	7.833E-3	-0.102
2.664	7.812E-3	-0.104
2.713	6.742E-3	-0.102
2.762	6.768E-3	-9.896E-2
2.812	5.411E-3	-9.381E-2
2.861	7.060E-3	-8.339E-2
2.910	2.078E-3	-8.319E-2
2.960	7.922E-4	-8.769E-2
3.009	1.336E-3	-9.673E-2
3.058	-1.993E-3	-0.103
3.108	-2.531E-3	-0.111
3.157	-1.950E-3	-0.116
3.206	-3.373E-3	-0.113
3.256	-2.947E-3	-0.106
3.305	-2.840E-3	-9.343E-2
3.354	-2.004E-3	-8.689E-2
3.404	-2.979E-3	-7.938E-2
3.453	-3.700E-3	-8.485E-2
3.502	-3.012E-3	-9.529E-2
3.552	1.295E-5	-0.106
3.601	2.250E-3	-0.117
3.650	2.110E-3	-0.121
3.700	3.013E-3	-0.120
3.749	3.326E-3	-0.119
3.798		
3.848	2.406E-3	-0.103
3.897	8.806E-3	-9.742E-2
3.946	8.779E-3	-9.824E-2
3.996	7.626E-3	-9.991E-2
4.045	6.339E-3	-0.102
4.094	4.196E-3	-0.104
4.144	3.025E-3	-0.104
4.193	1.722E-3	-0.104
4.242	2.000E-4	-0.102
4.292	-2.346E-4	-9.828E-2
4.341	-2.721E-3	-9.375E-2
4.390	-3.843E-3	-9.082E-2
4.440	-5.542E-3	-9.027E-2
4.489	-7.684E-3	-9.525E-2
4.538	-9.602E-3	-0.101
4.588	-8.870E-3	-0.106
4.637	-1.062E-2	-0.111
4.686	-1.300E-2	-0.115
4.736	-1.488E-2	-0.114
4.785	-1.499E-2	-0.111
4.834	-1.587E-2	-0.105
4.884	-1.576E-2	-9.269E-2
4.933	-1.630E-2	-8.486E-2
4.982	-1.814E-2	-8.488E-2
5.032		
5.081		
5.130		
5.180		
5.229		
5.278		
5.327		
5.377		
5.426		
5.475	-7.755E-5	-9.812E-2
5.525	-1.863E-4	-0.111
5.574	-1.488E-3	-0.117
5.623	-1.194E-3	-0.119
5.673	-4.238E-3	-0.116
5.722	-3.479E-3	-0.113
5.771		
5.821		
5.870	-3.909E-3	-9.747E-2
5.919		
5.969	-2.591E-3	-0.101
6.018	-2.808E-3	-0.108
6.067	-4.601E-3	-0.117
6.117	-6.621E-3	-0.119
6.166	-6.153E-3	-0.116
6.215	-6.252E-3	-0.110
6.265		
6.314		
6.363	-4.351E-3	-8.656E-2
6.413	-5.694E-3	-8.141E-2
6.462		
6.511		
6.561	9.394E-5	-0.114
6.610	-5.992E-3	-0.120
6.659	-8.257E-3	-0.120
6.709	-7.902E-3	-0.117
6.758		
6.807	-3.765E-3	-9.716E-2
6.857	-6.244E-4	-8.940E-2
6.906	6.718E-6	-8.847E-2
6.955	-1.594E-3	-9.344E-2
7.005	8.093E-4	-0.104
7.054	-1.618E-3	-0.114
7.103	-1.842E-3	-0.122
7.153	-3.074E-3	-0.122
7.202	-2.893E-3	-0.120
7.251		
7.301	-5.816E-4	-0.106
7.350		
7.399		
7.449	1.009E-3	-9.315E-2
7.498		
7.547		
7.597	1.814E-3	-0.113
7.646	2.252E-4	-0.117
7.695	-1.742E-3	-0.116
7.745	-2.517E-3	-0.113
7.794	-2.854E-3	-0.109
7.843	-1.683E-3	-0.104
7.893	-5.036E-5	-9.501E-2
7.942		
7.991		
8.041	-1.817E-3	-8.331E-2
8.090		
8.139		
8.189		
8.238	8.156E-4	-0.121
8.287	-4.444E-4	-0.120
8.337	-2.875E-3	-0.115
8.386	-7.970E-4	-0.109
8.435		
8.485		
8.534		
8.583		
8.633		
8.682		
8.731	4.535E-4	-0.101
8.780	-1.945E-4	-0.111
8.830	-1.724E-3	-0.118
8.879	-3.326E-3	-0.121
8.928	-3.222E-3	-0.119
8.978		
9.027		
9.076	2.264E-3	-9.908E-2
9.126	5.210E-3	-8.838E-2
9.175	6.854E-4	-8.477E-2
9.224	-1.456E-3	-8.668E-2
9.274	-2.244E-3	-9.394E-2
9.323	-3.525E-3	-0.101
9.372	-5.346E-3	-0.103
9.422		
9.471	-7.479E-3	-0.104
9.520	-8.206E-3	-0.100
9.570	-6.444E-3	-9.777E-2
9.619	-1.212E-2	-8.937E-2
9.668	-1.470E-2	-9.437E-2
9.718	-1.462E-2	-0.105
9.767		
9.816		
9.866	-2.171E-2	-0.129
9.915		
9.964		
10.014		
10.063		
10.112		
10.162	-1.311E-2	-7.465E-2
10.211		
10.260		
10.310	-2.107E-4	-0.113
10.359	-1.063E-3	-0.122
10.408	-1.664E-3	-0.119
10.458		
10.507	5.386E-4	-9.891E-2
10.556	-1.198E-2	-0.104
10.606	-3.094E-3	-8.688E-2
10.655	-6.861E-3	-9.012E-2
10.704	-9.255E-3	-9.680E-2
10.754	-8.887E-3	-0.108
10.803	-1.224E-2	-0.112
10.852	-1.362E-2	-0.115
10.902	-1.194E-2	-0.118
10.951	-1.525E-2	-0.113
11.000	-1.964E-2	-0.109
11.050		
11.099	-2.013E-2	-9.265E-2
11.148	-8.308E-3	-7.749E-2
11.198	-8.836E-3	-6.539E-2
11.247	-8.925E-3	-9.462E-2
11.296	-8.477E-3	-0.107
11.346	-7.470E-3	-0.124
11.395	-1.073E-2	-0.132
11.444	-1.320E-2	-0.139
11.494	-1.841E-2	-0.135
11.543	-1.748E-2	-0.129
11.592		
11.642	-6.860E-3	-0.106
11.691	-3.221E-3	-9.342E-2
11.740		
11.790		
11.839		
11.888		
11.938	-7.412E-3	-0.135
11.987		
12.036		
12.086		
12.135		
12.184	2.201E-3	-8.693E-2
12.233	2.295E-3	-9.394E-2
12.283	4.680E-3	-0.106
12.332	5.851E-3	-0.115
12.381	7.516E-3	-0.120
12.431	7.519E-3	-0.120
12.480	6.762E-3	-0.117
12.529	5.414E-3	-0.111
12.579	6.252E-3	-0.105
12.628	7.103E-3	-9.632E-2
12.677	8.217E-3	-9.352E-2
12.727		
12.776	6.866E-3	-8.775E-2
12.825	9.016E-3	-9.119E-2
12.875	8.683E-3	-9.368E-2
12.924	7.392E-3	-9.881E-2
12.973	8.740E-3	-0.105
13.023	6.550E-3	-0.106
13.072	5.747E-3	-0.109
13.121	3.849E-3	-0.112
13.171	1.976E-3	-0.113
13.220	1.976E-3	-0.113
13.269	2.628E-3	-0.109
13.319	2.675E-3	-0.104
13.368	6.880E-3	-0.103
13.417	5.065E-4	-9.449E-2
13.467	-2.610E-4	-9.350E-2
13.516	1.614E-4	-0.102
13.565	-7.876E-4	-0.114
13.615	-3.399E-3	-0.119
13.664	-5.718E-3	-0.118
13.713	-5.295E-3	-0.115
13.763	-6.118E-3	-0.108
13.812	-1.256E-2	-9.895E-2
13.861		
13.911		
13.960		
14.009		
14.059		
14.108		
14.157	-3.682E-3	-0.118
14.207	-2.560E-3	-0.115
14.256	-3.282E-3	-0.108
14.305		
14.355	-4.931E-4	-9.220E-2
14.404	-8.937E-4	-8.456E-2
14.453	-2.945E-3	-8.389E-2
14.503	-1.430E-3	-9.250E-2
14.552		
14.601		
14.651		
14.700	-6.738E-4	-9.781E-2
14.749	-4.162E-3	-8.532E-2
14.799		
14.848		
14.897	-5.311E-3	-7.316E-2
14.947	-6.130E-3	-7.782E-2
14.996	-6.033E-3	-8.452E-2
15.045	-5.819E-3	-9.574E-2
15.095	-3.723E-3	-0.105
15.144	-6.286E-3	-0.113
15.193	-8.493E-3	-0.117
15.243	-9.886E-3	-0.115
15.292	-9.736E-3	-0.112
15.341		
15.391	-4.315E-3	-9.531E-2
15.440	-2.314E-3	-8.842E-2
15.489	-3.500E-3	-8.879E-2
15.539	-1.471E-3	-9.718E-2
15.588	5.870E-4	-0.111
15.637	1.590E-3	-0.121
15.686	9.047E-4	-0.128
15.736	-1.717E-3	-0.128
15.785	-1.395E-3	-0.124
15.834		
15.884		
15.933		
15.982		
16.032		
16.081	7.378E-3	-8.261E-2
16.130	4.725E-3	-8.321E-2
16.180	2.538E-3	-8.397E-2
16.229	-1.343E-3	-8.641E-2
16.278	-3.499E-3	-8.879E-2
16.328	-5.342E-3	-9.055E-2
16.377	-6.899E-3	-9.249E-2
16.426	-7.336E-3	-9.397E-2
16.476	-7.081E-3	-9.430E-2
16.525	-6.260E-3	-9.232E-2
16.574	-6.003E-3	-8.880E-2
16.624	-6.227E-3	-8.671E-2
16.673	-6.527E-3	-8.505E-2
16.722	-7.087E-3	-8.441E-2
16.772	-7.168E-3	-8.965E-2
16.821	-7.093E-3	-9.884E-2
16.870	-6.419E-3	-0.111
16.920	-5.753E-3	-0.124
16.969	-3.306E-3	-0.129
17.018		
17.068	8.157E-3	-0.122
17.117		
17.166		
17.216		
17.265	6.198E-3	-9.288E-2
17.314	4.812E-3	-9.116E-2
17.364	4.825E-3	-8.960E-2
17.413	4.522E-3	-8.866E-2
17.462	4.840E-3	-8.789E-2
17.512		
17.561		
17.610	5.669E-3	-8.213E-2
17.660	5.650E-3	-8.431E-2
17.709	4.999E-3	-8.758E-2
17.758	3.884E-3	-9.037E-2
17.808	2.951E-3	-9.021E-2
17.857	2.458E-3	-9.316E-2
17.906	2.573E-3	-9.760E-2
17.956	2.384E-3	-0.101
18.005	2.292E-3	-0.105
18.054	1.951E-3	-0.108
18.104	1.615E-3	-0.110
18.153	9.264E-4	-0.109
18.202		
18.252		
18.301		
18.350	4.030E-3	-9.146E-2
18.400	4.825E-3	-8.960E-2
18.449	3.360E-3	-9.691E-2
18.498	1.253E-3	-0.101
18.548	9.487E-4	-0.105
18.597	-1.352E-3	-0.104
18.646	-2.264E-3	-0.104
18.696	-2.383E-3	-0.103
18.745	-1.689E-3	-9.844E-2
18.794	-7.645E-4	-9.369E-2
18.844	-8.307E-4	-9.409E-2
18.893	-1.050E-3	-0.100
18.942	-1.623E-3	-0.107
18.992	-3.515E-3	-0.112
19.041	-5.665E-3	-0.113
19.090	-6.329E-3	-0.111
19.139		
19.189		
19.238	-1.425E-2	-9.364E-2
19.287	-5.269E-3	-8.624E-2
19.337		
19.386		
19.435		
19.485	-7.579E-3	-0.119
19.534	-9.422E-3	-0.116
19.583		
19.633		
19.682		
19.731		
19.781	-1.997E-2	-0.101
19.830		
19.879		
19.929		
19.978	-4.333E-3	-0.122
20.027	-6.844E-3	-0.124
20.077		
20.126		
20.175		
20.225		
20.274	-5.417E-3	-8.530E-2
20.323	-8.104E-3	-8.359E-2
20.373	-8.902E-3	-9.197E-2
20.422	-7.127E-3	-0.103
20.471	-7.902E-3	-0.109
20.521	-9.099E-3	-0.114
20.570	-1.031E-2	-0.114
20.619	-1.100E-2	-0.112
20.669		
20.718	-1.691E-2	-9.424E-2
20.767		
20.817	-5.341E-3	-8.188E-2
20.866	9.202E-3	-7.038E-2
20.915		
20.965	1.435E-3	-0.103
21.014	3.238E-3	-0.109
21.063		
21.113		
21.162	2.556E-3	-9.970E-2
21.211	6.310E-3	-9.787E-2
21.261	5.242E-3	-9.537E-2
21.310	5.097E-3	-9.412E-2
21.359	5.413E-3	-9.365E-2
21.409	5.424E-3	-9.241E-2
21.458	4.344E-3	-9.115E-2
21.507	2.944E-3	-9.098E-2
21.557	1.917E-3	-9.121E-2
21.606	2.437E-3	-9.506E-2
21.655	2.202E-3	-9.866E-2
21.705	1.651E-3	-0.102
21.754	2.655E-3	-0.106
21.803		
21.853		
21.902		
21.951	-3.413E-3	-8.766E-2
22.001	-6.131E-3	-9.573E-2
22.050	-7.450E-3	-0.104
22.099	-7.495E-3	-0.109
22.149	-1.229E-2	-0.116
22.198	-1.391E-2	-0.114
22.247	-1.429E-2	-0.110
22.297		
22.346	-1.375E-2	-8.990E-2
22.395	-1.155E-2	-7.450E-2
22.445		
22.494		
22.543	-1.485E-3	-0.117
22.592	-3.631E-3	-0.119
22.642		
22.691		
22.740	-1.840E-2	-0.109
22.790		
22.839	-8.611E-4	-8.083E-2
22.888	-2.645E-3	-8.891E-2
22.938	2.169E-3	-0.108
22.987	-1.045E-2	-0.127
23.036	8.128E-4	-0.121
23.086	-9.397E-4	-0.126
23.135	1.668E-4	-0.124
23.184	1.123E-3	-0.116
23.234		
23.283		
23.332		
23.382	2.730E-3	-7.977E-2
23.431	2.676E-3	-8.600E-2
23.480	4.390E-3	-9.025E-2
23.530	3.118E-3	-9.722E-2
23.579	2.009E-3	-0.101
23.628	1.495E-3	-0.105
23.678	-3.398E-4	-0.107
23.727	-1.334E-3	-0.106
23.776	-1.760E-3	-0.103
23.826	-1.711E-3	-0.100
23.875	-9.501E-5	-9.786E-2
23.924	-2.794E-3	-8.813E-2
23.974	-4.022E-3	-8.425E-2
24.023	-4.852E-3	-8.689E-2
24.072	-5.354E-3	-9.233E-2
24.122	-4.353E-3	-9.996E-2
24.171	-3.128E-3	-0.109
24.220	-1.670E-3	-0.114
24.270	-1.145E-3	-0.118
24.319	-3.266E-4	-0.117
24.368	-1.725E-2	-8.738E-2
24.418		
24.467		
24.516	4.650E-3	-9.178E-2
24.566	3.565E-3	-9.185E-2
24.615	2.939E-3	-9.588E-2
24.664	2.805E-3	-0.101
24.714	2.865E-3	-0.105
24.763	3.018E-3	-0.107
24.812	3.537E-3	-0.107
24.862	3.755E-3	-0.104
24.911		
24.960		
25.010		
25.059	-2.059E-2	-0.110
25.108	-1.333E-2	-0.112
25.158		
25.207	7.338E-3	-0.105
25.256	-9.321E-2	-6.357E-2
25.306	-7.591E-2	-6.339E-2
25.355	9.321E-3	-9.197E-2
25.404	9.825E-3	-8.777E-2
25.454	8.438E-3	-8.605E-2
25.503	1.405E-4	-8.605E-2
25.552	-2.700E-2	-7.764E-2
25.602	8.721E-3	-8.932E-2
25.651	6.332E-3	-9.537E-2
25.700	4.738E-3	-9.957E-2
25.750	4.060E-3	-0.102
25.799	3.518E-3	-0.105
25.848	3.390E-3	-0.108
25.898	2.768E-3	-0.109
25.947	2.143E-3	-0.107
25.996	1.952E-3	-0.103
26.045	2.739E-3	-0.100
26.095	4.308E-3	-9.654E-2
26.144	5.697E-3	-9.312E-2
26.193	6.460E-3	-9.232E-2
26.243	7.385E-3	-9.500E-2
26.292	8.757E-3	-0.103
26.341	9.169E-3	-0.109
26.391	7.259E-3	-0.113
26.440	5.855E-3	-0.116
26.489	4.106E-3	-0.116
26.539	2.702E-3	-0.115
26.588	2.929E-3	-0.110
26.637	3.755E-3	-0.105
26.687	7.390E-3	-9.912E-2
26.736	7.608E-3	-9.196E-2
26.785	5.466E-3	-8.758E-2
26.835	5.739E-3	-9.328E-2
26.884	6.866E-3	-0.101
26.933	6.955E-3	-0.109
26.983	5.068E-3	-0.115
27.032	2.220E-3	-0.119
27.081	-1.184E-3	-0.118
27.131		
27.180		
27.229		
27.279	6.461E-3	-8.058E-2
27.328	5.202E-3	-7.962E-2
27.377	4.278E-3	-8.819E-2
27.427	3.581E-3	-9.902E-2
27.476	2.836E-3	-0.107
27.525	1.873E-3	-0.113
27.575	1.473E-3	-0.116
27.624	1.300E-3	-0.119
27.673	8.412E-4	-0.119
27.723	2.524E-4	-0.116
27.772	1.396E-4	-0.111
27.821	2.050E-3	-0.104
27.871	1.517E-3	-9.393E-2
27.920	6.800E-4	-8.967E-2
27.969		
28.019		
28.068		
28.117		
28.167	1.708E-3	-0.126
28.216		
28.265		
28.315		
28.364		
28.413		
28.463		
28.512		
28.561		
28.611	1.119E-2	-9.962E-2
28.660	1.090E-2	-0.103
28.709	1.094E-2	-0.105
28.759	1.051E-2	-0.106
28.808	1.002E-2	-0.107
28.857	9.969E-3	-0.107
28.907	9.778E-3	-0.107
28.956	9.232E-3	-0.109
29.005	7.994E-3	-0.111
29.055	6.186E-3	-0.114
29.104	4.232E-3	-0.114
29.153	2.822E-3	-0.115
29.203	1.703E-3	-0.116
29.252	2.576E-4	-0.118
29.301	-9.435E-4	-0.118
29.351	-2.595E-3	-0.118
29.400	-5.295E-3	-0.118
29.449	-7.943E-3	-0.117
29.499	-1.037E-2	-0.114
29.548	-1.290E-2	-0.110
29.597	-1.524E-2	-0.105
29.646	-1.729E-2	-9.798E-2
29.696		
29.745		
29.794		
29.844		
29.893	-2.905E-2	-0.135
29.942	-3.081E-2	-0.127
29.992		
30.041	-2.607E-2	-9.456E-2
30.090	-1.650E-2	-7.983E-2
30.140		
30.189		
30.238		
30.288		
30.337	-8.227E-3	-0.140
30.386	-9.923E-3	-0.135
30.436		
30.485		
30.534	-3.890E-2	-0.103
30.584	-4.659E-4	-8.909E-2
30.633		
30.682		
30.732	2.708E-3	-0.113
30.781	-6.873E-4	-0.117
30.830	-1.698E-3	-0.117
30.880	1.964E-3	-0.115
30.929		
30.978		
31.028		
31.077	3.167E-3	-8.082E-2
31.126	2.646E-3	-8.942E-2
31.176	3.962E-3	-9.925E-2
31.225	5.737E-3	-0.110
31.274	5.707E-3	-0.114
31.324	4.763E-3	-0.117
31.373	4.119E-3	-0.116
31.422	3.469E-3	-0.114
31.472	2.953E-3	-0.112
31.521	3.371E-3	-0.108
31.570	4.952E-3	-0.102
31.620	6.999E-3	-9.709E-2
31.669	8.577E-3	-9.370E-2
31.718	9.339E-3	-9.205E-2
31.768	1.010E-2	-9.348E-2
31.817	1.036E-2	-9.727E-2
31.866	9.740E-3	-0.100
31.916	8.515E-3	-0.104
31.965	7.001E-3	-0.106
32.014	5.357E-3	-0.107
32.064	4.159E-3	-0.107
32.113	4.237E-3	-0.103
32.162		
32.212		
32.261		
32.310		
32.360		
32.409	8.857E-3	-9.166E-2
32.458	8.633E-3	-9.433E-2
32.508	8.075E-3	-9.756E-2
32.557	6.049E-3	-0.100
32.606	3.592E-3	-0.100
32.656	1.594E-3	-9.882E-2
32.705	1.685E-4	-9.809E-2
32.754	-1.286E-3	-9.600E-2
32.804	-3.257E-3	-9.276E-2
32.853	-5.719E-3	-9.242E-2
32.902	-8.157E-3	-9.142E-2
32.952	-1.072E-2	-9.318E-2
33.001	-1.240E-2	-9.741E-2
33.050	-1.360E-2	-0.103
33.099	-1.565E-2	-0.106
33.149	-1.788E-2	-0.109
33.198	-1.964E-2	-0.110
33.247	-2.103E-2	-0.107
33.297		
33.346		
33.395	-2.314E-2	-8.274E-2
33.445	-2.411E-2	-8.279E-2
33.494		
33.543		
33.593		
33.642		
33.691	-1.359E-2	-0.129
33.741	-1.236E-2	-0.128
33.790	-1.166E-2	-0.126
33.839		
33.889		
33.938		
33.987		
34.037		
34.086		
34.135		
34.185		
34.234		
34.283		
34.333	6.070E-3	-0.108
34.382	6.251E-3	-0.105
34.431	5.016E-3	-0.101
34.481	4.163E-3	-9.904E-2
34.530	2.249E-3	-9.937E-2
34.579	4.317E-4	-0.102
34.629	-7.242E-4	-0.105
34.678	-1.057E-3	-0.108
34.727	-8.589E-4	-0.110
34.777	-9.035E-4	-0.109
34.826	-1.482E-3	-0.109
34.875	-1.862E-3	-0.106
34.925	-2.590E-3	-0.102
34.974	-3.421E-3	-9.725E-2
35.023	-4.900E-3	-9.369E-2
35.073		
35.122	-5.564E-3	-0.102
35.171	-8.286E-3	-0.111
35.221	-9.119E-3	-0.117
35.270	-8.569E-3	-0.120
35.319	-9.113E-3	-0.122
35.369	-8.933E-3	-0.120
35.418		
35.467		
35.517		
35.566	1.125E-3	-8.521E-2
35.615	4.902E-4	-8.660E-2
35.665	-9.997E-4	-9.671E-2
35.714	6.652E-4	-0.109
35.763	1.638E-3	-0.116
35.813	2.011E-3	-0.115
35.862		
35.911		
35.961		
36.010		
36.059		
36.109		
36.158		
36.207	-6.868E-3	-0.112
36.257	-9.319E-3	-0.119
36.306	-1.176E-2	-0.125
36.355	-1.420E-2	-0.129
36.405	-1.729E-2	-0.127
36.454		
36.503		
36.552		
36.602		
36.651	-1.337E-2	-8.648E-2
36.700	-1.330E-2	-9.639E-2
36.750	-1.265E-2	-0.111
36.799	-6.989E-3	-0.123
36.848	-7.229E-3	-0.132
36.898	-4.976E-3	-0.142
36.947	-8.196E-3	-0.146
36.996	-1.001E-2	-0.146
37.046	-1.067E-2	-0.142
37.095		
37.144		
37.194	4.873E-4	-0.108
37.243		
37.292		
37.342		
37.391	8.312E-3	-8.487E-2
37.440	8.373E-3	-8.763E-2
37.490	8.392E-3	-9.273E-2
37.539	8.636E-3	-9.589E-2
37.588	8.578E-3	-9.921E-2
37.638	8.289E-3	-0.102
37.687	8.020E-3	-0.104
37.736	7.444E-3	-0.107
37.786	7.053E-3	-0.109
37.835	6.423E-3	-0.111
37.884	5.256E-3	-0.112
37.934	5.193E-3	-0.112
37.983	5.147E-3	-0.110
38.032	5.422E-3	-0.108
38.082	6.347E-3	-0.106
38.131	7.063E-3	-0.104
38.180	7.026E-3	-0.103
38.230	7.173E-3	-0.104
38.279	6.694E-3	-0.105
38.328	5.932E-3	-0.104
38.378	4.682E-3	-0.102
38.427	4.194E-3	-0.101
38.476	4.759E-3	-9.953E-2
38.526		
38.575		
38.624		
38.674	2.445E-3	-9.594E-2
38.723	8.469E-4	-9.879E-2
38.772		
38.822		
38.871		
38.920		
38.970		
39.019		
39.068	-2.381E-2	-7.518E-2
39.118		
39.167		
39.216	-2.767E-2	-7.434E-2
39.266	-2.616E-2	-8.407E-2
39.315	-1.141E-3	-8.843E-2
39.364		
39.414		
39.463	-2.516E-2	-7.961E-2
39.512		
39.562		
39.611		
39.660	-3.069E-3	-8.232E-2
39.710	-5.533E-3	-8.079E-2
39.759	-8.960E-3	-8.076E-2
39.808	-7.978E-3	-9.516E-2
39.858	-3.881E-3	-0.108
39.907	-5.619E-3	-0.121
39.956	-7.766E-3	-0.123
40.005		
40.055		
40.104	-1.947E-2	-9.735E-2
40.153	-1.029E-2	-9.009E-2
40.203	-1.336E-2	-0.103
40.252	-8.663E-3	-0.118
40.301	-1.078E-2	-0.128
40.351	-1.299E-2	-0.132
40.400		
40.449		
40.499	-3.286E-3	-8.221E-2
40.548		
40.597	-1.081E-3	-7.812E-2
40.647	1.396E-3	-8.564E-2
40.696	3.645E-3	-9.987E-2
40.745	4.685E-3	-0.111
40.795	-2.127E-2	-9.655E-2
40.844	3.481E-3	-0.119
40.893	1.468E-3	-0.116
40.943	1.542E-3	-0.108
40.992		
41.041		
41.091		
41.140		
41.189		
41.239		
41.288	-3.286E-2	-8.133E-2
41.337		
41.387		
41.436		
41.485		
41.535		
41.584	2.687E-3	-8.475E-2
41.633	2.053E-3	-9.036E-2
41.683	1.488E-3	-9.863E-2
41.732	3.715E-4	-0.107
41.781	-1.462E-3	-0.113
41.831	-5.406E-3	-0.114
41.880	-4.612E-3	-0.111
41.929	-2.090E-2	-9.703E-2
41.979		
42.028		
42.077		
42.127	-1.129E-3	-9.535E-2
42.176	1.317E-3	-0.110
