,mass A,,
t,x,y,
0.000,-0.115,-4.896E-2
0.017,-0.116,-4.898E-2
0.035,-0.117,-4.668E-2
0.052,-0.118,-4.697E-2
0.069,-0.119,-4.560E-2
0.087,-0.119,-4.414E-2
0.104,-0.119,-4.290E-2
0.121,-0.119,-4.397E-2
0.139,-0.118,-4.252E-2
0.156,-0.118,-4.276E-2
0.173,-0.118,-4.290E-2
0.191,-0.118,-4.429E-2
0.208,-0.118,-4.416E-2
0.225,-0.118,-4.360E-2
0.243,-0.117,-4.326E-2
0.260,-0.116,-4.292E-2
0.277,-0.116,-4.334E-2
0.295,-0.115,-4.329E-2
0.312,-0.115,-4.344E-2
0.329,-0.114,-4.342E-2
0.347,-0.114,-4.357E-2
0.364,-0.115,-4.427E-2
0.381,-0.116,-4.440E-2
0.399,-0.116,-4.502E-2
0.416,-0.116,-4.784E-2
0.433,-0.116,-5.088E-2
0.451,-0.135,-5.739E-2
0.468,-0.136,-6.092E-2
0.485,-0.135,-6.360E-2
0.503,-0.120,-6.630E-2
0.520,-0.115,-6.668E-2
0.537,-0.115,-6.755E-2
0.555,-0.116,-6.797E-2
0.572,-0.117,-6.545E-2
0.589,-0.117,-6.228E-2
0.607,-0.117,-5.862E-2
0.624,-0.117,-5.413E-2
0.641,-0.117,-4.961E-2
0.659,-0.118,-4.672E-2
0.676,-0.119,-4.529E-2
0.693,-0.119,-4.387E-2
0.711,-0.119,-4.387E-2
0.728,-0.118,-4.440E-2
0.745,-0.119,-4.573E-2
0.763,-0.119,-4.789E-2
0.780,-0.118,-4.987E-2
0.797,-0.117,-5.255E-2
0.815,-0.116,-5.446E-2
0.832,-0.116,-5.525E-2
0.849,-0.115,-5.476E-2
0.867,-0.114,-5.385E-2
0.884,-0.114,-5.259E-2
0.901,-0.115,-5.110E-2
0.919,-0.115,-4.992E-2
0.936,-0.115,-4.866E-2
0.953,-0.115,-4.750E-2
0.971,-0.115,-4.657E-2
0.988,-0.115,-4.556E-2
1.005,-0.116,-4.469E-2
1.023,-0.117,-4.426E-2
1.040,-0.116,-4.201E-2
1.057,-0.117,-4.380E-2
1.075,-0.117,-4.312E-2
1.092,-0.117,-4.344E-2
1.109,-0.117,-4.336E-2
1.127,-0.117,-4.330E-2
1.144,-0.116,-4.328E-2
1.161,-0.116,-4.367E-2
1.179,-0.115,-4.375E-2
1.196,-0.115,-4.324E-2
1.213,-0.115,-4.633E-2
1.231,-0.113,-4.414E-2
1.248,-0.114,-4.626E-2
1.265,-0.112,-4.237E-2
1.283,-0.112,-4.138E-2
1.300,-0.112,-4.229E-2
1.317,-0.110,-4.010E-2
1.335,-0.111,-3.902E-2
1.352,-0.111,-3.867E-2
1.369,-0.110,-3.693E-2
1.387,-0.111,-3.600E-2
1.404,-0.112,-3.555E-2
1.421,-0.111,-3.577E-2
1.439,-0.112,-3.664E-2
1.456,-0.111,-3.773E-2
1.473,-0.111,-3.850E-2
1.491,-0.111,-3.871E-2
1.508,-0.129,-4.944E-2
1.525,-0.140,-4.930E-2
1.543,-0.151,-5.233E-2
1.560,-0.137,-5.435E-2
1.577,-0.124,-5.659E-2
1.595,-0.109,-4.958E-2
1.612,-0.109,-5.139E-2
1.629,-0.109,-5.131E-2
1.647,-0.109,-4.952E-2
1.664,-0.109,-4.765E-2
1.681,-0.108,-4.579E-2
1.699,-0.109,-4.415E-2
1.716,-0.108,-4.397E-2
1.733,-0.110,-4.407E-2
1.751,-0.124,-5.319E-2
1.768,-0.142,-5.882E-2
1.785,-0.154,-6.014E-2
1.803,-0.144,-6.251E-2
1.820,-0.140,-6.091E-2
1.837,-0.142,-6.106E-2
1.855,-0.129,-6.195E-2
1.872,-0.113,-5.592E-2
1.889,-0.114,-5.318E-2
1.907,-0.114,-5.121E-2
1.924,-0.113,-5.011E-2
1.941,-0.113,-5.017E-2
1.959,-0.115,-5.029E-2
1.976,-0.115,-5.118E-2
1.993,-0.134,-5.947E-2
2.011,-0.121,-6.162E-2
2.028,-0.121,-6.213E-2
2.045,-0.114,-5.673E-2
2.063,-0.116,-5.472E-2
2.080,-0.116,-5.216E-2
2.097,-0.116,-4.935E-2
2.115,-0.116,-4.515E-2
2.132,-0.117,-4.204E-2
2.149,-0.118,-3.949E-2
2.167,-0.119,-3.846E-2
2.184,-0.119,-3.851E-2
2.201,-0.120,-4.029E-2
2.219,-0.119,-4.376E-2
2.236,-0.137,-5.646E-2
2.253,-0.149,-6.144E-2
2.271,-0.135,-6.131E-2
2.288,-0.134,-6.431E-2
2.305,-0.132,-6.621E-2
2.323,-0.132,-6.766E-2
2.340,-0.132,-6.823E-2
2.357,-0.126,-6.872E-2
2.375,-0.112,-6.225E-2
2.392,-0.112,-6.117E-2
2.409,-0.113,-5.841E-2
2.427,-0.113,-5.390E-2
2.444,-0.113,-4.892E-2
2.461,-0.113,-4.506E-2
2.479,-0.112,-4.294E-2
2.496,-0.113,-4.118E-2
2.513,-0.112,-4.037E-2
2.531,-0.112,-4.030E-2
2.548,-0.116,-5.023E-2
2.565,-0.133,-4.956E-2
2.583,-0.149,-5.010E-2
2.600,-0.164,-4.808E-2
2.617,-0.178,-4.560E-2
2.635,-0.181,-4.586E-2
2.652,-0.181,-4.642E-2
2.669,-0.194,-4.847E-2
2.687,-0.193,-4.995E-2
2.704,-0.179,-4.936E-2
2.721,-0.178,-5.016E-2
2.739,-0.177,-5.260E-2
2.756,-0.177,-5.352E-2
2.773,-0.182,-5.240E-2
2.791,-0.176,-5.199E-2
2.808,-0.167,-5.206E-2
2.825,-0.153,-5.069E-2
2.843,-0.141,-5.106E-2
2.860,-0.154,-4.873E-2
2.877,-0.141,-4.911E-2
2.895,-0.140,-4.879E-2
2.912,-0.138,-4.830E-2
2.929,-0.155,-5.066E-2
2.947,-0.168,-5.648E-2
2.964,-0.154,-5.254E-2
2.981,-0.153,-5.413E-2
2.999,-0.153,-5.488E-2
3.016,-0.139,-5.486E-2
3.033,-0.139,-5.507E-2
3.051,-0.140,-5.652E-2
3.068,-0.139,-5.513E-2
3.085,-0.127,-5.886E-2
3.103,-0.115,-5.229E-2
3.120,-0.114,-5.107E-2
3.137,-0.115,-4.780E-2
3.155,-0.114,-4.510E-2
3.172,-0.114,-4.139E-2
3.189,-0.114,-3.757E-2
3.207,-0.115,-3.229E-2
3.224,-0.116,-2.845E-2
3.241,-0.117,-2.476E-2
3.259,-0.121,-2.206E-2
3.276,-0.121,-2.094E-2
3.293,-0.121,-1.897E-2
3.311,-0.130,-2.809E-2
3.328,-0.122,-2.125E-2
3.345,-0.121,-2.462E-2
3.363,-0.140,-4.232E-2
3.380,-0.142,-4.912E-2
3.397,-0.146,-5.893E-2
3.415,-0.138,-6.071E-2
3.432,-0.137,-6.709E-2
3.449,-0.146,-7.247E-2
3.467,-0.151,-7.492E-2
3.484,-0.141,-7.598E-2
3.501,-0.151,-7.136E-2
3.519,-0.138,-7.278E-2
3.536,-0.137,-7.068E-2
3.553,-0.138,-6.841E-2
3.571,-0.138,-6.631E-2
3.588,-0.123,-6.780E-2
3.605,-0.120,-6.615E-2
3.623,-0.106,-5.864E-2
3.640,-0.106,-5.954E-2
3.657,-0.106,-5.960E-2
3.675,-0.107,-5.940E-2
3.692,-0.107,-5.863E-2
3.709,-0.108,-5.783E-2
3.727,-0.107,-5.720E-2
3.744,-0.107,-5.685E-2
3.761,-0.107,-5.581E-2
3.779,-0.108,-5.399E-2
3.796,-0.108,-5.227E-2
3.813,-0.108,-5.122E-2
3.831,-0.109,-5.135E-2
3.848,-0.115,-6.054E-2
3.865,-0.129,-6.269E-2
3.883,-0.140,-6.380E-2
3.900,-0.141,-6.421E-2
3.917,-0.136,-6.168E-2
3.935,-0.150,-5.776E-2
3.952,-0.147,-5.641E-2
3.969,-0.162,-5.288E-2
3.987,-0.149,-5.422E-2
4.004,-0.138,-5.566E-2
4.021,-0.136,-5.509E-2
4.039,-0.136,-5.507E-2
4.056,-0.148,-5.457E-2
4.073,-0.149,-5.518E-2
4.091,-0.148,-5.613E-2
4.108,-0.147,-5.778E-2
4.125,-0.148,-5.833E-2
4.143,-0.164,-6.067E-2
4.160,-0.177,-6.272E-2
4.177,-0.182,-6.193E-2
4.195,-0.165,-6.228E-2
4.212,-0.151,-6.234E-2
4.229,-0.142,-6.429E-2
4.247,-0.137,-6.248E-2
4.264,-0.130,-6.407E-2
4.281,-0.121,-6.198E-2
4.299,-0.108,-5.587E-2
4.316,-0.109,-5.230E-2
4.333,-0.109,-4.961E-2
4.351,-0.109,-4.769E-2
4.368,-0.109,-4.672E-2
4.385,-0.109,-4.602E-2
4.403,-0.109,-4.591E-2
4.420,-0.110,-4.608E-2
4.437,-0.110,-4.685E-2
4.455,-0.110,-4.832E-2
4.472,-0.110,-5.019E-2
4.489,-0.110,-5.235E-2
4.507,-0.110,-5.495E-2
4.524,-0.108,-5.686E-2
4.541,-0.123,-5.968E-2
4.559,-0.134,-5.628E-2
4.576,-0.147,-5.252E-2
4.593,-0.161,-5.303E-2
4.611,-0.162,-5.416E-2
4.628,-0.148,-5.474E-2
4.645,-0.149,-5.559E-2
4.663,-0.134,-5.712E-2
4.680,-0.116,-5.894E-2
4.697,-0.120,-6.031E-2
4.715,-0.137,-5.921E-2
4.732,-0.150,-5.695E-2
4.749,-0.163,-5.836E-2
4.767,-0.169,-5.667E-2
4.784,-0.163,-5.670E-2
4.801,-0.159,-5.836E-2
4.819,-0.174,-6.375E-2
4.836,-0.189,-6.502E-2
4.853,-0.192,-6.488E-2
4.871,-0.177,-6.540E-2
4.888,-0.176,-6.506E-2
4.905,-0.161,-6.679E-2
4.923,-0.146,-6.803E-2
4.940,-0.146,-6.785E-2
4.957,-0.133,-6.801E-2
4.975,-0.117,-7.279E-2
4.992,-0.111,-6.778E-2
5.009,-0.112,-6.501E-2
5.027,-0.111,-6.116E-2
5.044,-0.112,-5.681E-2
5.061,-0.112,-5.202E-2
5.079,-0.112,-4.777E-2
5.096,-0.113,-4.492E-2
5.113,-0.113,-4.210E-2
5.131,-0.113,-4.023E-2
5.148,-0.118,-4.531E-2
5.165,-0.119,-4.610E-2
5.183,-0.119,-4.774E-2
5.200,-0.115,-4.684E-2
5.217,-0.114,-5.022E-2
5.234,-0.114,-5.459E-2
5.252,-0.131,-6.460E-2
5.269,-0.131,-6.916E-2
5.286,-0.146,-7.351E-2
5.304,-0.132,-7.756E-2
5.321,-0.119,-7.913E-2
5.338,-0.117,-8.191E-2
5.356,-0.118,-8.190E-2
5.373,-0.114,-7.593E-2
5.390,-0.114,-7.214E-2
5.408,-0.114,-6.776E-2
5.425,-0.113,-6.295E-2
5.442,-0.113,-5.849E-2
5.460,-0.113,-5.408E-2
5.477,-0.114,-5.048E-2
5.494,-0.114,-4.862E-2
5.512,-0.115,-4.805E-2
5.529,-0.115,-4.706E-2
5.546,-0.114,-4.567E-2
5.564,-0.113,-4.668E-2
5.581,-0.112,-4.998E-2
5.598,-0.111,-5.218E-2
5.616,-0.122,-5.726E-2
5.633,-0.121,-5.839E-2
5.650,-0.127,-6.272E-2
5.668,-0.142,-6.293E-2
5.685,-0.131,-6.006E-2
5.702,-0.135,-5.627E-2
5.720,-0.137,-5.457E-2
5.737,-0.138,-5.326E-2
5.754,-0.138,-5.194E-2
5.772,-0.136,-5.073E-2
5.789,-0.122,-5.214E-2
5.806,-0.110,-4.867E-2
5.824,-0.112,-4.926E-2
5.841,-0.110,-4.594E-2
5.858,-0.110,-4.462E-2
5.876,-0.110,-4.424E-2
5.893,-0.111,-4.508E-2
5.910,-0.110,-4.596E-2
5.928,-0.111,-4.575E-2
5.945,-0.112,-4.398E-2
5.962,-0.113,-4.127E-2
5.980,-0.113,-3.886E-2
5.997,-0.115,-3.685E-2
6.014,-0.114,-3.416E-2
6.032,-0.114,-3.225E-2
6.049,-0.116,-3.306E-2
6.066,-0.115,-2.961E-2
6.084,-0.116,-2.959E-2
6.101,-0.117,-3.287E-2
6.118,-0.117,-3.382E-2
6.136,-0.117,-3.448E-2
6.153,-0.118,-3.577E-2
6.170,-0.118,-3.718E-2
6.188,-0.117,-3.926E-2
6.205,-0.117,-4.193E-2
6.222,-0.116,-4.424E-2
6.240,-0.115,-4.693E-2
6.257,-0.115,-4.945E-2
6.274,-0.116,-5.109E-2
6.292,-0.116,-5.197E-2
6.309,-0.116,-5.028E-2
6.326,-0.115,-5.053E-2
6.344,-0.117,-5.380E-2
6.361,-0.116,-5.476E-2
6.378,-0.114,-5.406E-2
6.396,-0.116,-5.749E-2
6.413,-0.115,-5.848E-2
6.430,-0.115,-5.836E-2
6.448,-0.113,-5.658E-2
6.465,-0.114,-5.745E-2
6.482,-0.114,-5.705E-2
6.500,-0.114,-5.630E-2
6.517,-0.114,-5.566E-2
6.534,-0.114,-5.479E-2
6.552,-0.114,-5.426E-2
6.569,-0.115,-5.341E-2
6.586,-0.115,-5.050E-2
6.604,-0.115,-5.026E-2
6.621,-0.116,-4.962E-2
6.638,-0.116,-5.030E-2
6.656,-0.116,-5.131E-2
6.673,-0.120,-5.736E-2
6.690,-0.120,-5.975E-2
6.708,-0.138,-6.228E-2
6.725,-0.138,-6.543E-2
6.742,-0.138,-6.800E-2
6.760,-0.138,-6.908E-2
6.777,-0.135,-7.068E-2
6.794,-0.133,-7.151E-2
6.812,-0.114,-6.674E-2
6.829,-0.114,-6.665E-2
6.846,-0.114,-6.663E-2
6.864,-0.114,-6.758E-2
6.881,-0.113,-6.833E-2
6.898,-0.114,-6.767E-2
6.916,-0.113,-6.505E-2
6.933,-0.114,-6.138E-2
6.950,-0.115,-5.711E-2
6.968,-0.116,-5.377E-2
6.985,-0.116,-5.048E-2
7.002,-0.116,-4.878E-2
7.020,-0.116,-4.865E-2
7.037,-0.116,-4.884E-2
7.054,-0.117,-4.954E-2
7.072,-0.116,-5.027E-2
7.089,-0.114,-5.055E-2
7.106,-0.114,-5.042E-2
7.124,-0.114,-4.860E-2
7.141,-0.115,-4.586E-2
7.158,-0.116,-4.403E-2
7.176,-0.117,-4.231E-2
7.193,-0.117,-4.129E-2
7.210,-0.117,-4.045E-2
7.228,-0.117,-3.946E-2
7.245,-0.117,-3.855E-2
7.262,-0.118,-3.770E-2
7.280,-0.118,-3.766E-2
7.297,-0.117,-3.682E-2
7.314,-0.119,-3.978E-2
7.332,-0.119,-4.019E-2
7.349,-0.118,-4.078E-2
7.366,-0.118,-4.237E-2
7.384,-0.118,-4.420E-2
7.401,-0.117,-4.669E-2
7.418,-0.118,-4.951E-2
7.436,-0.117,-5.284E-2
7.453,-0.117,-5.565E-2
7.470,-0.118,-5.705E-2
7.488,-0.118,-5.874E-2
7.505,-0.119,-5.929E-2
7.522,-0.119,-5.961E-2
7.540,-0.120,-6.007E-2
7.557,-0.120,-6.107E-2
7.574,-0.120,-6.195E-2
7.592,-0.121,-6.326E-2
7.609,-0.121,-6.409E-2
7.626,-0.121,-6.509E-2
7.644,-0.122,-6.548E-2
7.661,-0.122,-6.630E-2
7.678,-0.122,-6.701E-2
7.696,-0.122,-6.873E-2
7.713,-0.122,-7.033E-2
7.730,-0.122,-7.180E-2
7.748,-0.121,-7.374E-2
7.765,-0.122,-7.435E-2
7.782,-0.123,-7.469E-2
7.800,-0.123,-7.459E-2
7.817,-0.122,-7.456E-2
7.834,-0.122,-7.338E-2
7.852,-0.122,-7.145E-2
7.869,-0.123,-6.916E-2
7.886,-0.122,-6.825E-2
7.904,-0.122,-6.714E-2
7.921,-0.121,-6.623E-2
7.938,-0.122,-6.523E-2
7.956,-0.121,-6.438E-2
7.973,-0.120,-6.319E-2
7.990,-0.120,-6.156E-2
8.008,-0.120,-6.012E-2
8.025,-0.119,-5.835E-2
8.042,-0.118,-5.665E-2
8.060,-0.118,-5.497E-2
8.077,-0.119,-5.278E-2
8.094,-0.119,-5.081E-2
8.112,-0.119,-4.937E-2
8.129,-0.119,-4.874E-2
8.146,-0.118,-4.890E-2
8.164,-0.118,-4.878E-2
8.181,-0.118,-4.893E-2
8.198,-0.115,-4.762E-2
8.216,-0.117,-4.689E-2
8.233,-0.116,-4.743E-2
8.250,-0.117,-4.579E-2
8.268,-0.116,-4.469E-2
8.285,-0.115,-4.144E-2
8.302,-0.115,-4.103E-2
8.320,-0.115,-4.046E-2
8.337,-0.116,-4.055E-2
8.354,-0.116,-4.046E-2
8.372,-0.117,-4.046E-2
8.389,-0.116,-4.032E-2
8.406,-0.127,-4.629E-2
8.424,-0.117,-3.951E-2
8.441,-0.117,-3.952E-2
8.458,-0.117,-4.213E-2
8.476,-0.117,-4.049E-2
8.493,-0.117,-4.354E-2
8.510,-0.117,-4.424E-2
8.528,-0.118,-4.201E-2
8.545,-0.119,-4.248E-2
8.562,-0.120,-3.843E-2
8.580,-0.121,-3.916E-2
8.597,-0.121,-3.827E-2
8.614,-0.121,-3.790E-2
8.632,-0.120,-3.882E-2
8.649,-0.118,-4.000E-2
8.666,-0.117,-4.156E-2
8.684,-0.135,-5.179E-2
8.701,-0.138,-5.518E-2
8.718,-0.138,-5.450E-2
8.736,-0.139,-5.445E-2
8.753,-0.138,-5.121E-2
8.770,-0.140,-5.028E-2
8.788,-0.155,-5.029E-2
8.805,-0.154,-4.861E-2
8.822,-0.153,-4.673E-2
8.840,-0.139,-4.705E-2
8.857,-0.141,-4.529E-2
8.874,-0.125,-4.563E-2
8.892,-0.112,-3.509E-2
8.909,-0.112,-3.597E-2
8.926,-0.116,-4.698E-2
8.944,-0.131,-4.682E-2
8.961,-0.147,-5.138E-2
8.978,-0.161,-5.933E-2
8.996,-0.174,-6.383E-2
9.013,-0.158,-6.416E-2
9.030,-0.149,-6.407E-2
9.048,-0.134,-6.499E-2
9.065,-0.128,-6.790E-2
9.082,-0.122,-6.822E-2
9.100,-0.109,-6.499E-2
9.117,-0.110,-6.476E-2
9.134,-0.112,-6.214E-2
9.152,-0.113,-5.844E-2
9.169,-0.113,-5.310E-2
9.186,-0.114,-4.854E-2
9.204,-0.115,-4.316E-2
9.221,-0.114,-3.933E-2
9.238,-0.114,-3.502E-2
9.256,-0.116,-3.217E-2
9.273,-0.116,-2.950E-2
9.290,-0.116,-2.869E-2
9.308,-0.117,-2.948E-2
9.325,-0.117,-3.119E-2
9.342,-0.117,-3.523E-2
9.360,-0.115,-3.690E-2
9.377,-0.114,-4.014E-2
9.394,-0.112,-4.355E-2
9.412,-0.111,-4.513E-2
9.429,-0.112,-4.610E-2
9.446,-0.113,-4.441E-2
9.464,-0.114,-4.048E-2
9.481,-0.114,-3.756E-2
9.498,-0.115,-3.574E-2
9.516,-0.115,-3.235E-2
9.533,-0.117,-3.342E-2
9.550,-0.131,-3.840E-2
9.568,-0.147,-3.885E-2
9.585,-0.157,-3.907E-2
9.602,-0.157,-3.891E-2
9.620,-0.143,-3.952E-2
9.637,-0.153,-4.157E-2
9.654,-0.140,-4.341E-2
9.672,-0.122,-3.769E-2
9.689,-0.139,-5.122E-2
9.706,-0.149,-6.041E-2
9.724,-0.137,-6.190E-2
9.741,-0.136,-6.665E-2
9.758,-0.137,-6.889E-2
9.776,-0.124,-7.332E-2
9.793,-0.117,-7.041E-2
9.810,-0.117,-7.039E-2
9.828,-0.117,-7.028E-2
9.845,-0.117,-6.836E-2
9.862,-0.118,-6.579E-2
9.880,-0.116,-6.227E-2
9.897,-0.117,-5.863E-2
9.914,-0.116,-5.405E-2
9.932,-0.116,-4.940E-2
9.949,-0.117,-4.396E-2
9.966,-0.117,-4.031E-2
9.984,-0.118,-3.743E-2
10.001,-0.119,-3.499E-2
10.018,-0.118,-3.322E-2
10.036,-0.119,-3.196E-2
10.053,-0.119,-3.113E-2
10.070,-0.119,-3.196E-2
10.088,-0.119,-3.397E-2
10.105,-0.138,-4.798E-2
10.122,-0.139,-5.030E-2
10.140,-0.152,-5.772E-2
10.157,-0.166,-6.585E-2
10.174,-0.150,-6.609E-2
10.192,-0.149,-6.992E-2
10.209,-0.136,-7.090E-2
10.226,-0.133,-7.284E-2
10.244,-0.113,-6.953E-2
10.261,-0.114,-6.691E-2
10.278,-0.114,-6.289E-2
10.296,-0.114,-5.758E-2
10.313,-0.114,-5.222E-2
10.330,-0.114,-4.763E-2
10.348,-0.114,-4.538E-2
10.365,-0.114,-4.320E-2
10.382,-0.114,-4.198E-2
10.400,-0.115,-4.129E-2
10.417,-0.115,-4.118E-2
10.434,-0.114,-4.207E-2
10.452,-0.114,-4.322E-2
10.469,-0.112,-4.503E-2
10.486,-0.124,-5.607E-2
10.504,-0.134,-5.626E-2
10.521,-0.137,-5.289E-2
10.538,-0.137,-5.206E-2
10.556,-0.151,-4.882E-2
10.573,-0.169,-4.899E-2
10.590,-0.157,-5.036E-2
10.608,-0.158,-5.229E-2
10.625,-0.169,-4.897E-2
10.642,-0.169,-4.732E-2
10.660,-0.168,-4.599E-2
10.677,-0.154,-4.792E-2
10.694,-0.141,-4.812E-2
10.712,-0.141,-4.637E-2
10.729,-0.152,-4.493E-2
10.746,-0.139,-4.452E-2
10.764,-0.140,-4.539E-2
10.781,-0.139,-4.699E-2
10.798,-0.139,-4.980E-2
10.816,-0.152,-5.402E-2
10.833,-0.138,-5.420E-2
10.850,-0.136,-5.531E-2
10.868,-0.138,-5.591E-2
10.885,-0.124,-5.703E-2
10.902,-0.113,-5.395E-2
10.920,-0.114,-5.216E-2
10.937,-0.114,-4.954E-2
10.954,-0.115,-4.705E-2
10.972,-0.116,-4.565E-2
10.989,-0.117,-4.391E-2
11.006,-0.117,-4.296E-2
11.024,-0.116,-4.135E-2
11.041,-0.116,-4.040E-2
11.058,-0.115,-4.044E-2
11.076,-0.114,-4.029E-2
11.093,-0.113,-3.858E-2
11.110,-0.114,-3.983E-2
11.128,-0.113,-3.790E-2
11.145,-0.113,-3.328E-2
11.162,-0.112,-3.144E-2
11.180,-0.112,-3.044E-2
11.197,-0.113,-2.870E-2
11.214,-0.114,-2.782E-2
11.232,-0.114,-2.784E-2
11.249,-0.114,-2.870E-2
11.266,-0.115,-2.967E-2
11.284,-0.115,-3.207E-2
11.301,-0.117,-3.401E-2
11.318,-0.136,-5.072E-2
11.336,-0.154,-5.399E-2
11.353,-0.143,-5.475E-2
11.370,-0.138,-5.731E-2
11.388,-0.153,-6.243E-2
11.405,-0.139,-6.350E-2
11.422,-0.134,-6.584E-2
11.440,-0.150,-7.083E-2
11.457,-0.136,-7.163E-2
11.474,-0.133,-7.003E-2
11.492,-0.115,-7.375E-2
11.509,-0.115,-7.283E-2
11.526,-0.114,-6.682E-2
11.544,-0.114,-6.142E-2
11.561,-0.113,-5.689E-2
11.578,-0.113,-5.325E-2
11.596,-0.113,-5.133E-2
11.613,-0.112,-4.952E-2
11.630,-0.113,-4.865E-2
11.648,-0.114,-4.843E-2
11.665,-0.113,-4.664E-2
11.682,-0.115,-4.861E-2
11.700,-0.115,-5.027E-2
11.717,-0.121,-5.496E-2
11.734,-0.138,-5.809E-2
11.752,-0.118,-6.471E-2
11.769,-0.121,-6.651E-2
11.786,-0.138,-6.360E-2
11.804,-0.136,-6.549E-2
11.821,-0.140,-6.583E-2
11.838,-0.128,-6.836E-2
11.856,-0.116,-6.989E-2
11.873,-0.115,-6.976E-2
11.890,-0.116,-6.742E-2
11.908,-0.116,-6.384E-2
11.925,-0.116,-5.958E-2
11.942,-0.116,-5.471E-2
11.960,-0.116,-5.109E-2
11.977,-0.117,-4.874E-2
11.994,-0.118,-4.736E-2
12.012,-0.118,-4.591E-2
12.029,-0.119,-4.553E-2
12.046,-0.118,-4.566E-2
12.064,-0.118,-4.781E-2
12.081,-0.117,-5.042E-2
12.098,-0.135,-5.268E-2
12.116,-0.148,-5.760E-2
12.133,-0.142,-6.347E-2
12.150,-0.141,-6.322E-2
12.168,-0.126,-6.406E-2
12.185,-0.115,-6.382E-2
12.202,-0.116,-6.293E-2
12.220,-0.117,-6.179E-2
12.237,-0.117,-5.976E-2
12.254,-0.117,-5.742E-2
12.272,-0.117,-5.545E-2
12.289,-0.116,-5.327E-2
12.306,-0.116,-5.281E-2
12.324,-0.116,-5.242E-2
12.341,-0.116,-5.238E-2
12.358,-0.115,-5.239E-2
12.376,-0.116,-5.201E-2
12.393,-0.116,-5.124E-2
12.410,-0.115,-5.028E-2
12.428,-0.116,-4.928E-2
12.445,-0.116,-4.800E-2
12.462,-0.116,-4.578E-2
12.480,-0.117,-4.375E-2
12.497,-0.115,-4.297E-2
12.514,-0.116,-4.223E-2
12.532,-0.115,-4.267E-2
12.549,-0.133,-5.094E-2
12.566,-0.143,-5.616E-2
12.584,-0.139,-5.886E-2
12.601,-0.124,-6.024E-2
12.618,-0.113,-6.111E-2
12.636,-0.113,-6.262E-2
12.653,-0.112,-6.039E-2
12.670,-0.115,-6.020E-2
12.688,-0.115,-5.669E-2
12.705,-0.115,-5.237E-2
12.722,-0.115,-5.132E-2
12.740,-0.116,-4.922E-2
12.757,-0.117,-4.668E-2
12.774,-0.118,-4.554E-2
12.792,-0.116,-4.294E-2
12.809,-0.117,-4.384E-2
12.826,-0.119,-4.553E-2
12.844,-0.118,-4.395E-2
12.861,-0.119,-4.742E-2
12.878,-0.119,-4.811E-2
12.896,-0.120,-4.890E-2
12.913,-0.119,-4.589E-2
12.930,-0.118,-4.592E-2
12.948,-0.120,-4.888E-2
12.965,-0.119,-4.791E-2
12.982,-0.119,-4.702E-2
13.000,-0.119,-4.397E-2
13.017,-0.120,-4.664E-2
13.034,-0.120,-4.738E-2
13.052,-0.120,-4.497E-2
13.069,-0.122,-4.835E-2
13.086,-0.121,-4.584E-2
13.104,-0.121,-4.593E-2
13.121,-0.122,-4.899E-2
13.138,-0.122,-4.928E-2
13.156,-0.121,-4.967E-2
13.173,-0.120,-4.974E-2
13.190,-0.120,-5.033E-2
13.208,-0.120,-5.097E-2
13.225,-0.119,-5.094E-2
13.242,-0.118,-4.865E-2
13.260,-0.119,-5.108E-2
13.277,-0.119,-4.859E-2
13.294,-0.120,-5.019E-2
13.312,-0.121,-4.868E-2
13.329,-0.121,-4.578E-2
13.346,-0.121,-4.490E-2
13.364,-0.121,-4.391E-2
13.381,-0.123,-4.544E-2
13.398,-0.123,-4.543E-2
13.416,-0.122,-4.505E-2
13.433,-0.122,-4.531E-2
13.450,-0.121,-4.520E-2
13.468,-0.122,-4.528E-2
13.485,-0.120,-4.571E-2
13.502,-0.121,-4.566E-2
13.520,-0.120,-4.223E-2
13.537,-0.122,-4.457E-2
13.554,-0.121,-4.197E-2
13.572,-0.121,-4.104E-2
13.589,-0.121,-3.964E-2
13.606,-0.121,-3.965E-2
13.624,-0.121,-3.949E-2
13.641,-0.122,-3.804E-2
13.658,-0.122,-3.709E-2
13.676,-0.120,-3.392E-2
13.693,-0.120,-3.301E-2
13.710,-0.122,-3.467E-2
13.728,-0.122,-3.411E-2
13.745,-0.122,-3.383E-2
13.762,-0.121,-3.381E-2
13.780,-0.120,-3.320E-2
13.797,-0.122,-3.573E-2
13.814,-0.121,-3.583E-2
13.832,-0.122,-3.640E-2
13.849,-0.121,-3.820E-2
13.866,-0.140,-5.158E-2
13.884,-0.146,-6.158E-2
13.901,-0.163,-6.724E-2
13.918,-0.152,-6.602E-2
13.936,-0.132,-6.992E-2
13.953,-0.114,-7.029E-2
13.970,-0.115,-7.219E-2
13.988,-0.115,-7.038E-2
14.005,-0.114,-6.596E-2
14.022,-0.112,-6.048E-2
14.040,-0.111,-5.515E-2
14.057,-0.111,-5.134E-2
14.074,-0.110,-4.848E-2
14.092,-0.110,-4.677E-2
14.109,-0.111,-4.503E-2
14.126,-0.111,-4.400E-2
14.144,-0.112,-4.322E-2
14.161,-0.112,-4.322E-2
14.178,-0.130,-4.814E-2
14.196,-0.138,-4.799E-2
14.213,-0.132,-4.984E-2
14.230,-0.148,-5.599E-2
14.248,-0.162,-6.040E-2
14.265,-0.161,-6.327E-2
14.282,-0.150,-6.495E-2
14.300,-0.134,-6.661E-2
14.317,-0.134,-6.796E-2
14.334,-0.132,-6.986E-2
14.352,-0.148,-6.739E-2
14.369,-0.132,-7.141E-2
14.386,-0.118,-7.384E-2
14.404,-0.112,-6.773E-2
14.421,-0.112,-6.498E-2
14.438,-0.110,-6.307E-2
14.456,-0.110,-6.027E-2
14.473,-0.110,-5.678E-2
14.490,-0.110,-5.314E-2
14.508,-0.111,-4.954E-2
14.525,-0.110,-4.599E-2
14.542,-0.112,-4.319E-2
14.560,-0.112,-4.238E-2
14.577,-0.114,-3.972E-2
14.594,-0.115,-3.687E-2
14.612,-0.116,-3.804E-2
14.629,-0.115,-3.414E-2
14.646,-0.115,-3.415E-2
14.664,-0.116,-3.762E-2
14.681,-0.117,-3.839E-2
14.698,-0.116,-3.891E-2
14.716,-0.116,-3.951E-2
14.733,-0.118,-4.076E-2
14.750,-0.118,-4.249E-2
14.768,-0.117,-4.515E-2
14.785,-0.114,-4.675E-2
14.802,-0.111,-5.317E-2
14.820,-0.113,-5.844E-2
14.837,-0.113,-6.196E-2
14.854,-0.113,-6.208E-2
14.872,-0.113,-6.104E-2
14.889,-0.113,-5.880E-2
14.906,-0.114,-5.800E-2
14.924,-0.115,-5.778E-2
14.941,-0.115,-5.850E-2
14.958,-0.115,-6.018E-2
14.976,-0.115,-6.192E-2
14.993,-0.115,-6.380E-2
15.010,-0.114,-6.525E-2
15.028,-0.128,-7.040E-2
15.045,-0.137,-6.708E-2
15.062,-0.120,-6.935E-2
15.080,-0.112,-7.067E-2
15.097,-0.112,-7.168E-2
15.114,-0.112,-7.291E-2
15.132,-0.112,-7.383E-2
15.149,-0.114,-7.467E-2
15.166,-0.113,-7.501E-2
15.184,-0.111,-7.409E-2
15.201,-0.111,-7.221E-2
15.218,-0.111,-6.952E-2
15.236,-0.111,-6.750E-2
15.253,-0.112,-6.527E-2
15.270,-0.111,-6.215E-2
15.288,-0.113,-6.041E-2
15.305,-0.112,-5.872E-2
15.322,-0.113,-5.771E-2
15.340,-0.113,-5.760E-2
15.357,-0.113,-5.849E-2
15.374,-0.112,-6.064E-2
15.392,-0.111,-6.350E-2
15.409,-0.111,-6.669E-2
15.426,-0.111,-6.846E-2
15.444,-0.110,-6.851E-2
15.461,-0.112,-6.665E-2
15.478,-0.112,-6.409E-2
15.496,-0.112,-6.049E-2
15.513,-0.112,-5.712E-2
15.530,-0.113,-5.425E-2
15.548,-0.112,-5.204E-2
15.565,-0.114,-5.118E-2
15.582,-0.113,-5.061E-2
15.600,-0.112,-4.785E-2
15.617,-0.114,-5.020E-2
15.634,-0.114,-5.166E-2
15.651,-0.114,-5.429E-2
15.669,-0.131,-5.984E-2
15.686,-0.116,-6.043E-2
15.703,-0.113,-6.313E-2
15.721,-0.113,-6.579E-2
15.738,-0.112,-6.673E-2
15.755,-0.112,-6.759E-2
15.773,-0.112,-6.692E-2
15.790,-0.112,-6.475E-2
15.807,-0.112,-6.222E-2
15.825,-0.112,-5.979E-2
15.842,-0.113,-5.841E-2
15.859,-0.112,-5.660E-2
15.877,-0.113,-5.656E-2
15.894,-0.114,-5.605E-2
15.911,-0.114,-5.521E-2
15.929,-0.115,-5.438E-2
15.946,-0.117,-5.375E-2
15.963,-0.116,-5.375E-2
15.981,-0.117,-5.290E-2
15.998,-0.116,-5.220E-2
16.015,-0.116,-5.191E-2
16.033,-0.116,-5.123E-2
16.050,-0.116,-5.107E-2
16.067,-0.116,-5.026E-2
16.085,-0.115,-4.858E-2
16.102,-0.115,-4.755E-2
16.119,-0.116,-4.747E-2
16.137,-0.117,-4.783E-2
16.154,-0.116,-4.822E-2
16.171,-0.118,-4.760E-2
16.189,-0.117,-4.750E-2
16.206,-0.117,-4.584E-2
16.223,-0.116,-4.465E-2
16.241,-0.116,-4.334E-2
16.258,-0.115,-4.199E-2
16.275,-0.115,-4.068E-2
16.293,-0.115,-4.030E-2
16.310,-0.115,-4.014E-2
16.327,-0.115,-4.034E-2
16.345,-0.114,-4.113E-2
16.362,-0.114,-4.145E-2
16.379,-0.114,-4.296E-2
16.397,-0.115,-4.175E-2
16.414,-0.114,-4.122E-2
16.431,-0.114,-4.126E-2
16.449,-0.114,-4.171E-2
16.466,-0.113,-4.216E-2
16.483,-0.113,-4.203E-2
16.501,-0.113,-4.024E-2
16.518,-0.113,-3.817E-2
16.535,-0.114,-3.653E-2
16.553,-0.114,-3.607E-2
16.570,-0.115,-3.558E-2
16.587,-0.115,-3.599E-2
16.605,-0.116,-3.737E-2
16.622,-0.115,-3.908E-2
16.639,-0.116,-3.941E-2
16.657,-0.117,-3.982E-2
16.674,-0.117,-3.981E-2
16.691,-0.118,-4.053E-2
16.709,-0.118,-4.160E-2
16.726,-0.118,-4.293E-2
16.743,-0.118,-4.445E-2
16.761,-0.118,-4.652E-2
16.778,-0.118,-4.828E-2
16.795,-0.118,-4.979E-2
16.813,-0.118,-5.110E-2
16.830,-0.116,-5.217E-2
16.847,-0.116,-5.305E-2
16.865,-0.116,-5.390E-2
16.882,-0.116,-5.559E-2
16.899,-0.115,-5.750E-2
16.917,-0.115,-5.752E-2
16.934,-0.114,-5.925E-2
16.951,-0.116,-5.979E-2
16.969,-0.116,-5.840E-2
16.986,-0.116,-5.667E-2
17.003,-0.117,-5.852E-2
17.021,-0.117,-5.878E-2
17.038,-0.117,-5.919E-2
17.055,-0.117,-5.986E-2
17.073,-0.116,-6.022E-2
17.090,-0.117,-6.065E-2
17.107,-0.117,-6.115E-2
17.125,-0.115,-6.168E-2
17.142,-0.115,-6.199E-2
17.159,-0.114,-6.225E-2
17.177,-0.114,-6.262E-2
17.194,-0.121,-6.192E-2
17.211,-0.114,-6.133E-2
17.229,-0.114,-6.037E-2
17.246,-0.115,-5.907E-2
17.263,-0.116,-5.743E-2
17.281,-0.116,-5.403E-2
17.298,-0.116,-5.294E-2
17.315,-0.117,-5.203E-2
17.333,-0.118,-5.213E-2
17.350,-0.119,-5.188E-2
17.367,-0.120,-5.176E-2
17.385,-0.121,-5.141E-2
17.402,-0.121,-5.115E-2
17.419,-0.123,-5.192E-2
17.437,-0.124,-5.289E-2
17.454,-0.125,-5.390E-2
17.471,-0.125,-5.556E-2
17.489,-0.125,-5.722E-2
17.506,-0.125,-5.906E-2
17.523,-0.125,-6.099E-2
17.541,-0.124,-6.290E-2
17.558,-0.123,-6.487E-2
17.575,-0.123,-6.699E-2
17.593,-0.123,-6.785E-2
17.610,-0.122,-6.937E-2
17.627,-0.122,-7.104E-2
17.645,-0.121,-7.242E-2
17.662,-0.121,-7.382E-2
17.679,-0.120,-7.512E-2
17.697,-0.120,-7.504E-2
17.714,-0.120,-7.375E-2
17.731,-0.119,-7.030E-2
17.749,-0.120,-6.835E-2
17.766,-0.119,-6.478E-2
17.783,-0.119,-6.115E-2
17.801,-0.118,-5.679E-2
17.818,-0.117,-5.394E-2
17.835,-0.116,-5.116E-2
17.853,-0.115,-4.776E-2
17.870,-0.116,-4.690E-2
17.887,-0.114,-4.398E-2
17.905,-0.113,-4.227E-2
17.922,-0.112,-4.138E-2
17.939,-0.112,-3.967E-2
17.957,-0.112,-3.841E-2
17.974,-0.111,-3.706E-2
17.991,-0.111,-3.770E-2
18.009,-0.110,-3.957E-2
18.026,-0.110,-4.233E-2
18.043,-0.115,-5.252E-2
18.061,-0.133,-5.374E-2
18.078,-0.149,-5.346E-2
18.095,-0.139,-5.460E-2
18.113,-0.139,-5.431E-2
18.130,-0.127,-5.590E-2
18.147,-0.111,-4.947E-2
18.165,-0.112,-4.933E-2
18.182,-0.112,-4.842E-2
18.199,-0.113,-4.752E-2
18.217,-0.113,-4.597E-2
18.234,-0.115,-4.746E-2
18.251,-0.115,-4.744E-2
18.269,-0.116,-4.722E-2
18.286,-0.117,-4.627E-2
18.303,-0.118,-4.560E-2
18.321,-0.119,-4.490E-2
18.338,-0.119,-4.482E-2
18.355,-0.119,-4.496E-2
18.373,-0.119,-4.482E-2
18.390,-0.119,-4.511E-2
18.407,-0.118,-4.487E-2
18.425,-0.118,-4.473E-2
18.442,-0.118,-4.476E-2
18.459,-0.118,-4.488E-2
18.477,-0.117,-4.484E-2
18.494,-0.116,-4.446E-2
18.511,-0.117,-4.427E-2
18.529,-0.116,-4.426E-2
18.546,-0.117,-4.404E-2
18.563,-0.117,-4.423E-2
18.581,-0.117,-4.475E-2
18.598,-0.117,-4.485E-2
18.615,-0.117,-4.475E-2
18.633,-0.118,-4.478E-2
18.650,-0.118,-4.557E-2
18.667,-0.117,-4.693E-2
18.685,-0.115,-4.768E-2
18.702,-0.117,-4.941E-2
18.719,-0.116,-5.068E-2
18.737,-0.116,-5.152E-2
18.754,-0.116,-5.231E-2
18.771,-0.117,-5.265E-2
18.789,-0.117,-5.207E-2
18.806,-0.117,-5.119E-2
18.823,-0.117,-5.037E-2
18.841,-0.118,-4.969E-2
18.858,-0.118,-4.943E-2
18.875,-0.118,-4.942E-2
18.893,-0.116,-4.972E-2
18.910,-0.116,-4.980E-2
18.927,-0.114,-4.871E-2
18.945,-0.115,-5.113E-2
18.962,-0.115,-5.128E-2
18.979,-0.115,-5.142E-2
18.997,-0.114,-5.234E-2
19.014,-0.114,-5.322E-2
19.031,-0.114,-5.412E-2
19.049,-0.113,-5.432E-2
19.066,-0.113,-5.405E-2
19.083,-0.113,-5.327E-2
19.101,-0.113,-5.398E-2
19.118,-0.112,-5.394E-2
19.135,-0.112,-5.324E-2
19.153,-0.112,-5.291E-2
19.170,-0.111,-5.151E-2
19.187,-0.112,-5.043E-2
19.205,-0.113,-4.854E-2
19.222,-0.113,-4.732E-2
19.239,-0.114,-4.446E-2
19.257,-0.115,-4.245E-2
19.274,-0.116,-4.027E-2
19.291,-0.117,-3.810E-2
19.309,-0.118,-3.678E-2
19.326,-0.119,-3.651E-2
19.343,-0.119,-3.628E-2
19.361,-0.119,-3.624E-2
19.378,-0.119,-3.824E-2
19.395,-0.117,-4.037E-2
19.413,-0.115,-4.480E-2
19.430,-0.134,-5.477E-2
19.447,-0.136,-5.551E-2
19.465,-0.138,-5.412E-2
19.482,-0.139,-5.347E-2
19.499,-0.154,-5.134E-2
19.517,-0.117,-5.277E-2
19.534,-0.117,-5.115E-2
19.551,-0.118,-5.031E-2
19.569,-0.118,-5.105E-2
19.586,-0.118,-5.281E-2
19.603,-0.118,-5.483E-2
19.621,-0.117,-5.611E-2
19.638,-0.117,-5.689E-2
19.655,-0.118,-5.656E-2
19.673,-0.132,-6.086E-2
19.690,-0.116,-5.494E-2
19.707,-0.116,-5.481E-2
19.725,-0.117,-5.535E-2
19.742,-0.116,-5.393E-2
19.759,-0.118,-5.520E-2
19.777,-0.118,-5.513E-2
19.794,-0.118,-5.525E-2
19.811,-0.118,-5.609E-2
19.829,-0.118,-5.745E-2
19.846,-0.118,-5.837E-2
19.863,-0.117,-5.841E-2
19.881,-0.116,-5.928E-2
19.898,-0.134,-6.121E-2
19.915,-0.133,-6.217E-2
19.933,-0.127,-6.587E-2
19.950,-0.115,-6.310E-2
19.967,-0.115,-6.252E-2
19.985,-0.115,-6.223E-2
20.002,-0.114,-6.034E-2
20.019,-0.120,-6.248E-2
20.037,-0.114,-5.578E-2
20.054,-0.115,-5.442E-2
20.071,-0.116,-5.212E-2
20.089,-0.125,-5.458E-2
20.106,-0.117,-5.190E-2
20.123,-0.117,-5.166E-2
20.141,-0.117,-5.229E-2
20.158,-0.116,-5.409E-2
20.175,-0.134,-6.386E-2
20.193,-0.138,-6.533E-2
20.210,-0.138,-6.618E-2
20.227,-0.116,-6.572E-2
20.245,-0.116,-6.661E-2
20.262,-0.117,-6.495E-2
20.279,-0.116,-6.125E-2
20.297,-0.116,-5.675E-2
20.314,-0.115,-5.210E-2
20.331,-0.115,-4.746E-2
20.349,-0.115,-4.377E-2
20.366,-0.115,-4.039E-2
20.383,-0.115,-3.690E-2
20.401,-0.116,-3.497E-2
20.418,-0.117,-3.309E-2
20.435,-0.118,-3.209E-2
20.453,-0.118,-3.225E-2
20.470,-0.127,-3.837E-2
20.487,-0.118,-3.573E-2
20.505,-0.118,-3.772E-2
20.522,-0.118,-4.046E-2
20.539,-0.117,-4.395E-2
20.557,-0.116,-4.766E-2
20.574,-0.110,-5.359E-2
20.591,-0.112,-5.731E-2
20.609,-0.111,-6.380E-2
20.626,-0.109,-6.685E-2
20.643,-0.112,-7.104E-2
20.661,-0.113,-7.058E-2
20.678,-0.113,-6.677E-2
20.695,-0.113,-6.156E-2
20.713,-0.112,-5.602E-2
20.730,-0.112,-5.052E-2
20.747,-0.111,-4.577E-2
20.765,-0.110,-4.217E-2
20.782,-0.110,-3.937E-2
20.799,-0.111,-3.677E-2
20.817,-0.111,-3.579E-2
20.834,-0.110,-3.571E-2
20.851,-0.110,-3.690E-2
20.869,-0.111,-3.949E-2
20.886,-0.110,-4.257E-2
20.903,-0.110,-4.485E-2
20.921,-0.108,-4.998E-2
20.938,-0.107,-5.547E-2
20.955,-0.108,-5.497E-2
20.973,-0.108,-5.483E-2
20.990,-0.110,-5.144E-2
21.007,-0.111,-4.853E-2
21.025,-0.111,-4.320E-2
21.042,-0.111,-4.050E-2
21.059,-0.114,-4.089E-2
21.077,-0.112,-4.122E-2
21.094,-0.115,-4.219E-2
21.111,-0.114,-4.351E-2
21.129,-0.115,-4.568E-2
21.146,-0.115,-4.937E-2
21.163,-0.114,-5.352E-2
21.181,-0.112,-5.983E-2
21.198,-0.111,-6.784E-2
21.215,-0.111,-7.215E-2
21.233,-0.111,-7.381E-2
21.250,-0.113,-7.125E-2
21.267,-0.113,-6.692E-2
21.285,-0.112,-6.220E-2
21.302,-0.111,-5.774E-2
21.319,-0.111,-5.474E-2
21.337,-0.111,-5.228E-2
21.354,-0.111,-5.058E-2
21.371,-0.110,-5.121E-2
21.389,-0.110,-5.222E-2
21.406,-0.110,-5.398E-2
21.423,-0.110,-5.785E-2
21.441,-0.128,-6.362E-2
21.458,-0.132,-6.277E-2
21.475,-0.123,-6.650E-2
21.493,-0.107,-6.419E-2
21.510,-0.107,-6.513E-2
21.527,-0.107,-6.512E-2
21.545,-0.108,-6.503E-2
21.562,-0.109,-6.315E-2
21.579,-0.110,-6.135E-2
21.597,-0.110,-5.777E-2
21.614,-0.110,-5.408E-2
21.631,-0.110,-5.050E-2
21.649,-0.111,-4.688E-2
21.666,-0.111,-4.411E-2
21.683,-0.112,-4.153E-2
21.701,-0.111,-4.053E-2
21.718,-0.112,-3.959E-2
21.735,-0.112,-3.951E-2
21.753,-0.112,-3.967E-2
21.770,-0.112,-4.056E-2
21.787,-0.113,-4.364E-2
21.805,-0.113,-4.520E-2
21.822,-0.112,-4.708E-2
21.839,-0.112,-5.029E-2
21.857,-0.111,-5.049E-2
21.874,-0.113,-4.954E-2
21.891,-0.112,-4.749E-2
21.909,-0.116,-4.399E-2
21.926,-0.113,-4.272E-2
21.943,-0.114,-4.437E-2
21.961,-0.114,-4.429E-2
21.978,-0.114,-4.449E-2
21.995,-0.114,-4.530E-2
22.013,-0.114,-4.657E-2
22.030,-0.114,-4.754E-2
22.047,-0.114,-4.840E-2
22.065,-0.114,-4.923E-2
22.082,-0.114,-4.970E-2
22.099,-0.114,-5.029E-2
22.117,-0.113,-5.027E-2
22.134,-0.114,-4.995E-2
22.151,-0.114,-4.955E-2
22.169,-0.115,-4.979E-2
22.186,-0.115,-5.026E-2
22.203,-0.115,-5.042E-2
22.221,-0.114,-5.123E-2
22.238,-0.113,-5.047E-2
22.255,-0.113,-5.145E-2
22.273,-0.113,-5.042E-2
22.290,-0.114,-4.947E-2
22.307,-0.115,-5.131E-2
22.325,-0.115,-5.123E-2
22.342,-0.114,-5.133E-2
22.359,-0.114,-5.198E-2
22.377,-0.113,-5.181E-2
22.394,-0.114,-5.126E-2
22.411,-0.114,-4.954E-2
22.429,-0.114,-4.861E-2
22.446,-0.114,-4.769E-2
22.463,-0.114,-4.719E-2
22.481,-0.114,-4.680E-2
22.498,-0.114,-4.675E-2
22.515,-0.114,-4.660E-2
22.533,-0.114,-4.667E-2
22.550,-0.115,-4.745E-2
22.567,-0.114,-4.801E-2
22.585,-0.114,-4.940E-2
22.602,-0.114,-5.027E-2
22.619,-0.114,-5.165E-2
22.637,-0.114,-5.341E-2
22.654,-0.114,-5.492E-2
22.671,-0.113,-5.670E-2
22.689,-0.114,-5.793E-2
22.706,-0.114,-5.895E-2
22.723,-0.114,-5.924E-2
22.741,-0.114,-5.893E-2
22.758,-0.115,-5.767E-2
22.775,-0.114,-5.651E-2
22.793,-0.116,-5.411E-2
22.810,-0.115,-5.290E-2
22.827,-0.115,-5.132E-2
22.845,-0.116,-5.013E-2
22.862,-0.116,-4.942E-2
22.879,-0.116,-4.924E-2
22.897,-0.115,-4.937E-2
22.914,-0.115,-5.129E-2
22.931,-0.114,-5.291E-2
22.949,-0.113,-5.408E-2
22.966,-0.114,-5.562E-2
22.983,-0.113,-5.418E-2
23.001,-0.113,-5.221E-2
23.018,-0.113,-5.061E-2
23.035,-0.113,-4.958E-2
23.053,-0.114,-4.855E-2
23.070,-0.114,-4.833E-2
23.087,-0.113,-4.747E-2
23.105,-0.114,-4.790E-2
23.122,-0.112,-4.674E-2
23.139,-0.112,-4.769E-2
23.157,-0.113,-4.970E-2
23.174,-0.112,-5.125E-2
23.191,-0.131,-5.633E-2
23.209,-0.109,-5.493E-2
23.226,-0.110,-5.967E-2
23.243,-0.113,-6.410E-2
23.261,-0.117,-6.660E-2
23.278,-0.110,-6.563E-2
23.295,-0.113,-6.837E-2
23.313,-0.115,-6.686E-2
23.330,-0.113,-6.705E-2
23.347,-0.114,-6.651E-2
23.365,-0.114,-6.577E-2
23.382,-0.112,-6.488E-2
23.399,-0.113,-6.336E-2
23.417,-0.112,-6.410E-2
23.434,-0.110,-6.037E-2
23.451,-0.113,-6.129E-2
23.469,-0.113,-5.838E-2
23.486,-0.113,-5.494E-2
23.503,-0.113,-5.253E-2
23.521,-0.113,-4.999E-2
23.538,-0.113,-4.759E-2
23.555,-0.114,-4.663E-2
23.573,-0.114,-4.567E-2
23.590,-0.115,-4.597E-2
23.607,-0.114,-4.656E-2
23.625,-0.114,-4.840E-2
23.642,-0.113,-5.035E-2
23.659,-0.114,-5.334E-2
23.677,-0.113,-5.585E-2
23.694,-0.113,-5.938E-2
23.711,-0.112,-6.318E-2
23.729,-0.113,-6.423E-2
23.746,-0.113,-6.141E-2
23.763,-0.114,-5.908E-2
23.781,-0.114,-5.674E-2
23.798,-0.114,-5.475E-2
23.815,-0.115,-5.335E-2
23.833,-0.116,-5.242E-2
23.850,-0.116,-5.108E-2
23.867,-0.117,-5.106E-2
23.885,-0.117,-5.193E-2
23.902,-0.117,-5.298E-2
23.919,-0.117,-5.467E-2
23.937,-0.116,-5.569E-2
23.954,-0.115,-5.763E-2
23.971,-0.114,-5.931E-2
23.989,-0.114,-6.087E-2
24.006,-0.113,-6.064E-2
24.023,-0.112,-5.938E-2
24.041,-0.113,-5.581E-2
24.058,-0.112,-5.314E-2
24.075,-0.113,-5.017E-2
24.093,-0.112,-4.751E-2
24.110,-0.113,-4.588E-2
24.127,-0.113,-4.516E-2
24.145,-0.113,-4.223E-2
24.162,-0.115,-4.386E-2
24.179,-0.115,-4.439E-2
24.197,-0.112,-4.253E-2
24.214,-0.112,-4.456E-2
24.231,-0.116,-4.115E-2
24.249,-0.113,-4.664E-2
24.266,-0.112,-4.436E-2
24.283,-0.112,-4.769E-2
24.301,-0.115,-4.849E-2
24.318,-0.115,-5.023E-2
24.335,-0.114,-4.826E-2
24.353,-0.117,-5.290E-2
24.370,-0.119,-5.460E-2
24.387,-0.119,-5.641E-2
24.405,-0.119,-5.752E-2
24.422,-0.119,-5.843E-2
24.439,-0.119,-5.924E-2
24.457,-0.119,-6.008E-2
24.474,-0.118,-6.237E-2
24.491,-0.115,-6.402E-2
24.509,-0.117,-6.794E-2
24.526,-0.115,-6.828E-2
24.543,-0.116,-7.015E-2
24.561,-0.115,-6.833E-2
24.578,-0.115,-6.480E-2
24.595,-0.115,-6.117E-2
24.613,-0.115,-5.795E-2
24.630,-0.117,-5.600E-2
24.647,-0.118,-5.812E-2
24.665,-0.117,-5.377E-2
24.682,-0.117,-5.115E-2
24.699,-0.117,-4.973E-2
24.717,-0.115,-4.673E-2
24.734,-0.115,-4.659E-2
24.751,-0.116,-4.605E-2
24.769,-0.128,-4.622E-2
24.786,-0.116,-4.267E-2
24.803,-0.117,-4.396E-2
24.821,-0.118,-4.398E-2
24.838,-0.119,-4.461E-2
24.855,-0.119,-4.576E-2
24.873,-0.119,-4.759E-2
24.890,-0.116,-5.077E-2
24.907,-0.116,-5.460E-2
24.925,-0.116,-6.016E-2
24.942,-0.115,-6.271E-2
24.959,-0.112,-7.055E-2
24.977,-0.114,-7.275E-2
24.994,-0.114,-7.325E-2
25.011,-0.114,-7.384E-2
25.029,-0.115,-7.282E-2
25.046,-0.114,-7.043E-2
25.063,-0.115,-6.834E-2
25.081,-0.115,-6.571E-2
25.098,-0.116,-6.214E-2
25.115,-0.115,-5.960E-2
25.133,-0.115,-5.492E-2
25.150,-0.116,-5.319E-2
25.167,-0.116,-5.045E-2
25.185,-0.114,-5.353E-2
25.202,-0.114,-5.443E-2
25.219,-0.115,-5.533E-2
25.237,-0.115,-5.453E-2
25.254,-0.115,-5.259E-2
25.271,-0.115,-5.220E-2
25.289,-0.115,-5.007E-2
25.306,-0.116,-5.217E-2
25.323,-0.118,-5.346E-2
25.341,-0.117,-5.175E-2
25.358,-0.118,-5.093E-2
25.375,-0.119,-5.547E-2
25.393,-0.118,-5.467E-2
25.410,-0.117,-5.327E-2
25.427,-0.117,-5.469E-2
25.445,-0.114,-5.525E-2
25.462,-0.115,-5.796E-2
25.479,-0.115,-5.989E-2
25.497,-0.114,-6.201E-2
25.514,-0.112,-6.229E-2
25.531,-0.115,-5.825E-2
25.549,-0.113,-6.386E-2
25.566,-0.112,-5.963E-2
25.583,-0.115,-6.211E-2
25.601,-0.117,-6.036E-2
25.618,-0.117,-5.894E-2
25.635,-0.116,-5.500E-2
25.653,-0.117,-5.388E-2
25.670,-0.117,-5.257E-2
25.687,-0.115,-5.078E-2
25.705,-0.115,-5.078E-2
25.722,-0.115,-4.896E-2
25.739,-0.117,-4.696E-2
25.757,-0.116,-4.695E-2
25.774,-0.117,-4.599E-2
25.791,-0.117,-4.693E-2
25.809,-0.118,-4.884E-2
25.826,-0.118,-5.146E-2
25.843,-0.116,-5.268E-2
25.861,-0.115,-5.614E-2
25.878,-0.116,-6.007E-2
25.895,-0.116,-6.168E-2
25.913,-0.118,-6.293E-2
25.930,-0.119,-6.778E-2
25.947,-0.117,-6.884E-2
25.965,-0.115,-7.002E-2
25.982,-0.115,-7.112E-2
25.999,-0.113,-6.962E-2
26.016,-0.116,-6.495E-2
26.034,-0.118,-6.434E-2
26.051,-0.115,-6.230E-2
26.068,-0.118,-5.702E-2
26.086,-0.116,-5.439E-2
26.103,-0.119,-5.322E-2
26.120,-0.120,-5.106E-2
26.138,-0.120,-4.870E-2
26.155,-0.120,-4.643E-2
26.172,-0.120,-4.478E-2
26.190,-0.120,-4.405E-2
26.207,-0.120,-4.305E-2
26.224,-0.119,-4.252E-2
26.242,-0.119,-4.179E-2
26.259,-0.119,-4.168E-2
26.276,-0.119,-4.268E-2
26.294,-0.119,-4.396E-2
26.311,-0.118,-4.618E-2
26.328,-0.118,-4.628E-2
26.346,-0.119,-4.800E-2
26.363,-0.119,-4.784E-2
26.380,-0.119,-4.802E-2
26.398,-0.119,-4.841E-2
26.415,-0.120,-4.739E-2
26.432,-0.120,-4.612E-2
26.450,-0.119,-4.201E-2
26.467,-0.120,-4.392E-2
26.484,-0.121,-4.238E-2
26.502,-0.121,-4.161E-2
26.519,-0.121,-4.168E-2
26.536,-0.120,-4.172E-2
26.554,-0.120,-4.171E-2
26.571,-0.120,-4.211E-2
26.588,-0.116,-4.074E-2
26.606,-0.119,-4.357E-2
26.623,-0.117,-4.523E-2
26.640,-0.117,-4.683E-2
26.658,-0.116,-4.931E-2
26.675,-0.115,-5.159E-2
26.692,-0.114,-5.431E-2
26.710,-0.114,-5.602E-2
26.727,-0.111,-5.428E-2
26.744,-0.112,-5.438E-2
26.762,-0.111,-5.509E-2
26.779,-0.113,-5.236E-2
26.796,-0.113,-5.203E-2
26.814,-0.112,-4.870E-2
26.831,-0.114,-4.811E-2
26.848,-0.122,-4.641E-2
26.866,-0.124,-4.292E-2
26.883,-0.122,-4.112E-2
26.900,-0.115,-4.087E-2
26.918,-0.116,-3.946E-2
26.935,-0.114,-3.836E-2
26.952,-0.123,-3.941E-2
26.970,-0.123,-4.032E-2
26.987,-0.139,-4.360E-2
27.004,-0.138,-4.631E-2
27.022,-0.138,-4.997E-2
27.039,-0.149,-5.443E-2
27.056,-0.149,-5.710E-2
27.074,-0.135,-5.820E-2
27.091,-0.132,-6.256E-2
27.108,-0.117,-6.603E-2
27.126,-0.116,-6.734E-2
27.143,-0.118,-6.472E-2
27.160,-0.119,-6.192E-2
27.178,-0.121,-5.711E-2
27.195,-0.136,-4.856E-2
27.212,-0.122,-5.013E-2
27.230,-0.115,-4.938E-2
27.247,-0.115,-4.733E-2
27.264,-0.121,-4.559E-2
27.282,-0.121,-4.505E-2
27.299,-0.112,-4.213E-2
27.316,-0.117,-3.589E-2
27.334,-0.115,-3.956E-2
27.351,-0.114,-4.047E-2
27.368,-0.115,-3.935E-2
27.386,-0.116,-3.892E-2
27.403,-0.116,-4.025E-2
27.420,-0.118,-3.971E-2
27.438,-0.115,-4.259E-2
27.455,-0.115,-4.330E-2
27.472,-0.129,-4.985E-2
27.490,-0.142,-4.980E-2
27.507,-0.154,-4.760E-2
27.524,-0.157,-5.058E-2
27.542,-0.157,-5.055E-2
27.559,-0.146,-5.259E-2
27.576,-0.157,-4.777E-2
27.594,-0.169,-4.499E-2
27.611,-0.169,-4.415E-2
27.628,-0.169,-4.412E-2
27.646,-0.169,-4.411E-2
27.663,-0.157,-4.447E-2
27.680,-0.144,-4.477E-2
27.698,-0.156,-4.304E-2
27.715,-0.169,-4.486E-2
27.732,-0.182,-4.693E-2
27.750,-0.170,-4.834E-2
27.767,-0.169,-4.591E-2
27.784,-0.170,-4.574E-2
27.802,-0.155,-4.685E-2
27.819,-0.170,-4.659E-2
27.836,-0.169,-4.506E-2
27.854,-0.156,-4.688E-2
27.871,-0.142,-4.729E-2
27.888,-0.142,-4.725E-2
27.906,-0.142,-4.798E-2
27.923,-0.141,-4.706E-2
27.940,-0.113,-4.536E-2
27.958,-0.127,-4.824E-2
27.975,-0.119,-4.978E-2
27.992,-0.119,-5.135E-2
28.010,-0.119,-5.305E-2
28.027,-0.119,-5.528E-2
28.044,-0.119,-5.730E-2
28.062,-0.118,-5.973E-2
28.079,-0.127,-6.092E-2
28.096,-0.131,-6.367E-2
28.114,-0.117,-6.070E-2
28.131,-0.116,-5.789E-2
28.148,-0.116,-5.545E-2
28.166,-0.115,-5.295E-2
28.183,-0.113,-4.879E-2
28.200,-0.131,-5.585E-2
28.218,-0.123,-5.499E-2
28.235,-0.139,-4.916E-2
28.252,-0.146,-5.075E-2
28.270,-0.133,-5.172E-2
28.287,-0.137,-5.022E-2
28.304,-0.139,-5.062E-2
28.322,-0.123,-5.288E-2
28.339,-0.137,-5.654E-2
28.356,-0.136,-6.078E-2
28.374,-0.150,-7.086E-2
28.391,-0.166,-8.032E-2
28.408,-0.151,-8.138E-2
28.426,-0.163,-8.195E-2
28.443,-0.160,-8.388E-2
28.460,-0.146,-8.557E-2
28.478,-0.133,-8.727E-2
28.495,-0.117,-9.140E-2
28.512,-0.117,-9.101E-2
28.530,-0.112,-8.589E-2
28.547,-0.113,-8.309E-2
28.564,-0.113,-7.948E-2
28.582,-0.111,-7.604E-2
28.599,-0.113,-7.133E-2
28.616,-0.112,-6.767E-2
28.634,-0.113,-6.302E-2
28.651,-0.114,-5.936E-2
28.668,-0.114,-5.494E-2
28.686,-0.114,-5.213E-2
28.703,-0.114,-4.960E-2
28.720,-0.114,-4.846E-2
28.738,-0.113,-4.677E-2
28.755,-0.113,-4.568E-2
28.772,-0.113,-4.400E-2
28.790,-0.112,-4.457E-2
28.807,-0.112,-4.129E-2
28.824,-0.112,-4.128E-2
28.842,-0.112,-4.031E-2
28.859,-0.109,-3.885E-2
28.876,-0.113,-3.665E-2
28.894,-0.116,-3.042E-2
28.911,-0.117,-2.769E-2
28.928,-0.118,-2.669E-2
28.946,-0.116,-2.861E-2
28.963,-0.117,-3.052E-2
28.980,-0.118,-3.107E-2
28.998,-0.118,-3.127E-2
29.015,-0.118,-3.131E-2
29.032,-0.118,-3.127E-2
29.050,-0.118,-3.234E-2
29.067,-0.117,-3.396E-2
29.084,-0.117,-3.532E-2
29.102,-0.116,-3.721E-2
29.119,-0.116,-3.778E-2
29.136,-0.116,-3.867E-2
29.154,-0.115,-4.043E-2
29.171,-0.113,-4.236E-2
29.188,-0.113,-4.289E-2
29.206,-0.114,-4.312E-2
29.223,-0.113,-4.135E-2
29.240,-0.112,-4.140E-2
29.258,-0.112,-4.228E-2
29.275,-0.112,-4.324E-2
29.292,-0.113,-4.502E-2
29.310,-0.113,-4.615E-2
29.327,-0.113,-4.785E-2
29.344,-0.114,-4.943E-2
29.362,-0.113,-5.020E-2
29.379,-0.113,-5.243E-2
29.396,-0.112,-5.296E-2
29.414,-0.110,-5.591E-2
29.431,-0.111,-5.823E-2
29.448,-0.110,-6.137E-2
29.466,-0.111,-6.640E-2
29.483,-0.110,-6.472E-2
29.500,-0.111,-7.390E-2
29.518,-0.110,-7.533E-2
29.535,-0.112,-7.592E-2
29.552,-0.113,-7.732E-2
29.570,-0.112,-7.619E-2
29.587,-0.112,-7.389E-2
29.604,-0.112,-7.221E-2
29.622,-0.112,-7.040E-2
29.639,-0.116,-7.146E-2
29.656,-0.116,-6.951E-2
29.674,-0.116,-6.848E-2
29.691,-0.110,-6.290E-2
29.708,-0.110,-5.784E-2
29.726,-0.116,-6.236E-2
29.743,-0.111,-5.742E-2
29.760,-0.112,-5.436E-2
29.778,-0.113,-5.418E-2
29.795,-0.112,-5.335E-2
29.812,-0.112,-5.296E-2
29.830,-0.112,-5.367E-2
29.847,-0.116,-6.104E-2
29.864,-0.134,-6.166E-2
29.882,-0.111,-5.702E-2
29.899,-0.108,-6.202E-2
29.916,-0.109,-6.717E-2
29.934,-0.111,-7.032E-2
29.951,-0.109,-7.121E-2
29.968,-0.109,-7.323E-2
29.986,-0.112,-7.286E-2
30.003,-0.116,-7.440E-2
30.020,-0.112,-7.081E-2
30.038,-0.111,-7.077E-2
30.055,-0.118,-7.322E-2
30.072,-0.110,-6.947E-2
30.090,-0.108,-7.324E-2
30.107,-0.110,-7.322E-2
30.124,-0.109,-7.394E-2
30.142,-0.110,-7.453E-2
30.159,-0.113,-7.754E-2
30.176,-0.113,-7.741E-2
30.194,-0.113,-7.568E-2
30.211,-0.113,-7.342E-2
30.228,-0.113,-7.109E-2
30.246,-0.111,-7.158E-2
30.263,-0.110,-6.088E-2
30.280,-0.109,-5.938E-2
30.298,-0.112,-6.115E-2
30.315,-0.115,-6.376E-2
30.332,-0.110,-6.280E-2
30.350,-0.109,-6.332E-2
30.367,-0.108,-6.698E-2
30.384,-0.108,-6.738E-2
30.402,-0.108,-6.839E-2
30.419,-0.112,-6.765E-2
30.436,-0.109,-6.737E-2
30.454,,
30.471,-0.111,-6.399E-2
30.488,-0.112,-6.257E-2
30.506,-0.113,-6.235E-2
30.523,-0.113,-6.194E-2
30.540,-0.113,-6.194E-2
30.558,-0.113,-6.194E-2
30.575,-0.113,-6.194E-2
30.592,-0.113,-6.477E-2
30.610,-0.112,-6.731E-2
30.627,-0.112,-6.833E-2
30.644,-0.112,-6.984E-2
30.662,-0.112,-7.015E-2
30.679,-0.111,-7.096E-2
30.696,-0.111,-6.935E-2
30.714,-0.111,-6.743E-2
30.731,-0.112,-6.600E-2
30.748,-0.112,-6.570E-2
30.766,-0.112,-6.398E-2
30.783,-0.112,-6.347E-2
30.800,-0.112,-6.316E-2
30.818,-0.112,-6.326E-2
30.835,-0.113,-6.336E-2
30.852,-0.115,-5.148E-2
30.870,-0.116,-5.107E-2
30.887,-0.115,-5.310E-2
30.904,-0.115,-5.560E-2
30.922,-0.115,-5.690E-2
30.939,-0.116,-5.850E-2
30.956,-0.118,-6.254E-2
30.974,-0.120,-5.992E-2
30.991,-0.138,-5.978E-2
31.008,-0.141,-5.920E-2
31.026,-0.150,-5.423E-2
31.043,-0.150,-5.145E-2
31.060,-0.164,-4.580E-2
31.078,-0.164,-4.328E-2
31.095,-0.165,-4.215E-2
31.112,-0.178,-4.588E-2
31.130,-0.166,-4.468E-2
31.147,-0.121,-4.460E-2
31.164,-0.115,-4.188E-2
31.182,-0.116,-4.560E-2
31.199,-0.115,-4.683E-2
31.216,-0.115,-5.037E-2
31.234,-0.114,-5.585E-2
31.251,-0.111,-5.722E-2
31.268,-0.112,-6.216E-2
31.286,-0.111,-6.287E-2
31.303,-0.121,-6.308E-2
31.320,-0.113,-6.041E-2
31.338,-0.114,-5.826E-2
31.355,-0.114,-5.495E-2
31.372,-0.114,-5.292E-2
31.390,-0.115,-4.959E-2
31.407,-0.115,-4.499E-2
31.424,-0.116,-4.223E-2
31.442,-0.116,-3.660E-2
31.459,-0.116,-3.332E-2
31.476,-0.117,-3.051E-2
31.494,-0.117,-2.911E-2
31.511,-0.117,-2.750E-2
31.528,-0.117,-2.606E-2
31.546,-0.118,-2.482E-2
31.563,-0.119,-2.445E-2
31.580,-0.120,-2.397E-2
31.598,-0.121,-2.426E-2
31.615,-0.121,-2.474E-2
31.632,-0.122,-2.629E-2
31.650,-0.122,-2.757E-2
31.667,-0.122,-2.955E-2
31.684,-0.121,-3.196E-2
31.702,-0.120,-3.546E-2
31.719,-0.119,-3.883E-2
31.736,-0.119,-4.185E-2
31.754,-0.115,-4.400E-2
31.771,-0.117,-4.709E-2
31.788,-0.117,-4.720E-2
31.806,-0.115,-4.754E-2
31.823,-0.113,-4.959E-2
31.840,-0.115,-4.730E-2
31.858,-0.114,-4.742E-2
31.875,-0.113,-4.733E-2
31.892,,
31.910,-0.110,-4.794E-2
31.927,-0.110,-4.449E-2
31.944,-0.111,-4.386E-2
31.962,-0.111,-4.478E-2
31.979,-0.113,-4.474E-2
31.996,-0.113,-4.475E-2
32.014,-0.113,-4.414E-2
32.031,-0.113,-4.373E-2
32.048,-0.111,-5.125E-2
32.066,-0.111,-5.125E-2
32.083,-0.110,-5.480E-2
32.100,-0.110,-5.491E-2
32.118,-0.110,-5.662E-2
32.135,-0.109,-6.069E-2
32.152,-0.108,-6.345E-2
32.170,-0.108,-6.528E-2
32.187,-0.108,-6.651E-2
32.204,-0.107,-6.658E-2
32.222,-0.108,-6.529E-2
32.239,-0.107,-6.468E-2
32.256,-0.108,-6.447E-2
32.274,-0.107,-6.419E-2
32.291,-0.108,-6.333E-2
32.308,-0.108,-6.265E-2
32.326,-0.108,-6.165E-2
32.343,-0.108,-5.993E-2
32.360,-0.108,-5.805E-2
32.378,-0.109,-5.640E-2
32.395,-0.110,-5.392E-2
32.412,-0.110,-5.091E-2
32.430,-0.111,-4.870E-2
32.447,-0.112,-4.802E-2
32.464,-0.112,-4.734E-2
32.482,-0.112,-4.718E-2
32.499,-0.111,-4.753E-2
32.516,-0.110,-4.846E-2
32.534,-0.110,-4.968E-2
32.551,-0.109,-5.168E-2
32.568,-0.109,-5.479E-2
32.586,-0.108,-5.723E-2
32.603,-0.108,-6.023E-2
32.620,-0.108,-6.274E-2
32.638,-0.108,-6.461E-2
32.655,-0.108,-6.528E-2
32.672,-0.109,-6.370E-2
32.690,-0.109,-5.989E-2
32.707,-0.109,-5.572E-2
32.724,-0.109,-5.180E-2
32.742,-0.110,-4.921E-2
32.759,-0.111,-4.789E-2
32.776,-0.110,-5.108E-2
32.794,-0.111,-5.191E-2
32.811,-0.110,-5.101E-2
32.828,-0.111,-5.370E-2
32.846,-0.112,-5.607E-2
32.863,-0.111,-5.642E-2
32.880,-0.113,-5.922E-2
32.898,-0.125,-6.451E-2
32.915,-0.114,-5.322E-2
32.932,-0.111,-5.772E-2
32.950,-0.112,-5.761E-2
32.967,-0.111,-6.056E-2
32.984,-0.110,-6.249E-2
33.002,-0.110,-6.564E-2
33.019,-0.111,-6.491E-2
33.036,-0.113,-6.265E-2
33.054,-0.112,-6.115E-2
33.071,-0.112,-6.014E-2
33.088,-0.112,-6.004E-2
33.106,-0.112,-6.044E-2
33.123,-0.114,-5.919E-2
33.140,-0.111,-6.187E-2
33.158,-0.110,-6.472E-2
33.175,-0.110,-6.568E-2
33.192,-0.110,-6.697E-2
33.210,-0.109,-6.760E-2
33.227,-0.109,-6.700E-2
33.244,-0.111,-6.645E-2
33.262,-0.107,-5.677E-2
33.279,-0.111,-5.479E-2
33.296,-0.111,-5.267E-2
33.314,-0.110,-4.995E-2
33.331,-0.111,-4.701E-2
33.348,-0.110,-4.702E-2
33.366,-0.109,-5.168E-2
33.383,-0.111,-5.144E-2
33.400,-0.111,-5.105E-2
33.418,-0.111,-5.167E-2
33.435,-0.111,-5.212E-2
33.452,-0.111,-5.344E-2
33.470,-0.111,-5.426E-2
33.487,-0.111,-5.628E-2
33.504,-0.111,-5.880E-2
33.522,-0.110,-6.064E-2
33.539,-0.110,-6.317E-2
33.556,-0.111,-6.567E-2
33.574,-0.111,-6.518E-2
33.591,-0.111,-6.337E-2
33.608,-0.112,-6.054E-2
33.626,-0.112,-5.690E-2
33.643,-0.113,-5.272E-2
33.660,-0.114,-4.963E-2
33.678,-0.114,-4.693E-2
33.695,-0.116,-4.549E-2
33.712,-0.115,-4.434E-2
33.730,-0.116,-4.418E-2
33.747,-0.116,-4.603E-2
33.764,-0.116,-4.830E-2
33.782,-0.115,-5.149E-2
33.799,-0.117,-5.777E-2
33.816,-0.112,-5.840E-2
33.834,-0.111,-6.331E-2
33.851,-0.112,-6.745E-2
33.868,-0.114,-6.667E-2
33.886,-0.111,-6.661E-2
33.903,-0.113,-6.471E-2
33.920,-0.114,-6.095E-2
33.938,-0.114,-5.559E-2
33.955,-0.112,-5.068E-2
33.972,-0.112,-4.698E-2
33.990,-0.112,-4.414E-2
34.007,-0.112,-4.106E-2
34.024,-0.114,-4.191E-2
34.042,-0.132,-4.890E-2
34.059,-0.138,-5.653E-2
34.076,-0.123,-5.950E-2
34.094,-0.109,-5.372E-2
34.111,-0.109,-5.358E-2
34.128,-0.109,-5.311E-2
34.146,-0.108,-5.272E-2
34.163,-0.109,-5.515E-2
34.180,-0.108,-5.700E-2
34.198,-0.110,-5.979E-2
34.215,-0.111,-6.008E-2
34.232,-0.111,-5.931E-2
34.250,-0.110,-5.856E-2
34.267,-0.111,-5.992E-2
34.284,-0.111,-6.108E-2
34.302,-0.111,-6.214E-2
34.319,-0.111,-6.347E-2
34.336,-0.111,-6.339E-2
34.354,-0.111,-6.390E-2
34.371,-0.112,-6.609E-2
34.388,-0.111,-6.796E-2
34.406,-0.111,-7.004E-2
34.423,-0.110,-6.983E-2
34.440,-0.111,-6.916E-2
34.458,-0.110,-6.751E-2
34.475,-0.110,-6.566E-2
34.492,-0.109,-6.431E-2
34.510,-0.111,-6.333E-2
34.527,-0.112,-6.203E-2
34.544,-0.112,-5.879E-2
34.562,-0.113,-5.478E-2
34.579,-0.114,-5.052E-2
34.596,-0.115,-4.563E-2
34.614,-0.114,-4.294E-2
34.631,-0.115,-3.793E-2
34.648,-0.114,-4.116E-2
34.666,-0.113,-4.149E-2
34.683,-0.115,-4.025E-2
34.700,-0.113,-4.347E-2
34.718,-0.115,-4.433E-2
34.735,-0.116,-4.510E-2
34.752,-0.114,-4.342E-2
34.770,-0.117,-4.235E-2
34.787,-0.126,-5.130E-2
34.804,-0.117,-4.791E-2
34.822,-0.114,-5.362E-2
34.839,-0.114,-5.782E-2
34.856,-0.114,-5.964E-2
34.874,-0.115,-6.048E-2
34.891,-0.115,-6.099E-2
34.908,-0.116,-6.047E-2
34.926,-0.116,-5.915E-2
34.943,-0.116,-5.795E-2
34.960,-0.117,-5.780E-2
34.978,-0.117,-5.448E-2
34.995,-0.120,-5.393E-2
35.012,-0.121,-5.270E-2
35.030,-0.118,-5.920E-2
35.047,-0.118,-5.970E-2
35.064,-0.119,-5.658E-2
35.082,-0.116,-5.894E-2
35.099,-0.114,-6.151E-2
35.116,-0.112,-6.162E-2
35.134,-0.111,-5.973E-2
35.151,-0.112,-5.662E-2
35.168,-0.113,-5.290E-2
35.186,-0.112,-4.935E-2
35.203,-0.112,-4.435E-2
35.220,-0.114,-4.780E-2
35.238,-0.113,-4.507E-2
35.255,-0.114,-4.468E-2
35.272,-0.112,-4.358E-2
35.290,-0.130,-4.762E-2
35.307,-0.140,-5.193E-2
35.324,-0.125,-5.364E-2
35.342,-0.127,-5.762E-2
35.359,-0.112,-5.249E-2
35.376,-0.111,-5.339E-2
35.394,-0.112,-5.684E-2
35.411,-0.111,-5.794E-2
35.428,-0.110,-5.974E-2
35.446,-0.112,-6.208E-2
35.463,-0.110,-6.249E-2
35.480,-0.111,-6.238E-2
35.498,-0.111,-6.155E-2
35.515,-0.111,-5.883E-2
35.532,-0.111,-5.614E-2
35.550,-0.112,-5.421E-2
35.567,-0.112,-5.325E-2
35.584,-0.112,-5.333E-2
35.602,-0.113,-5.430E-2
35.619,-0.113,-5.563E-2
35.636,-0.112,-5.733E-2
35.654,-0.112,-6.176E-2
35.671,-0.111,-6.197E-2
35.688,-0.111,-6.845E-2
35.706,-0.112,-6.286E-2
35.723,-0.111,-7.103E-2
35.740,-0.110,-7.057E-2
35.758,-0.111,-7.095E-2
35.775,-0.110,-6.917E-2
35.792,-0.110,-6.797E-2
35.810,-0.110,-6.696E-2
35.827,-0.109,-6.692E-2
35.844,-0.109,-6.855E-2
35.862,-0.109,-7.066E-2
35.879,-0.109,-7.160E-2
35.896,-0.111,-7.231E-2
35.914,-0.112,-7.139E-2
35.931,-0.112,-7.008E-2
35.948,-0.112,-6.836E-2
35.966,-0.111,-6.698E-2
35.983,-0.111,-6.610E-2
36.000,-0.111,-6.565E-2
36.018,-0.112,-6.552E-2
36.035,-0.113,-6.413E-2
36.052,-0.113,-6.073E-2
36.070,-0.114,-5.495E-2
36.087,-0.114,-5.110E-2
36.104,-0.116,-5.329E-2
36.122,-0.115,-4.613E-2
36.139,-0.118,-4.254E-2
36.156,-0.116,-4.378E-2
36.174,-0.114,-4.574E-2
36.191,-0.115,-4.960E-2
36.208,-0.114,-5.126E-2
36.226,-0.115,-5.316E-2
36.243,-0.114,-5.421E-2
36.260,-0.114,-5.782E-2
36.278,-0.114,-6.061E-2
36.295,-0.115,-6.320E-2
36.312,-0.113,-6.419E-2
36.330,-0.114,-6.584E-2
36.347,-0.113,-5.971E-2
36.364,-0.115,-5.836E-2
36.382,-0.114,-5.434E-2
36.399,-0.113,-5.671E-2
36.416,-0.113,-5.446E-2
36.433,-0.112,-5.220E-2
36.451,-0.113,-5.011E-2
36.468,-0.115,-4.592E-2
36.485,-0.115,-4.320E-2
36.503,-0.115,-4.299E-2
36.520,-0.114,-4.572E-2
36.537,-0.115,-4.957E-2
36.555,-0.114,-4.917E-2
36.572,-0.114,-4.978E-2
36.589,-0.114,-4.973E-2
36.607,-0.115,-5.102E-2
36.624,-0.115,-5.196E-2
36.641,-0.115,-5.327E-2
36.659,-0.114,-5.039E-2
36.676,-0.114,-5.243E-2
36.693,-0.114,-5.339E-2
36.711,-0.115,-5.117E-2
36.728,-0.115,-5.595E-2
36.745,-0.114,-5.517E-2
36.763,-0.115,-5.512E-2
36.780,-0.114,-5.470E-2
36.797,-0.117,-5.053E-2
36.815,-0.116,-4.682E-2
36.832,-0.116,-4.620E-2
36.849,-0.116,-5.351E-2
36.867,-0.117,-4.670E-2
36.884,-0.117,-4.740E-2
36.901,-0.117,-5.454E-2
36.919,-0.116,-5.454E-2
36.936,-0.117,-4.741E-2
36.953,-0.116,-5.026E-2
36.971,-0.115,-5.706E-2
36.988,-0.114,-5.291E-2
37.005,-0.114,-5.878E-2
37.023,-0.113,-5.657E-2
37.040,-0.114,-5.670E-2
37.057,-0.114,-5.523E-2
37.075,-0.115,-5.327E-2
37.092,-0.115,-5.162E-2
37.109,-0.115,-5.011E-2
37.127,-0.116,-4.902E-2
37.144,-0.115,-4.841E-2
37.161,-0.115,-5.133E-2
37.179,-0.115,-5.229E-2
37.196,-0.114,-5.331E-2
37.213,-0.114,-5.458E-2
37.231,-0.114,-5.271E-2
37.248,-0.112,-5.873E-2
37.265,-0.111,-6.160E-2
37.283,-0.111,-6.528E-2
37.300,-0.111,-6.785E-2
37.317,-0.112,-7.071E-2
37.335,-0.111,-6.478E-2
37.352,-0.110,-5.935E-2
37.369,-0.112,-5.691E-2
37.387,-0.114,-5.474E-2
37.404,-0.114,-5.150E-2
37.421,-0.113,-5.656E-2
37.439,-0.113,-5.293E-2
37.456,-0.113,-5.770E-2
37.473,-0.114,-5.302E-2
37.491,-0.114,-5.241E-2
37.508,-0.113,-5.020E-2
37.525,-0.112,-4.850E-2
37.543,-0.111,-4.872E-2
37.560,-0.111,-4.751E-2
37.577,-0.110,-4.703E-2
37.595,-0.109,-4.835E-2
37.612,-0.107,-5.381E-2
37.629,-0.109,-4.998E-2
37.647,-0.108,-5.453E-2
37.664,-0.124,-5.769E-2
37.681,-0.109,-5.796E-2
37.699,-0.121,-6.545E-2
37.716,-0.124,-6.903E-2
37.733,-0.124,-7.036E-2
37.751,-0.113,-6.928E-2
37.768,-0.110,-6.932E-2
37.785,-0.110,-6.750E-2
37.803,-0.109,-6.207E-2
37.820,-0.108,-5.701E-2
37.837,-0.108,-5.439E-2
37.855,-0.108,-5.329E-2
37.872,-0.108,-5.439E-2
37.889,-0.109,-5.519E-2
37.907,-0.108,-5.576E-2
37.924,-0.108,-5.717E-2
37.941,-0.108,-5.984E-2
37.959,-0.108,-6.581E-2
37.976,-0.108,-7.118E-2
37.993,-0.125,-7.586E-2
38.011,-0.110,-7.893E-2
38.028,-0.111,-7.967E-2
38.045,-0.112,-7.708E-2
38.063,-0.111,-7.595E-2
38.080,-0.111,-7.279E-2
38.097,-0.110,-6.876E-2
38.115,-0.110,-6.503E-2
38.132,-0.125,-5.989E-2
38.149,-0.140,-5.468E-2
38.167,-0.111,-5.803E-2
38.184,-0.109,-5.646E-2
38.201,-0.111,-5.490E-2
38.219,-0.112,-5.306E-2
38.236,-0.127,-5.494E-2
38.253,-0.127,-5.757E-2
38.271,-0.111,-5.886E-2
38.288,-0.111,-6.057E-2
38.305,-0.111,-6.122E-2
38.323,-0.110,-6.061E-2
38.340,-0.110,-6.022E-2
38.357,-0.108,-5.755E-2
38.375,-0.113,-5.456E-2
38.392,-0.112,-5.406E-2
38.409,-0.114,-5.140E-2
38.427,-0.114,-4.725E-2
38.444,-0.116,-4.499E-2
38.461,-0.117,-4.155E-2
38.479,-0.134,-4.158E-2
38.496,-0.153,-4.485E-2
38.513,-0.156,-4.844E-2
38.531,-0.169,-4.692E-2
38.548,-0.156,-4.707E-2
38.565,-0.142,-4.686E-2
38.583,-0.157,-4.620E-2
38.600,-0.113,-4.524E-2
38.617,-0.112,-4.889E-2
38.635,-0.112,-4.882E-2
38.652,-0.113,-4.778E-2
38.669,-0.113,-4.586E-2
38.687,-0.115,-4.702E-2
38.704,-0.117,-4.769E-2
38.721,-0.115,-4.527E-2
38.739,-0.116,-4.565E-2
38.756,-0.115,-4.659E-2
38.773,-0.115,-5.056E-2
38.791,-0.113,-5.344E-2
38.808,-0.129,-6.399E-2
38.825,-0.129,-6.716E-2
38.843,-0.145,-6.602E-2
38.860,-0.161,-6.623E-2
38.877,-0.161,-6.664E-2
38.895,-0.160,-6.660E-2
38.912,-0.115,-6.889E-2
38.929,-0.116,-7.136E-2
38.947,-0.131,-6.615E-2
38.964,-0.114,-6.464E-2
38.981,-0.114,-6.275E-2
38.999,-0.132,-5.261E-2
39.016,-0.114,-5.029E-2
39.033,-0.114,-4.534E-2
39.051,-0.116,-4.247E-2
39.068,-0.115,-4.046E-2
39.085,-0.117,-4.104E-2
39.103,-0.133,-4.806E-2
39.120,-0.151,-5.528E-2
39.137,-0.158,-6.243E-2
39.155,-0.140,-6.007E-2
39.172,-0.126,-6.180E-2
39.189,-0.115,-6.294E-2
39.207,-0.115,-6.518E-2
39.224,-0.114,-6.623E-2
39.241,-0.113,-6.671E-2
39.259,-0.113,-6.588E-2
39.276,-0.115,-5.947E-2
39.293,-0.116,-5.481E-2
39.311,-0.116,-5.409E-2
39.328,-0.115,-5.494E-2
39.345,-0.117,-4.772E-2
39.363,-0.115,-4.754E-2
39.380,-0.112,-5.011E-2
39.397,-0.111,-4.938E-2
39.415,-0.111,-4.964E-2
39.432,-0.111,-5.020E-2
39.449,-0.111,-5.151E-2
39.467,-0.113,-5.430E-2
39.484,-0.113,-5.625E-2
39.501,-0.113,-5.611E-2
39.519,-0.115,-5.973E-2
39.536,-0.112,-5.803E-2
39.553,-0.112,-5.872E-2
39.571,-0.112,-5.867E-2
39.588,-0.113,-6.076E-2
39.605,-0.111,-5.995E-2
39.623,-0.112,-6.279E-2
39.640,-0.113,-6.371E-2
39.657,-0.113,-6.341E-2
39.675,-0.112,-6.089E-2
39.692,-0.111,-5.788E-2
39.709,-0.114,-5.915E-2
39.727,-0.114,-5.729E-2
39.744,-0.113,-5.426E-2
39.761,-0.112,-5.254E-2
39.779,-0.112,-5.147E-2
39.796,-0.112,-5.105E-2
39.813,-0.112,-5.144E-2
39.831,-0.111,-5.309E-2
39.848,-0.112,-5.564E-2
39.865,-0.112,-5.847E-2
39.883,-0.111,-6.068E-2
39.900,-0.112,-6.393E-2
39.917,-0.113,-6.617E-2
39.935,-0.113,-6.752E-2
39.952,-0.112,-6.807E-2
39.969,-0.111,-6.742E-2
39.987,-0.110,-6.605E-2
40.004,-0.110,-6.526E-2
40.021,-0.110,-6.428E-2
40.039,-0.110,-6.431E-2
40.056,-0.111,-6.609E-2
40.073,-0.111,-6.718E-2
40.091,-0.111,-6.784E-2
40.108,-0.111,-6.692E-2
40.125,-0.111,-6.648E-2
40.143,-0.110,-6.616E-2
40.160,-0.111,-6.613E-2
40.177,-0.112,-6.508E-2
40.195,-0.111,-6.336E-2
40.212,-0.112,-6.140E-2
40.229,-0.113,-5.963E-2
40.247,-0.113,-5.783E-2
40.264,-0.114,-5.333E-2
40.281,-0.114,-5.242E-2
40.299,-0.115,-5.007E-2
40.316,-0.116,-4.854E-2
40.333,-0.116,-4.853E-2
40.351,-0.117,-4.731E-2
40.368,-0.116,-4.978E-2
40.385,-0.117,-4.874E-2
40.403,-0.117,-4.920E-2
40.420,-0.117,-4.955E-2
40.437,-0.117,-4.957E-2
40.455,-0.117,-5.003E-2
40.472,-0.117,-5.048E-2
40.489,-0.117,-4.790E-2
40.507,-0.117,-4.801E-2
40.524,-0.116,-5.098E-2
40.541,-0.116,-5.237E-2
40.559,-0.116,-5.467E-2
40.576,-0.117,-5.034E-2
40.593,-0.118,-5.326E-2
40.611,-0.117,-5.458E-2
40.628,-0.128,-6.682E-2
40.645,-0.116,-5.783E-2
40.663,-0.113,-6.474E-2
40.680,-0.112,-6.611E-2
40.697,-0.112,-6.694E-2
40.715,-0.112,-6.597E-2
40.732,-0.112,-6.478E-2
40.749,-0.112,-6.237E-2
40.767,-0.111,-6.124E-2
40.784,-0.112,-5.879E-2
40.801,-0.113,-5.687E-2
40.819,-0.112,-5.442E-2
40.836,-0.113,-5.237E-2
40.853,-0.113,-4.972E-2
40.871,-0.113,-4.786E-2
40.888,-0.113,-4.684E-2
40.905,-0.113,-4.667E-2
40.923,-0.112,-4.611E-2
40.940,-0.112,-4.435E-2
40.957,-0.111,-4.376E-2
40.975,-0.111,-4.286E-2
40.992,-0.112,-4.341E-2
41.009,-0.115,-4.300E-2
41.027,-0.112,-4.284E-2
41.044,-0.112,-4.596E-2
41.061,-0.112,-4.661E-2
41.079,-0.111,-4.640E-2
41.096,-0.112,-4.694E-2
41.113,-0.131,-5.765E-2
41.131,-0.112,-5.043E-2
41.148,-0.111,-5.151E-2
41.165,-0.109,-5.526E-2
41.183,-0.108,-5.912E-2
41.200,-0.109,-5.856E-2
41.217,-0.109,-5.419E-2
41.235,-0.109,-5.073E-2
41.252,-0.109,-4.788E-2
41.269,-0.110,-4.673E-2
41.287,-0.109,-4.512E-2
41.304,-0.108,-4.533E-2
41.321,-0.110,-4.479E-2
41.339,-0.129,-5.172E-2
41.356,-0.111,-4.549E-2
41.373,-0.111,-4.661E-2
41.391,-0.128,-5.483E-2
41.408,-0.110,-4.888E-2
41.425,-0.110,-5.147E-2
41.443,-0.110,-5.428E-2
41.460,-0.127,-6.049E-2
41.477,-0.111,-5.661E-2
41.495,-0.112,-6.296E-2
41.512,-0.112,-6.372E-2
41.529,-0.110,-5.641E-2
41.547,-0.111,-5.509E-2
41.564,-0.110,-5.168E-2
41.581,-0.111,-4.994E-2
41.599,-0.110,-4.975E-2
41.616,-0.111,-5.266E-2
