,mass A,,
t,x,y,
0.000,-0.138,-0.117
0.017,-0.138,-0.117
0.033,-0.138,-0.117
0.050,-0.138,-0.118
0.067,-0.138,-0.118
0.083,-0.138,-0.119
0.100,-0.138,-0.119
0.117,-0.138,-0.119
0.133,-0.138,-0.119
0.150,-0.137,-0.119
0.167,-0.137,-0.119
0.183,-0.137,-0.119
0.200,-0.137,-0.119
0.217,-0.136,-0.118
0.234,-0.136,-0.118
0.250,-0.136,-0.118
0.267,-0.135,-0.117
0.284,-0.135,-0.118
0.300,-0.135,-0.118
0.317,-0.134,-0.117
0.334,-0.134,-0.118
0.350,-0.133,-0.118
0.367,-0.133,-0.119
0.384,-0.133,-0.120
0.400,-0.133,-0.121
0.417,-0.132,-0.121
0.434,-0.132,-0.121
0.450,-0.132,-0.121
0.467,-0.132,-0.121
0.484,-0.132,-0.121
0.500,-0.132,-0.121
0.517,-0.132,-0.120
0.534,-0.132,-0.120
0.550,-0.132,-0.119
0.567,-0.131,-0.119
0.584,-0.132,-0.118
0.600,-0.133,-0.119
0.617,-0.133,-0.118
0.634,-0.132,-0.117
0.650,-0.132,-0.116
0.667,-0.132,-0.116
0.684,-0.132,-0.116
0.701,-0.131,-0.114
0.717,-0.131,-0.114
0.734,-0.131,-0.113
0.751,-0.132,-0.113
0.767,-0.131,-0.113
0.784,-0.131,-0.113
0.801,-0.131,-0.113
0.817,-0.131,-0.113
0.834,-0.131,-0.112
0.851,-0.131,-0.112
0.867,-0.131,-0.111
0.884,-0.131,-0.111
0.901,-0.131,-0.110
0.917,-0.131,-0.109
0.934,-0.131,-0.109
0.951,-0.130,-0.107
0.967,-0.130,-0.107
0.984,-0.130,-0.106
1.001,-0.130,-0.106
1.017,-0.130,-0.105
1.034,-0.130,-0.105
1.051,-0.130,-0.104
1.067,-0.129,-0.103
1.084,-0.130,-0.104
1.101,-0.130,-0.103
1.118,-0.130,-0.104
1.134,-0.130,-0.103
1.151,-0.130,-0.103
1.168,-0.130,-0.103
1.184,-0.130,-0.103
1.201,-0.130,-0.104
1.218,-0.130,-0.104
1.234,-0.131,-0.104
1.251,-0.131,-0.104
1.268,-0.130,-0.104
1.284,-0.131,-0.104
1.301,-0.131,-0.104
1.318,-0.131,-0.104
1.334,-0.131,-0.104
1.351,-0.131,-0.104
1.368,-0.131,-0.104
1.384,-0.131,-0.104
1.401,-0.131,-0.104
1.418,-0.131,-0.103
1.434,-0.131,-0.103
1.451,-0.132,-0.103
1.468,-0.132,-0.103
1.484,-0.132,-0.104
1.501,-0.132,-0.103
1.518,-0.132,-0.104
1.535,-0.132,-0.104
1.551,-0.132,-0.105
1.568,-0.132,-0.105
1.585,-0.132,-0.104
1.601,-0.132,-0.104
1.618,-0.133,-0.104
1.635,-0.133,-0.103
1.651,-0.133,-0.103
1.668,-0.133,-0.102
1.685,-0.133,-0.102
1.701,-0.133,-0.102
1.718,-0.133,-0.101
1.735,-0.133,-0.101
1.751,-0.133,-0.101
1.768,-0.133,-0.101
1.785,-0.133,-0.101
1.801,-0.133,-0.101
1.818,-0.133,-0.100
1.835,-0.133,-0.100
1.851,-0.134,-0.100
1.868,-0.134,-0.100
1.885,-0.133,-0.101
1.901,-0.133,-0.101
1.918,-0.133,-0.101
1.935,-0.133,-0.101
1.951,-0.133,-0.101
1.968,-0.133,-0.100
1.985,-0.133,-0.100
2.002,-0.133,-0.100
2.018,-0.133,-9.967E-2
2.035,-0.133,-9.942E-2
2.052,-0.133,-9.913E-2
2.068,-0.133,-9.881E-2
2.085,-0.133,-9.865E-2
2.102,-0.132,-9.842E-2
2.118,-0.132,-9.829E-2
2.135,-0.132,-9.823E-2
2.152,-0.132,-9.826E-2
2.168,-0.132,-9.821E-2
2.185,-0.132,-9.815E-2
2.202,-0.132,-9.796E-2
2.218,-0.131,-9.750E-2
2.235,-0.132,-9.750E-2
2.252,-0.132,-9.720E-2
2.268,-0.131,-9.666E-2
2.285,-0.132,-9.690E-2
2.302,-0.132,-9.698E-2
2.318,-0.132,-9.741E-2
2.335,-0.132,-9.761E-2
2.352,-0.132,-9.830E-2
2.368,-0.132,-9.871E-2
2.385,-0.132,-9.944E-2
2.402,-0.132,-9.978E-2
2.419,-0.133,-0.100
2.435,-0.132,-0.100
2.452,-0.132,-0.100
2.469,-0.132,-0.101
2.485,-0.132,-0.101
2.502,-0.133,-0.101
2.519,-0.133,-0.101
2.535,-0.133,-0.102
2.552,-0.133,-0.102
2.569,-0.133,-0.102
2.585,-0.133,-0.102
2.602,-0.133,-0.102
2.619,-0.133,-0.102
2.635,-0.133,-0.102
2.652,-0.132,-0.102
2.669,-0.132,-0.103
2.685,-0.132,-0.103
2.702,-0.131,-0.103
2.719,-0.132,-0.104
2.735,-0.131,-0.104
2.752,-0.131,-0.104
2.769,-0.132,-0.106
2.785,-0.132,-0.106
2.802,-0.132,-0.105
2.819,-0.133,-0.105
2.835,-0.133,-0.106
2.852,-0.133,-0.106
2.869,-0.134,-0.106
2.886,-0.134,-0.107
2.902,-0.135,-0.108
2.919,-0.135,-0.109
2.936,-0.135,-0.109
2.952,-0.136,-0.110
2.969,-0.136,-0.111
2.986,-0.136,-0.112
3.002,-0.136,-0.113
3.019,-0.136,-0.114
3.036,-0.136,-0.115
3.052,-0.137,-0.116
3.069,-0.137,-0.116
3.086,-0.137,-0.117
3.102,-0.137,-0.117
3.119,-0.137,-0.117
3.136,-0.137,-0.117
3.152,-0.137,-0.117
3.169,-0.137,-0.117
3.186,-0.137,-0.116
3.202,-0.137,-0.116
3.219,-0.137,-0.116
3.236,-0.137,-0.115
3.252,-0.137,-0.115
3.269,-0.137,-0.114
3.286,-0.138,-0.114
3.303,-0.137,-0.114
3.319,-0.137,-0.114
3.336,-0.137,-0.114
3.353,-0.137,-0.114
3.369,-0.137,-0.114
3.386,-0.136,-0.114
3.403,-0.137,-0.115
3.419,-0.136,-0.114
3.436,-0.136,-0.115
3.453,-0.136,-0.115
3.469,-0.136,-0.114
3.486,-0.136,-0.114
3.503,-0.135,-0.114
3.519,-0.135,-0.113
3.536,-0.135,-0.113
3.553,-0.134,-0.112
3.569,-0.134,-0.112
3.586,-0.134,-0.111
3.603,-0.134,-0.111
3.619,-0.133,-0.111
3.636,-0.133,-0.110
3.653,-0.134,-0.111
3.669,-0.134,-0.111
3.686,-0.134,-0.112
3.703,-0.134,-0.112
3.719,-0.134,-0.112
3.736,-0.134,-0.112
3.753,-0.134,-0.113
3.770,-0.134,-0.113
3.786,-0.134,-0.113
3.803,-0.134,-0.113
3.820,-0.134,-0.114
3.836,-0.134,-0.114
3.853,-0.135,-0.115
3.870,-0.134,-0.114
3.886,-0.135,-0.115
3.903,-0.135,-0.114
3.920,-0.135,-0.114
3.936,-0.135,-0.114
3.953,-0.135,-0.113
3.970,-0.135,-0.113
3.986,-0.135,-0.114
4.003,-0.135,-0.113
4.020,-0.135,-0.112
4.036,-0.134,-0.111
4.053,-0.135,-0.111
4.070,-0.135,-0.110
4.086,-0.134,-0.109
4.103,-0.134,-0.110
4.120,-0.134,-0.109
4.136,-0.134,-0.109
4.153,-0.134,-0.108
4.170,-0.134,-0.108
4.187,-0.134,-0.107
4.203,-0.134,-0.107
4.220,-0.134,-0.107
4.237,-0.134,-0.106
4.253,-0.134,-0.107
4.270,-0.134,-0.106
4.287,-0.134,-0.106
4.303,-0.134,-0.106
4.320,-0.134,-0.106
4.337,-0.134,-0.106
4.353,-0.134,-0.106
4.370,-0.134,-0.106
4.387,-0.135,-0.106
4.403,-0.135,-0.106
4.420,-0.134,-0.106
4.437,-0.134,-0.107
4.453,-0.134,-0.107
4.470,-0.134,-0.107
4.487,-0.134,-0.108
4.503,-0.134,-0.109
4.520,-0.134,-0.109
4.537,-0.134,-0.110
4.553,-0.134,-0.110
4.570,-0.134,-0.110
4.587,-0.134,-0.111
4.604,-0.134,-0.111
4.620,-0.134,-0.111
4.637,-0.134,-0.111
4.654,-0.134,-0.111
4.670,-0.133,-0.111
4.687,-0.133,-0.110
4.704,-0.133,-0.110
4.720,-0.133,-0.110
4.737,-0.133,-0.110
4.754,-0.133,-0.110
4.770,-0.132,-0.109
4.787,-0.132,-0.109
4.804,-0.132,-0.109
4.820,-0.132,-0.109
4.837,-0.132,-0.108
4.854,-0.133,-0.109
4.870,-0.133,-0.108
4.887,-0.133,-0.108
4.904,-0.133,-0.108
4.920,-0.133,-0.107
4.937,-0.133,-0.107
4.954,-0.133,-0.107
4.970,-0.133,-0.107
4.987,-0.133,-0.107
5.004,-0.133,-0.106
5.020,-0.134,-0.106
5.037,-0.134,-0.106
5.054,-0.134,-0.107
5.071,-0.134,-0.106
5.087,-0.133,-0.106
5.104,-0.133,-0.106
5.121,-0.133,-0.107
5.137,-0.133,-0.106
5.154,-0.132,-0.106
5.171,-0.132,-0.106
5.187,-0.133,-0.107
5.204,-0.133,-0.107
5.221,-0.132,-0.107
5.237,-0.132,-0.107
5.254,-0.132,-0.106
5.271,-0.133,-0.107
5.287,-0.133,-0.107
5.304,-0.132,-0.106
5.321,-0.132,-0.106
5.337,-0.132,-0.106
5.354,-0.132,-0.106
5.371,-0.133,-0.106
5.387,-0.133,-0.106
5.404,-0.133,-0.106
5.421,-0.134,-0.106
5.437,-0.134,-0.106
5.454,-0.134,-0.106
5.471,-0.135,-0.105
5.488,-0.135,-0.105
5.504,-0.135,-0.104
5.521,-0.135,-0.104
5.538,-0.135,-0.103
5.554,-0.135,-0.103
5.571,-0.135,-0.102
5.588,-0.135,-0.102
5.604,-0.135,-0.101
5.621,-0.135,-0.101
5.638,-0.135,-0.100
5.654,-0.135,-0.100
5.671,-0.135,-0.100
5.688,-0.135,-0.100
5.704,-0.134,-0.100
5.721,-0.134,-0.100
5.738,-0.134,-9.984E-2
5.754,-0.134,-9.962E-2
5.771,-0.134,-9.942E-2
5.788,-0.134,-9.910E-2
5.804,-0.134,-9.878E-2
5.821,-0.134,-9.870E-2
5.838,-0.134,-9.875E-2
5.854,-0.135,-9.875E-2
5.871,-0.134,-9.876E-2
5.888,-0.134,-9.880E-2
5.904,-0.134,-9.871E-2
5.921,-0.134,-9.845E-2
5.938,-0.134,-9.817E-2
5.955,-0.134,-9.761E-2
5.971,-0.134,-9.709E-2
5.988,-0.134,-9.666E-2
6.005,-0.134,-9.644E-2
6.021,-0.134,-9.637E-2
6.038,-0.134,-9.634E-2
6.055,-0.134,-9.660E-2
6.071,-0.134,-9.721E-2
6.088,-0.133,-9.770E-2
6.105,-0.133,-9.842E-2
6.121,-0.133,-9.931E-2
6.138,-0.132,-0.100
6.155,-0.132,-0.102
6.171,-0.132,-0.103
6.188,-0.132,-0.104
6.205,-0.131,-0.105
6.221,-0.131,-0.107
6.238,-0.131,-0.108
6.255,-0.131,-0.109
6.271,-0.131,-0.111
6.288,-0.131,-0.111
6.305,-0.130,-0.112
6.321,-0.130,-0.113
6.338,-0.130,-0.113
6.355,-0.130,-0.113
6.372,-0.130,-0.114
6.388,-0.130,-0.114
6.405,-0.131,-0.115
6.422,-0.130,-0.115
6.438,-0.131,-0.115
6.455,-0.131,-0.116
6.472,-0.131,-0.117
6.488,-0.131,-0.117
6.505,-0.131,-0.118
6.522,-0.132,-0.118
6.538,-0.132,-0.118
6.555,-0.133,-0.119
6.572,-0.133,-0.119
6.588,-0.132,-0.118
6.605,-0.133,-0.119
6.622,-0.132,-0.117
6.638,-0.133,-0.118
6.655,-0.133,-0.117
6.672,-0.133,-0.117
6.688,-0.133,-0.116
6.705,-0.133,-0.115
6.722,-0.133,-0.115
6.738,-0.133,-0.114
6.755,-0.133,-0.113
6.772,-0.133,-0.113
6.788,-0.133,-0.112
6.805,-0.133,-0.111
6.822,-0.133,-0.111
6.839,-0.133,-0.111
6.855,-0.133,-0.110
6.872,-0.133,-0.110
6.889,-0.133,-0.110
6.905,-0.132,-0.109
6.922,-0.132,-0.109
6.939,-0.132,-0.109
6.955,-0.131,-0.109
6.972,-0.132,-0.108
6.989,-0.131,-0.108
7.005,-0.131,-0.108
7.022,-0.131,-0.108
7.039,-0.131,-0.108
7.055,-0.131,-0.108
7.072,-0.131,-0.108
7.089,-0.131,-0.108
7.105,-0.132,-0.108
7.122,-0.132,-0.107
7.139,-0.132,-0.107
7.155,-0.132,-0.107
7.172,-0.132,-0.107
7.189,-0.132,-0.107
7.205,-0.133,-0.107
7.222,-0.133,-0.107
7.239,-0.133,-0.107
7.256,-0.133,-0.107
7.272,-0.133,-0.107
7.289,-0.133,-0.107
7.306,-0.133,-0.108
7.322,-0.133,-0.108
7.339,-0.134,-0.109
7.356,-0.134,-0.110
7.372,-0.134,-0.110
7.389,-0.134,-0.111
7.406,-0.134,-0.111
7.422,-0.134,-0.111
7.439,-0.134,-0.112
7.456,-0.134,-0.111
7.472,-0.133,-0.111
7.489,-0.134,-0.111
7.506,-0.134,-0.110
7.522,-0.133,-0.109
7.539,-0.133,-0.109
7.556,-0.133,-0.108
7.572,-0.133,-0.108
7.589,-0.133,-0.108
7.606,-0.133,-0.108
7.622,-0.133,-0.108
7.639,-0.132,-0.107
7.656,-0.133,-0.108
7.673,-0.132,-0.108
7.689,-0.132,-0.108
7.706,-0.132,-0.107
7.723,-0.132,-0.107
7.739,-0.132,-0.106
7.756,-0.132,-0.106
7.773,-0.133,-0.106
7.789,-0.132,-0.105
7.806,-0.133,-0.105
7.823,-0.133,-0.105
7.839,-0.133,-0.104
7.856,-0.133,-0.104
7.873,-0.134,-0.104
7.889,-0.134,-0.103
7.906,-0.134,-0.103
7.923,-0.134,-0.102
7.939,-0.134,-0.102
7.956,-0.134,-0.102
7.973,-0.134,-0.102
7.989,-0.134,-0.102
8.006,-0.134,-0.102
8.023,-0.133,-0.102
8.039,-0.134,-0.102
8.056,-0.133,-0.102
8.073,-0.133,-0.102
8.089,-0.133,-0.102
8.106,-0.133,-0.102
8.123,-0.133,-0.102
8.140,-0.133,-0.102
8.156,-0.132,-0.102
8.173,-0.133,-0.101
8.190,-0.132,-0.101
8.206,-0.132,-0.101
8.223,-0.133,-0.100
8.240,-0.133,-0.100
8.256,-0.133,-9.980E-2
8.273,-0.134,-9.953E-2
8.290,-0.134,-9.918E-2
8.306,-0.134,-9.912E-2
8.323,-0.135,-9.922E-2
8.340,-0.135,-9.924E-2
8.356,-0.135,-9.957E-2
8.373,-0.135,-9.980E-2
8.390,-0.135,-0.100
8.406,-0.136,-0.100
8.423,-0.136,-0.101
8.440,-0.136,-0.101
8.456,-0.137,-0.101
8.473,-0.137,-0.102
8.490,-0.137,-0.102
8.506,-0.137,-0.102
8.523,-0.137,-0.103
8.540,-0.137,-0.104
8.557,-0.138,-0.104
8.573,-0.138,-0.105
8.590,-0.138,-0.106
8.607,-0.139,-0.107
8.623,-0.139,-0.107
8.640,-0.139,-0.108
8.657,-0.139,-0.109
8.673,-0.139,-0.110
8.690,-0.139,-0.111
8.707,-0.139,-0.111
8.723,-0.139,-0.112
8.740,-0.139,-0.113
8.757,-0.140,-0.113
8.773,-0.140,-0.114
8.790,-0.139,-0.115
8.807,-0.139,-0.116
8.823,-0.139,-0.116
8.840,-0.139,-0.117
8.857,-0.139,-0.118
8.873,-0.139,-0.119
8.890,-0.139,-0.119
8.907,-0.139,-0.119
8.923,-0.138,-0.118
8.940,-0.138,-0.117
8.957,-0.137,-0.116
8.973,-0.137,-0.115
8.990,-0.137,-0.114
9.007,-0.137,-0.114
9.024,-0.137,-0.113
9.040,-0.137,-0.112
9.057,-0.137,-0.111
9.074,-0.137,-0.111
9.090,-0.136,-0.111
9.107,-0.137,-0.111
9.124,-0.137,-0.111
9.140,-0.137,-0.111
9.157,-0.137,-0.111
9.174,-0.137,-0.111
9.190,-0.136,-0.111
9.207,-0.137,-0.112
9.224,-0.137,-0.113
9.240,-0.136,-0.113
9.257,-0.136,-0.114
9.274,-0.136,-0.114
9.290,-0.136,-0.115
9.307,-0.136,-0.115
9.324,-0.135,-0.116
9.340,-0.136,-0.117
9.357,-0.135,-0.118
9.374,-0.134,-0.118
9.390,-0.134,-0.119
9.407,-0.134,-0.120
9.424,-0.134,-0.120
9.441,-0.134,-0.119
9.457,-0.133,-0.118
9.474,-0.134,-0.119
9.491,-0.132,-0.118
9.507,-0.133,-0.118
9.524,-0.132,-0.117
9.541,-0.132,-0.117
9.557,-0.132,-0.116
9.574,-0.132,-0.115
9.591,-0.132,-0.115
9.607,-0.132,-0.114
9.624,-0.132,-0.113
9.641,-0.132,-0.113
9.657,-0.133,-0.112
9.674,-0.133,-0.112
9.691,-0.134,-0.111
9.707,-0.134,-0.111
9.724,-0.134,-0.110
9.741,-0.134,-0.110
9.757,-0.135,-0.109
9.774,-0.135,-0.109
9.791,-0.135,-0.109
9.807,-0.135,-0.108
9.824,-0.135,-0.108
9.841,-0.134,-0.108
9.858,-0.134,-0.108
9.874,-0.135,-0.108
9.891,-0.135,-0.108
9.908,-0.134,-0.108
9.924,-0.134,-0.108
9.941,-0.134,-0.109
9.958,-0.134,-0.109
9.974,-0.133,-0.108
9.991,-0.133,-0.108
10.008,-0.133,-0.107
10.024,-0.132,-0.106
10.041,-0.131,-0.105
10.058,-0.131,-0.104
10.074,-0.131,-0.103
10.091,-0.131,-0.103
10.108,-0.130,-0.102
10.124,-0.130,-0.102
10.141,-0.130,-0.102
10.158,-0.130,-0.102
10.174,-0.130,-0.102
10.191,-0.130,-0.101
10.208,-0.129,-0.101
10.224,-0.130,-0.101
10.241,-0.130,-0.101
10.258,-0.131,-0.101
10.274,-0.131,-0.101
10.291,-0.131,-0.101
10.308,-0.132,-0.101
10.325,-0.132,-0.101
10.341,-0.133,-0.101
10.358,-0.133,-0.101
10.375,-0.133,-0.101
10.391,-0.133,-0.101
10.408,-0.133,-0.102
10.425,-0.133,-0.101
10.441,-0.133,-0.101
10.458,-0.133,-0.101
10.475,-0.132,-0.101
10.491,-0.133,-0.101
10.508,-0.132,-0.101
10.525,-0.132,-0.101
10.541,-0.131,-0.101
10.558,-0.131,-0.100
10.575,-0.130,-9.925E-2
10.591,-0.129,-9.837E-2
10.608,-0.129,-9.748E-2
10.625,-0.128,-9.565E-2
10.641,-0.129,-9.499E-2
10.658,-0.128,-9.372E-2
10.675,-0.128,-9.258E-2
10.691,-0.128,-9.132E-2
10.708,-0.128,-9.032E-2
10.725,-0.128,-8.948E-2
10.742,-0.127,-8.940E-2
10.758,-0.127,-8.950E-2
10.775,-0.127,-8.963E-2
10.792,-0.128,-9.017E-2
10.808,-0.127,-8.952E-2
10.825,-0.128,-8.957E-2
10.842,-0.129,-9.033E-2
10.858,-0.129,-9.062E-2
10.875,-0.130,-9.072E-2
10.892,-0.130,-9.118E-2
10.908,-0.130,-9.165E-2
10.925,-0.131,-9.272E-2
10.942,-0.131,-9.358E-2
10.958,-0.131,-9.440E-2
10.975,-0.131,-9.521E-2
10.992,-0.131,-9.646E-2
11.008,-0.131,-9.748E-2
11.025,-0.131,-9.831E-2
11.042,-0.131,-9.915E-2
11.058,-0.130,-9.923E-2
11.075,-0.130,-9.915E-2
11.092,-0.130,-9.946E-2
11.108,-0.130,-9.839E-2
11.125,-0.130,-9.755E-2
11.142,-0.131,-9.692E-2
11.158,-0.131,-9.650E-2
11.175,-0.131,-9.520E-2
11.192,-0.131,-9.422E-2
11.209,-0.130,-9.259E-2
11.225,-0.130,-9.166E-2
11.242,-0.130,-9.076E-2
11.259,-0.130,-8.983E-2
11.275,-0.129,-8.886E-2
11.292,-0.129,-8.857E-2
11.309,-0.129,-8.800E-2
11.325,-0.128,-8.748E-2
11.342,-0.127,-8.561E-2
11.359,-0.127,-8.548E-2
11.375,-0.128,-8.649E-2
11.392,-0.127,-8.610E-2
11.409,-0.127,-8.503E-2
11.425,-0.127,-8.521E-2
11.442,-0.127,-8.540E-2
11.459,-0.127,-8.570E-2
11.475,-0.127,-8.572E-2
11.492,-0.127,-8.569E-2
11.509,-0.127,-8.565E-2
11.525,-0.127,-8.575E-2
11.542,-0.126,-8.503E-2
11.559,-0.126,-8.565E-2
11.575,-0.127,-8.715E-2
11.592,-0.127,-8.778E-2
11.609,-0.126,-8.768E-2
11.626,-0.127,-8.849E-2
11.642,-0.127,-8.872E-2
11.659,-0.127,-8.820E-2
11.676,-0.127,-8.940E-2
11.692,-0.127,-8.822E-2
11.709,-0.128,-8.970E-2
11.726,-0.128,-8.952E-2
11.742,-0.128,-8.930E-2
11.759,-0.128,-8.747E-2
11.776,-0.128,-8.792E-2
11.792,-0.129,-8.887E-2
11.809,-0.129,-8.883E-2
11.826,-0.129,-8.887E-2
11.842,-0.129,-8.840E-2
11.859,-0.130,-8.833E-2
11.876,-0.130,-8.802E-2
11.892,-0.130,-8.773E-2
11.909,-0.130,-8.699E-2
11.926,-0.130,-8.622E-2
11.942,-0.130,-8.612E-2
11.959,-0.131,-8.568E-2
11.976,-0.131,-8.531E-2
11.992,-0.131,-8.517E-2
12.009,-0.132,-8.483E-2
12.026,-0.132,-8.493E-2
12.042,-0.130,-8.524E-2
12.059,-0.131,-8.605E-2
12.076,-0.130,-8.697E-2
12.093,-0.131,-8.746E-2
12.109,-0.130,-8.758E-2
12.126,-0.130,-8.798E-2
12.143,-0.131,-8.833E-2
12.159,-0.131,-8.883E-2
12.176,-0.131,-8.930E-2
12.193,-0.131,-8.975E-2
12.209,-0.130,-9.023E-2
12.226,-0.131,-9.105E-2
12.243,-0.130,-9.130E-2
12.259,-0.131,-9.237E-2
12.276,-0.130,-9.313E-2
12.293,-0.130,-9.409E-2
12.309,-0.131,-9.495E-2
12.326,-0.131,-9.535E-2
12.343,-0.131,-9.572E-2
12.359,-0.131,-9.613E-2
12.376,-0.131,-9.623E-2
12.393,-0.132,-9.647E-2
12.409,-0.132,-9.655E-2
12.426,-0.132,-9.690E-2
12.443,-0.132,-9.699E-2
12.459,-0.132,-9.724E-2
12.476,-0.132,-9.753E-2
12.493,-0.133,-9.783E-2
12.510,-0.133,-9.812E-2
12.526,-0.133,-9.846E-2
12.543,-0.133,-9.849E-2
12.560,-0.133,-9.883E-2
12.576,-0.133,-9.888E-2
12.593,-0.133,-9.898E-2
12.610,-0.133,-9.921E-2
12.626,-0.133,-9.946E-2
12.643,-0.133,-9.970E-2
12.660,-0.133,-0.100
12.676,-0.132,-0.100
12.693,-0.132,-0.100
12.710,-0.133,-0.100
12.726,-0.131,-0.100
12.743,-0.131,-9.989E-2
12.760,-0.131,-9.971E-2
12.776,-0.130,-9.945E-2
12.793,-0.129,-9.916E-2
12.810,-0.129,-9.883E-2
12.826,-0.128,-9.832E-2
12.843,-0.128,-9.756E-2
12.860,-0.127,-9.670E-2
12.876,-0.127,-9.572E-2
12.893,-0.126,-9.500E-2
12.910,-0.126,-9.397E-2
12.927,-0.126,-9.333E-2
12.943,-0.125,-9.265E-2
12.960,-0.125,-9.170E-2
12.977,-0.125,-9.140E-2
12.993,-0.125,-9.118E-2
13.010,-0.125,-9.094E-2
13.027,-0.125,-9.076E-2
13.043,-0.125,-9.066E-2
13.060,-0.125,-9.081E-2
13.077,-0.125,-9.052E-2
13.093,-0.125,-9.058E-2
13.110,-0.126,-9.041E-2
13.127,-0.126,-9.046E-2
13.143,-0.126,-9.049E-2
13.160,-0.127,-9.073E-2
13.177,-0.127,-9.081E-2
13.193,-0.127,-9.133E-2
13.210,-0.127,-9.184E-2
13.227,-0.127,-9.271E-2
13.243,-0.127,-9.357E-2
13.260,-0.128,-9.445E-2
13.277,-0.128,-9.531E-2
13.293,-0.129,-9.638E-2
13.310,-0.129,-9.730E-2
13.327,-0.130,-9.829E-2
13.343,-0.130,-9.920E-2
13.360,-0.130,-0.100
13.377,-0.131,-0.101
13.394,-0.131,-0.102
13.410,-0.131,-0.103
13.427,-0.132,-0.103
13.444,-0.132,-0.104
13.460,-0.134,-0.104
13.477,-0.133,-0.105
13.494,-0.133,-0.105
13.510,-0.134,-0.105
13.527,-0.134,-0.105
13.544,-0.134,-0.105
13.560,-0.135,-0.104
13.577,-0.135,-0.104
13.594,-0.134,-0.103
13.610,-0.135,-0.103
13.627,-0.134,-0.101
13.644,-0.134,-0.101
13.660,-0.134,-0.100
13.677,-0.134,-9.977E-2
13.694,-0.133,-9.916E-2
13.710,-0.133,-9.850E-2
13.727,-0.133,-9.789E-2
13.744,-0.132,-9.781E-2
13.760,-0.132,-9.742E-2
13.777,-0.132,-9.733E-2
13.794,-0.132,-9.746E-2
13.811,-0.131,-9.735E-2
13.827,-0.130,-9.651E-2
13.844,-0.131,-9.781E-2
13.861,-0.131,-9.786E-2
13.877,-0.131,-9.831E-2
13.894,-0.131,-9.922E-2
13.911,-0.131,-0.100
13.927,-0.132,-0.101
13.944,-0.132,-0.103
13.961,-0.132,-0.104
13.977,-0.132,-0.105
13.994,-0.132,-0.106
14.011,-0.132,-0.107
14.027,-0.132,-0.107
14.044,-0.132,-0.108
14.061,-0.132,-0.109
14.077,-0.132,-0.110
14.094,-0.133,-0.110
14.111,-0.132,-0.111
14.127,-0.132,-0.111
14.144,-0.132,-0.111
14.161,-0.132,-0.111
14.177,-0.132,-0.111
14.194,-0.132,-0.111
14.211,-0.132,-0.112
14.227,-0.132,-0.112
14.244,-0.132,-0.112
14.261,-0.132,-0.112
14.278,-0.132,-0.112
14.294,-0.132,-0.112
14.311,-0.132,-0.112
14.328,-0.132,-0.112
14.344,-0.132,-0.111
14.361,-0.132,-0.111
14.378,-0.132,-0.110
14.394,-0.132,-0.109
14.411,-0.132,-0.108
14.428,-0.132,-0.107
14.444,-0.131,-0.106
14.461,-0.131,-0.105
14.478,-0.131,-0.104
14.494,-0.131,-0.104
14.511,-0.131,-0.103
14.528,-0.130,-0.102
14.544,-0.130,-0.102
14.561,-0.130,-0.101
14.578,-0.129,-0.100
14.594,-0.130,-9.970E-2
14.611,-0.131,-9.842E-2
14.628,-0.130,-9.780E-2
14.644,-0.130,-9.670E-2
14.661,-0.129,-9.579E-2
14.678,-0.129,-9.511E-2
14.695,-0.129,-9.450E-2
14.711,-0.129,-9.375E-2
14.728,-0.129,-9.315E-2
14.745,-0.129,-9.256E-2
14.761,-0.129,-9.218E-2
14.778,-0.129,-9.169E-2
14.795,-0.129,-9.148E-2
14.811,-0.129,-9.124E-2
14.828,-0.129,-9.117E-2
14.845,-0.129,-9.117E-2
14.861,-0.129,-9.120E-2
14.878,-0.129,-9.153E-2
14.895,-0.130,-9.195E-2
14.911,-0.129,-9.207E-2
14.928,-0.130,-9.284E-2
14.945,-0.130,-9.340E-2
14.961,-0.130,-9.396E-2
14.978,-0.130,-9.468E-2
14.995,-0.130,-9.565E-2
15.011,-0.130,-9.652E-2
15.028,-0.130,-9.738E-2
15.045,-0.130,-9.841E-2
15.061,-0.130,-9.943E-2
15.078,-0.131,-0.100
15.095,-0.131,-0.101
15.111,-0.131,-0.101
15.128,-0.131,-0.102
15.145,-0.131,-0.101
15.162,-0.132,-0.102
15.178,-0.131,-0.101
15.195,-0.132,-0.102
15.212,-0.132,-0.102
15.228,-0.132,-0.102
15.245,-0.132,-0.101
15.262,-0.132,-0.101
15.278,-0.133,-0.101
15.295,-0.132,-0.101
15.312,-0.132,-0.101
15.328,-0.132,-0.101
15.345,-0.133,-0.101
15.362,-0.132,-0.100
15.378,-0.133,-0.101
15.395,-0.133,-0.101
15.412,-0.133,-0.101
15.428,-0.133,-0.101
15.445,-0.133,-0.102
15.462,-0.133,-0.102
15.478,-0.134,-0.102
15.495,-0.134,-0.103
15.512,-0.134,-0.103
15.528,-0.134,-0.103
15.545,-0.135,-0.104
15.562,-0.135,-0.104
15.579,-0.134,-0.105
15.595,-0.135,-0.105
15.612,-0.135,-0.106
15.629,-0.135,-0.106
15.645,-0.135,-0.106
15.662,-0.135,-0.106
15.679,-0.135,-0.106
15.695,-0.135,-0.106
15.712,-0.135,-0.107
15.729,-0.135,-0.107
15.745,-0.135,-0.107
15.762,-0.136,-0.107
15.779,-0.135,-0.107
15.795,-0.136,-0.108
15.812,-0.136,-0.108
15.829,-0.136,-0.109
15.845,-0.136,-0.109
15.862,-0.136,-0.109
15.879,-0.135,-0.109
15.895,-0.136,-0.110
15.912,-0.136,-0.110
15.929,-0.136,-0.111
15.945,-0.136,-0.111
15.962,-0.136,-0.112
15.979,-0.137,-0.113
15.996,-0.136,-0.113
16.012,-0.137,-0.114
16.029,-0.137,-0.115
16.046,-0.137,-0.115
16.062,-0.137,-0.116
16.079,-0.137,-0.116
16.096,-0.137,-0.116
16.112,-0.137,-0.116
16.129,-0.137,-0.116
16.146,-0.137,-0.116
16.162,-0.137,-0.116
16.179,-0.137,-0.117
16.196,-0.137,-0.117
16.212,-0.137,-0.117
16.229,-0.137,-0.118
16.246,-0.137,-0.118
16.262,-0.137,-0.119
16.279,-0.137,-0.120
16.296,-0.137,-0.121
16.312,-0.136,-0.121
16.329,-0.136,-0.121
16.346,-0.136,-0.121
16.362,-0.136,-0.121
16.379,-0.136,-0.121
16.396,-0.136,-0.121
16.412,-0.136,-0.121
16.429,-0.136,-0.121
16.446,-0.136,-0.121
16.463,-0.135,-0.120
16.479,-0.135,-0.120
16.496,-0.134,-0.120
16.513,-0.134,-0.120
16.529,-0.134,-0.120
16.546,-0.134,-0.119
16.563,-0.132,-0.118
16.579,-0.132,-0.118
16.596,-0.132,-0.118
16.613,-0.132,-0.117
16.629,-0.132,-0.117
16.646,-0.131,-0.116
16.663,-0.130,-0.115
16.679,-0.130,-0.115
16.696,-0.130,-0.115
16.713,-0.129,-0.114
16.729,-0.129,-0.113
16.746,-0.129,-0.113
16.763,-0.128,-0.112
16.779,-0.129,-0.112
16.796,-0.128,-0.111
16.813,-0.128,-0.110
16.829,-0.128,-0.110
16.846,-0.128,-0.109
16.863,-0.128,-0.109
16.880,-0.128,-0.108
16.896,-0.128,-0.108
16.913,-0.129,-0.108
16.930,-0.128,-0.108
16.946,-0.128,-0.108
16.963,-0.128,-0.108
16.980,-0.129,-0.108
16.996,-0.129,-0.108
17.013,-0.129,-0.107
17.030,-0.129,-0.107
17.046,-0.129,-0.108
17.063,-0.130,-0.109
17.080,-0.130,-0.109
17.096,-0.130,-0.109
17.113,-0.130,-0.110
17.130,-0.130,-0.109
17.146,-0.131,-0.109
17.163,-0.131,-0.109
17.180,-0.132,-0.110
17.196,-0.132,-0.110
17.213,-0.132,-0.110
17.230,-0.132,-0.110
17.246,-0.132,-0.110
17.263,-0.132,-0.110
17.280,-0.133,-0.110
17.296,-0.133,-0.109
17.313,-0.133,-0.109
17.330,-0.134,-0.109
17.347,-0.134,-0.108
17.363,-0.134,-0.108
17.380,-0.135,-0.108
17.397,-0.135,-0.107
17.413,-0.135,-0.107
17.430,-0.135,-0.106
17.447,-0.136,-0.106
17.463,-0.136,-0.106
17.480,-0.136,-0.105
17.497,-0.136,-0.104
17.513,-0.136,-0.103
17.530,-0.136,-0.102
17.547,-0.136,-0.101
17.563,-0.136,-0.101
17.580,-0.136,-0.100
17.597,-0.136,-0.100
17.613,-0.135,-9.987E-2
17.630,-0.135,-9.975E-2
17.647,-0.135,-9.966E-2
17.663,-0.135,-9.977E-2
17.680,-0.135,-0.100
17.697,-0.134,-0.100
17.713,-0.134,-0.101
17.730,-0.133,-0.101
17.747,-0.133,-0.102
17.764,-0.132,-0.102
17.780,-0.132,-0.102
17.797,-0.131,-0.103
17.814,-0.131,-0.103
17.830,-0.130,-0.103
17.847,-0.130,-0.103
17.864,-0.129,-0.103
17.880,-0.129,-0.103
17.897,-0.129,-0.103
17.914,-0.128,-0.103
17.930,-0.128,-0.103
17.947,-0.128,-0.103
17.964,-0.129,-0.103
17.980,-0.128,-0.102
17.997,-0.128,-0.102
18.014,-0.128,-0.101
18.030,-0.129,-0.101
18.047,-0.129,-0.101
18.064,-0.130,-0.101
18.080,-0.130,-0.101
18.097,-0.130,-0.101
18.114,-0.130,-0.101
18.130,-0.130,-0.101
18.147,-0.130,-0.101
18.164,-0.130,-0.101
18.181,-0.130,-0.101
18.197,-0.130,-0.101
18.214,-0.131,-0.102
18.231,-0.131,-0.101
18.247,-0.131,-0.101
18.264,-0.131,-0.101
18.281,-0.131,-0.101
18.297,-0.131,-0.100
18.314,-0.131,-0.100
18.331,-0.130,-9.949E-2
18.347,-0.131,-9.932E-2
18.364,-0.131,-9.883E-2
18.381,-0.131,-9.854E-2
18.397,-0.131,-9.792E-2
18.414,-0.131,-9.835E-2
18.431,-0.130,-9.675E-2
18.447,-0.131,-9.670E-2
18.464,-0.131,-9.704E-2
18.481,-0.131,-9.650E-2
18.497,-0.130,-9.504E-2
18.514,-0.130,-9.474E-2
18.531,-0.130,-9.498E-2
18.547,-0.131,-9.568E-2
18.564,-0.130,-9.510E-2
18.581,-0.130,-9.568E-2
18.597,-0.130,-9.560E-2
18.614,-0.130,-9.479E-2
18.631,-0.130,-9.565E-2
18.648,-0.130,-9.586E-2
18.664,-0.130,-9.580E-2
18.681,-0.131,-9.654E-2
18.698,-0.131,-9.705E-2
18.714,-0.131,-9.746E-2
18.731,-0.131,-9.777E-2
18.748,-0.131,-9.919E-2
18.764,-0.131,-9.969E-2
18.781,-0.131,-0.101
18.798,-0.131,-0.101
18.814,-0.131,-0.102
18.831,-0.132,-0.103
18.848,-0.132,-0.103
18.864,-0.132,-0.104
18.881,-0.132,-0.105
18.898,-0.132,-0.106
18.914,-0.133,-0.106
18.931,-0.133,-0.107
18.948,-0.133,-0.109
18.964,-0.134,-0.110
18.981,-0.134,-0.110
18.998,-0.134,-0.111
19.014,-0.134,-0.111
19.031,-0.134,-0.111
19.048,-0.135,-0.110
19.065,-0.135,-0.109
19.081,-0.135,-0.109
19.098,-0.135,-0.108
19.115,-0.135,-0.107
19.131,-0.136,-0.108
19.148,-0.135,-0.107
19.165,-0.135,-0.108
19.181,-0.135,-0.107
19.198,-0.135,-0.107
19.215,-0.135,-0.107
19.231,-0.135,-0.107
19.248,-0.135,-0.108
19.265,-0.134,-0.107
19.281,-0.134,-0.107
19.298,-0.133,-0.106
19.315,-0.133,-0.106
19.331,-0.132,-0.105
19.348,-0.132,-0.105
19.365,-0.131,-0.105
19.381,-0.131,-0.105
19.398,-0.131,-0.105
19.415,-0.131,-0.105
19.431,-0.131,-0.105
19.448,-0.131,-0.106
19.465,-0.131,-0.106
19.481,-0.131,-0.107
19.498,-0.131,-0.108
19.515,-0.131,-0.108
19.532,-0.131,-0.108
19.548,-0.131,-0.109
19.565,-0.131,-0.109
19.582,-0.131,-0.110
19.598,-0.131,-0.110
19.615,-0.132,-0.110
19.632,-0.132,-0.110
19.648,-0.132,-0.110
19.665,-0.132,-0.110
19.682,-0.132,-0.110
19.698,-0.132,-0.110
19.715,-0.132,-0.110
19.732,-0.132,-0.110
19.748,-0.133,-0.110
19.765,-0.133,-0.110
19.782,-0.133,-0.110
19.798,-0.133,-0.110
19.815,-0.133,-0.109
19.832,-0.133,-0.109
19.848,-0.133,-0.108
19.865,-0.133,-0.108
19.882,-0.132,-0.106
19.898,-0.132,-0.106
19.915,-0.133,-0.106
19.932,-0.132,-0.105
19.949,-0.132,-0.104
19.965,-0.132,-0.103
19.982,-0.132,-0.103
19.999,-0.132,-0.102
20.015,-0.131,-0.100
20.032,-0.131,-9.946E-2
20.049,-0.131,-9.858E-2
20.065,-0.131,-9.787E-2
20.082,-0.130,-9.673E-2
20.099,-0.130,-9.600E-2
20.115,-0.130,-9.555E-2
20.132,-0.130,-9.463E-2
20.149,-0.129,-9.345E-2
20.165,-0.129,-9.283E-2
20.182,-0.129,-9.220E-2
20.199,-0.130,-9.195E-2
20.215,-0.129,-9.116E-2
20.232,-0.129,-9.025E-2
20.249,-0.129,-8.981E-2
20.265,-0.129,-8.942E-2
20.282,-0.129,-8.931E-2
20.299,-0.129,-8.935E-2
20.315,-0.129,-8.947E-2
20.332,-0.129,-8.953E-2
20.349,-0.130,-8.976E-2
20.365,-0.130,-9.016E-2
20.382,-0.130,-9.034E-2
20.399,-0.130,-9.091E-2
20.416,-0.130,-9.143E-2
20.432,-0.130,-9.203E-2
20.449,-0.130,-9.284E-2
20.466,-0.130,-9.354E-2
20.482,-0.130,-9.441E-2
20.499,-0.130,-9.529E-2
20.516,-0.130,-9.623E-2
20.532,-0.130,-9.726E-2
20.549,-0.130,-9.810E-2
20.566,-0.130,-9.873E-2
20.582,-0.130,-9.926E-2
20.599,-0.130,-9.956E-2
20.616,-0.130,-9.977E-2
20.632,-0.129,-9.970E-2
20.649,-0.129,-9.983E-2
20.666,-0.129,-9.963E-2
20.682,-0.130,-9.927E-2
20.699,-0.130,-9.885E-2
20.716,-0.130,-9.828E-2
20.732,-0.130,-9.753E-2
20.749,-0.130,-9.705E-2
20.766,-0.130,-9.628E-2
20.782,-0.130,-9.543E-2
20.799,-0.131,-9.474E-2
20.816,-0.131,-9.409E-2
20.833,-0.131,-9.391E-2
20.849,-0.131,-9.386E-2
20.866,-0.131,-9.355E-2
20.883,-0.131,-9.337E-2
20.899,-0.132,-9.346E-2
20.916,-0.132,-9.360E-2
20.933,-0.132,-9.337E-2
20.949,-0.132,-9.329E-2
20.966,-0.132,-9.341E-2
20.983,-0.133,-9.354E-2
20.999,-0.133,-9.371E-2
21.016,-0.133,-9.417E-2
21.033,-0.133,-9.420E-2
21.049,-0.134,-9.460E-2
21.066,-0.134,-9.458E-2
21.083,-0.134,-9.466E-2
21.099,-0.134,-9.478E-2
21.116,-0.134,-9.518E-2
21.133,-0.134,-9.561E-2
21.149,-0.134,-9.642E-2
21.166,-0.134,-9.701E-2
21.183,-0.134,-9.798E-2
21.199,-0.134,-9.830E-2
21.216,-0.133,-9.840E-2
21.233,-0.133,-9.855E-2
21.250,-0.133,-9.853E-2
21.266,-0.133,-9.852E-2
21.283,-0.134,-9.865E-2
21.300,-0.133,-9.771E-2
21.316,-0.133,-9.754E-2
21.333,-0.133,-9.650E-2
21.350,-0.133,-9.575E-2
21.366,-0.133,-9.494E-2
21.383,-0.133,-9.410E-2
21.400,-0.134,-9.513E-2
21.416,-0.133,-9.378E-2
21.433,-0.134,-9.422E-2
21.450,-0.134,-9.417E-2
21.466,-0.134,-9.434E-2
21.483,-0.134,-9.501E-2
21.500,-0.134,-9.550E-2
21.516,-0.134,-9.646E-2
21.533,-0.133,-9.638E-2
21.550,-0.134,-9.823E-2
21.566,-0.133,-9.843E-2
21.583,-0.133,-9.936E-2
21.600,-0.134,-0.101
21.616,-0.133,-0.102
21.633,-0.133,-0.103
21.650,-0.133,-0.105
21.666,-0.133,-0.106
21.683,-0.133,-0.108
21.700,-0.133,-0.109
21.717,-0.133,-0.110
21.733,-0.134,-0.110
21.750,-0.134,-0.111
21.767,-0.134,-0.111
21.783,-0.134,-0.111
21.800,-0.135,-0.111
21.817,-0.135,-0.111
21.833,-0.135,-0.111
21.850,-0.136,-0.111
21.867,-0.136,-0.110
21.883,-0.137,-0.111
21.900,-0.136,-0.110
21.917,-0.136,-0.109
21.933,-0.136,-0.109
21.950,-0.136,-0.108
21.967,-0.136,-0.108
21.983,-0.137,-0.108
22.000,-0.136,-0.108
22.017,-0.136,-0.108
22.033,-0.136,-0.107
22.050,-0.136,-0.107
22.067,-0.136,-0.107
22.083,-0.136,-0.107
22.100,-0.136,-0.107
22.117,-0.135,-0.106
22.134,-0.135,-0.106
22.150,-0.135,-0.105
22.167,-0.135,-0.105
22.184,-0.134,-0.105
22.200,-0.134,-0.104
22.217,-0.133,-0.104
22.234,-0.133,-0.104
22.250,-0.133,-0.104
22.267,-0.133,-0.104
22.284,-0.133,-0.104
22.300,-0.133,-0.105
22.317,-0.133,-0.104
22.334,-0.133,-0.104
22.350,-0.132,-0.104
22.367,-0.132,-0.104
22.384,-0.132,-0.104
22.400,-0.132,-0.104
22.417,-0.131,-0.104
22.434,-0.131,-0.103
22.450,-0.131,-0.103
22.467,-0.130,-0.102
22.484,-0.130,-0.101
22.500,-0.130,-0.100
22.517,-0.131,-0.102
22.534,-0.130,-9.990E-2
22.550,-0.130,-9.946E-2
22.567,-0.130,-9.946E-2
22.584,-0.131,-9.905E-2
22.601,-0.132,-0.101
22.617,-0.134,-0.100
22.634,-0.134,-0.101
22.651,-0.132,-9.991E-2
22.667,-0.132,-9.985E-2
22.684,-0.133,-0.101
22.701,-0.133,-0.101
22.717,-0.133,-0.102
22.734,-0.132,-0.101
22.751,-0.132,-0.101
22.767,-0.133,-0.102
22.784,-0.133,-0.102
22.801,-0.132,-0.102
22.817,-0.133,-0.102
22.834,-0.132,-0.102
22.851,-0.132,-0.102
22.867,-0.132,-0.102
22.884,-0.132,-0.102
22.901,-0.132,-0.102
22.917,-0.132,-0.102
22.934,-0.132,-0.101
22.951,-0.132,-0.101
22.967,-0.132,-0.100
22.984,-0.132,-9.928E-2
23.001,-0.132,-9.779E-2
23.018,-0.132,-9.748E-2
23.034,-0.131,-9.627E-2
23.051,-0.131,-9.578E-2
23.068,-0.131,-9.549E-2
23.084,-0.131,-9.529E-2
23.101,-0.131,-9.479E-2
23.118,-0.131,-9.425E-2
23.134,-0.131,-9.348E-2
23.151,-0.132,-9.245E-2
23.168,-0.132,-9.198E-2
23.184,-0.132,-9.142E-2
23.201,-0.133,-9.077E-2
23.218,-0.133,-9.056E-2
23.234,-0.133,-9.034E-2
23.251,-0.134,-9.051E-2
23.268,-0.134,-9.095E-2
23.284,-0.135,-9.142E-2
23.301,-0.135,-9.191E-2
23.318,-0.135,-9.280E-2
23.334,-0.135,-9.372E-2
23.351,-0.136,-9.502E-2
23.368,-0.136,-9.691E-2
23.384,-0.136,-9.868E-2
23.401,-0.136,-0.101
23.418,-0.136,-0.102
23.434,-0.136,-0.104
23.451,-0.136,-0.105
23.468,-0.136,-0.106
23.485,-0.136,-0.108
23.501,-0.137,-0.109
23.518,-0.137,-0.110
23.535,-0.137,-0.111
23.551,-0.137,-0.112
23.568,-0.137,-0.113
23.585,-0.137,-0.114
23.601,-0.137,-0.114
23.618,-0.136,-0.114
23.635,-0.136,-0.114
23.651,-0.136,-0.114
23.668,-0.136,-0.114
23.685,-0.136,-0.113
23.701,-0.135,-0.112
23.718,-0.135,-0.111
23.735,-0.134,-0.109
23.751,-0.134,-0.108
23.768,-0.134,-0.107
23.785,-0.133,-0.107
23.801,-0.133,-0.106
23.818,-0.133,-0.105
23.835,-0.133,-0.104
23.851,-0.133,-0.103
23.868,-0.133,-0.103
23.885,-0.132,-0.102
23.902,-0.132,-0.102
23.918,-0.132,-0.101
23.935,-0.132,-0.102
23.952,-0.132,-0.102
23.968,-0.132,-0.102
23.985,-0.132,-0.102
24.002,-0.132,-0.103
24.018,-0.132,-0.103
24.035,-0.132,-0.103
24.052,-0.132,-0.103
24.068,-0.132,-0.103
24.085,-0.131,-0.103
24.102,-0.131,-0.103
24.118,-0.131,-0.103
24.135,-0.131,-0.103
24.152,-0.130,-0.103
24.168,-0.130,-0.103
24.185,-0.130,-0.102
24.202,-0.130,-0.102
24.218,-0.129,-0.101
24.235,-0.129,-0.100
24.252,-0.129,-9.990E-2
24.268,-0.130,-0.100
24.285,-0.129,-9.865E-2
24.302,-0.129,-9.852E-2
24.319,-0.128,-9.815E-2
24.335,-0.128,-9.814E-2
24.352,-0.129,-9.888E-2
24.369,-0.128,-9.756E-2
24.385,-0.128,-9.768E-2
24.402,-0.128,-9.721E-2
24.419,-0.128,-9.884E-2
24.435,-0.128,-9.893E-2
24.452,-0.128,-9.760E-2
24.469,-0.127,-9.768E-2
24.485,-0.127,-9.769E-2
24.502,-0.127,-9.765E-2
24.519,-0.128,-9.903E-2
24.535,-0.127,-9.747E-2
24.552,-0.127,-9.714E-2
24.569,-0.127,-9.769E-2
24.585,-0.127,-9.718E-2
24.602,-0.127,-9.791E-2
24.619,-0.127,-9.665E-2
24.635,-0.127,-9.647E-2
24.652,-0.128,-9.785E-2
24.669,-0.127,-9.576E-2
24.685,-0.127,-9.552E-2
24.702,-0.127,-9.538E-2
24.719,-0.127,-9.418E-2
24.735,-0.127,-9.329E-2
24.752,-0.127,-9.216E-2
24.769,-0.127,-9.135E-2
24.786,-0.127,-9.019E-2
24.802,-0.127,-8.898E-2
24.819,-0.127,-8.818E-2
24.836,-0.127,-8.759E-2
24.852,-0.127,-8.687E-2
24.869,-0.126,-8.553E-2
24.886,-0.127,-8.701E-2
24.902,-0.127,-8.666E-2
24.919,-0.127,-8.626E-2
24.936,-0.127,-8.624E-2
24.952,-0.127,-8.622E-2
24.969,-0.127,-8.626E-2
24.986,-0.127,-8.619E-2
25.002,-0.127,-8.612E-2
25.019,-0.128,-8.615E-2
25.036,-0.127,-8.664E-2
25.052,-0.127,-8.663E-2
25.069,-0.127,-8.671E-2
25.086,-0.128,-8.725E-2
25.102,-0.128,-8.756E-2
25.119,-0.128,-8.762E-2
25.136,-0.128,-8.764E-2
25.152,-0.128,-8.828E-2
25.169,-0.129,-8.883E-2
25.186,-0.128,-8.870E-2
25.203,-0.129,-8.918E-2
25.219,-0.129,-9.016E-2
25.236,-0.129,-9.034E-2
25.253,-0.130,-9.132E-2
25.269,-0.130,-9.198E-2
25.286,-0.130,-9.289E-2
25.303,-0.130,-9.343E-2
25.319,-0.131,-9.428E-2
25.336,-0.131,-9.481E-2
25.353,-0.131,-9.523E-2
25.369,-0.131,-9.572E-2
25.386,-0.131,-9.624E-2
25.403,-0.131,-9.664E-2
25.419,-0.132,-9.733E-2
25.436,-0.131,-9.749E-2
25.453,-0.132,-9.799E-2
25.469,-0.132,-9.821E-2
25.486,-0.132,-9.831E-2
25.503,-0.132,-9.898E-2
25.519,-0.132,-9.923E-2
25.536,-0.133,-9.962E-2
25.553,-0.133,-0.100
25.569,-0.133,-0.100
25.586,-0.133,-0.100
25.603,-0.134,-0.101
25.619,-0.133,-0.101
25.636,-0.134,-0.101
25.653,-0.134,-0.101
25.670,-0.134,-0.100
25.686,-0.134,-0.100
25.703,-0.134,-0.100
25.720,-0.134,-9.948E-2
25.736,-0.134,-9.905E-2
25.753,-0.134,-9.904E-2
25.770,-0.134,-9.830E-2
25.786,-0.133,-9.773E-2
25.803,-0.133,-9.784E-2
25.820,-0.133,-9.743E-2
25.836,-0.133,-9.693E-2
25.853,-0.132,-9.619E-2
25.870,-0.132,-9.608E-2
25.886,-0.131,-9.586E-2
25.903,-0.131,-9.562E-2
25.920,-0.131,-9.559E-2
25.936,-0.131,-9.557E-2
25.953,-0.131,-9.526E-2
25.970,-0.131,-9.515E-2
25.986,-0.131,-9.484E-2
26.003,-0.131,-9.438E-2
26.020,-0.131,-9.401E-2
26.036,-0.131,-9.368E-2
26.053,-0.131,-9.325E-2
26.070,-0.131,-9.311E-2
26.087,-0.131,-9.295E-2
26.103,-0.131,-9.286E-2
26.120,-0.131,-9.277E-2
26.137,-0.131,-9.234E-2
26.153,-0.131,-9.253E-2
26.170,-0.131,-9.277E-2
26.187,-0.131,-9.270E-2
26.203,-0.131,-9.282E-2
26.220,-0.131,-9.278E-2
26.237,-0.131,-9.273E-2
26.253,-0.131,-9.286E-2
26.270,-0.131,-9.296E-2
26.287,-0.131,-9.326E-2
26.303,-0.131,-9.376E-2
26.320,-0.131,-9.432E-2
26.337,-0.131,-9.513E-2
26.353,-0.131,-9.597E-2
26.370,-0.130,-9.645E-2
26.387,-0.130,-9.701E-2
26.403,-0.130,-9.747E-2
26.420,-0.130,-9.782E-2
26.437,-0.130,-9.831E-2
26.453,-0.130,-9.863E-2
26.470,-0.130,-9.902E-2
26.487,-0.131,-9.939E-2
26.504,-0.131,-0.100
26.520,-0.131,-0.100
26.537,-0.131,-0.101
26.554,-0.131,-0.101
26.570,-0.132,-0.102
26.587,-0.131,-0.102
26.604,-0.132,-0.103
26.620,-0.132,-0.103
26.637,-0.132,-0.103
26.654,-0.133,-0.103
26.670,-0.133,-0.103
26.687,-0.133,-0.103
26.704,-0.134,-0.103
26.720,-0.134,-0.103
26.737,-0.134,-0.103
26.754,-0.134,-0.102
26.770,-0.134,-0.102
26.787,-0.134,-0.102
26.804,-0.134,-0.102
26.820,-0.135,-0.102
26.837,-0.135,-0.102
26.854,-0.135,-0.102
26.870,-0.134,-0.102
26.887,-0.135,-0.102
26.904,-0.134,-0.102
26.920,-0.135,-0.101
26.937,-0.134,-0.101
26.954,-0.135,-0.101
26.971,-0.134,-0.100
26.987,-0.135,-9.994E-2
27.004,-0.135,-9.950E-2
27.021,-0.135,-9.851E-2
27.037,-0.135,-9.828E-2
27.054,-0.135,-9.803E-2
27.071,-0.135,-9.783E-2
27.087,-0.135,-9.792E-2
27.104,-0.134,-9.787E-2
27.121,-0.135,-9.845E-2
27.137,-0.135,-9.878E-2
27.154,-0.134,-9.927E-2
27.171,-0.135,-0.100
27.187,-0.135,-0.100
27.204,-0.134,-0.101
27.221,-0.135,-0.102
27.237,-0.134,-0.102
27.254,-0.134,-0.103
27.271,-0.134,-0.104
27.287,-0.134,-0.104
27.304,-0.134,-0.104
27.321,-0.134,-0.105
27.337,-0.134,-0.105
27.354,-0.134,-0.105
27.371,-0.133,-0.105
27.388,-0.134,-0.106
27.404,-0.134,-0.106
27.421,-0.134,-0.107
27.438,-0.133,-0.108
27.454,-0.133,-0.109
27.471,-0.133,-0.110
27.488,-0.132,-0.111
27.504,-0.132,-0.113
27.521,-0.132,-0.114
27.538,-0.132,-0.115
27.554,-0.132,-0.116
27.571,-0.131,-0.116
27.588,-0.131,-0.116
27.604,-0.131,-0.116
27.621,-0.130,-0.116
27.638,-0.131,-0.116
27.654,-0.130,-0.115
27.671,-0.130,-0.114
27.688,-0.131,-0.114
27.704,-0.130,-0.113
27.721,-0.130,-0.112
27.738,-0.130,-0.112
27.754,-0.130,-0.112
27.771,-0.130,-0.111
27.788,-0.130,-0.111
27.804,-0.131,-0.111
27.821,-0.130,-0.111
27.838,-0.130,-0.111
27.855,-0.130,-0.110
27.871,-0.131,-0.111
27.888,-0.131,-0.111
27.905,-0.131,-0.110
27.921,-0.131,-0.109
27.938,-0.131,-0.109
27.955,-0.131,-0.108
27.971,-0.131,-0.108
27.988,-0.131,-0.107
28.005,-0.131,-0.108
28.021,-0.131,-0.107
28.038,-0.132,-0.108
28.055,-0.132,-0.106
28.071,-0.132,-0.107
28.088,-0.132,-0.108
28.105,-0.133,-0.108
28.121,-0.132,-0.107
28.138,-0.132,-0.108
28.155,-0.133,-0.109
28.171,-0.133,-0.110
28.188,-0.133,-0.109
28.205,-0.134,-0.110
28.221,-0.134,-0.110
28.238,-0.134,-0.110
28.255,-0.134,-0.111
28.272,-0.134,-0.111
28.288,-0.134,-0.111
28.305,-0.134,-0.112
28.322,-0.134,-0.112
28.338,-0.135,-0.113
28.355,-0.134,-0.113
28.372,-0.135,-0.114
28.388,-0.134,-0.113
28.405,-0.134,-0.114
28.422,-0.134,-0.114
28.438,-0.133,-0.113
28.455,-0.133,-0.113
28.472,-0.133,-0.113
28.488,-0.133,-0.113
28.505,-0.133,-0.113
28.522,-0.133,-0.113
28.538,-0.133,-0.113
28.555,-0.133,-0.113
28.572,-0.133,-0.112
28.588,-0.133,-0.112
28.605,-0.133,-0.112
28.622,-0.133,-0.111
28.638,-0.133,-0.111
28.655,-0.133,-0.110
28.672,-0.133,-0.110
28.688,-0.133,-0.110
28.705,-0.133,-0.109
28.722,-0.134,-0.109
28.739,-0.134,-0.109
28.755,-0.133,-0.109
28.772,-0.134,-0.109
28.789,-0.134,-0.109
28.805,-0.133,-0.109
28.822,-0.134,-0.109
28.839,-0.133,-0.109
28.855,-0.133,-0.109
28.872,-0.133,-0.109
28.889,-0.133,-0.109
28.905,-0.133,-0.109
28.922,-0.133,-0.109
28.939,-0.133,-0.109
28.955,-0.133,-0.109
28.972,-0.132,-0.109
28.989,-0.132,-0.109
29.005,-0.132,-0.108
29.022,-0.132,-0.108
29.039,-0.131,-0.107
29.055,-0.131,-0.107
29.072,-0.131,-0.107
29.089,-0.130,-0.106
29.105,-0.131,-0.106
29.122,-0.130,-0.105
29.139,-0.131,-0.105
29.156,-0.130,-0.104
29.172,-0.130,-0.103
29.189,-0.131,-0.103
29.206,-0.131,-0.102
29.222,-0.131,-0.102
29.239,-0.131,-0.102
29.256,-0.131,-0.102
29.272,-0.131,-0.102
29.289,-0.131,-0.102
29.306,-0.132,-0.103
29.322,-0.132,-0.103
29.339,-0.132,-0.103
29.356,-0.131,-0.103
29.372,-0.132,-0.103
29.389,-0.132,-0.104
29.406,-0.132,-0.104
29.422,-0.132,-0.104
29.439,-0.132,-0.104
29.456,-0.132,-0.103
29.472,-0.132,-0.103
29.489,-0.132,-0.103
29.506,-0.131,-0.103
29.522,-0.132,-0.102
29.539,-0.131,-0.101
29.556,-0.131,-0.100
29.573,-0.130,-9.928E-2
29.589,-0.130,-9.803E-2
29.606,-0.129,-9.656E-2
29.623,-0.129,-9.503E-2
29.639,-0.129,-9.401E-2
29.656,-0.129,-9.292E-2
29.673,-0.128,-9.124E-2
29.689,-0.128,-9.042E-2
29.706,-0.128,-8.955E-2
29.723,-0.128,-8.930E-2
29.739,-0.128,-8.854E-2
29.756,-0.128,-8.828E-2
29.773,-0.128,-8.795E-2
29.789,-0.128,-8.777E-2
29.806,-0.129,-8.785E-2
29.823,-0.129,-8.769E-2
29.839,-0.130,-8.788E-2
29.856,-0.130,-8.790E-2
29.873,-0.131,-8.776E-2
29.889,-0.131,-8.825E-2
29.906,-0.132,-8.861E-2
29.923,-0.132,-8.920E-2
29.939,-0.133,-9.002E-2
29.956,-0.133,-9.073E-2
29.973,-0.134,-9.127E-2
29.989,-0.134,-9.184E-2
30.006,-0.135,-9.239E-2
30.023,-0.135,-9.318E-2
30.040,-0.135,-9.359E-2
30.056,-0.136,-9.414E-2
30.073,-0.136,-9.467E-2
30.090,-0.136,-9.519E-2
30.106,-0.136,-9.567E-2
30.123,-0.136,-9.632E-2
30.140,-0.136,-9.686E-2
30.156,-0.137,-9.733E-2
30.173,-0.137,-9.750E-2
30.190,-0.137,-9.777E-2
30.206,-0.137,-9.781E-2
30.223,-0.137,-9.792E-2
30.240,-0.137,-9.781E-2
30.256,-0.137,-9.727E-2
30.273,-0.137,-9.696E-2
30.290,-0.137,-9.614E-2
30.306,-0.136,-9.567E-2
30.323,-0.136,-9.522E-2
30.340,-0.137,-9.541E-2
30.356,-0.137,-9.506E-2
30.373,-0.137,-9.505E-2
30.390,-0.136,-9.512E-2
30.406,-0.137,-9.560E-2
30.423,-0.136,-9.582E-2
30.440,-0.137,-9.647E-2
30.457,-0.137,-9.697E-2
30.473,-0.137,-9.781E-2
30.490,-0.137,-9.871E-2
30.507,-0.137,-9.923E-2
30.523,-0.137,-0.100
30.540,-0.136,-0.101
30.557,-0.136,-0.102
30.573,-0.136,-0.103
30.590,-0.136,-0.103
30.607,-0.136,-0.104
30.623,-0.135,-0.103
30.640,-0.135,-0.103
30.657,-0.135,-0.103
30.673,-0.135,-0.104
30.690,-0.135,-0.104
30.707,-0.135,-0.105
30.723,-0.135,-0.105
30.740,-0.135,-0.105
30.757,-0.134,-0.105
30.773,-0.134,-0.105
30.790,-0.136,-0.105
30.807,-0.136,-0.105
30.823,-0.135,-0.104
30.840,-0.136,-0.104
30.857,-0.135,-0.104
30.873,-0.134,-0.104
30.890,-0.134,-0.103
30.907,-0.134,-0.103
30.924,-0.133,-0.104
30.940,-0.133,-0.104
30.957,-0.132,-0.104
30.974,-0.132,-0.105
30.990,-0.131,-0.105
31.007,-0.131,-0.106
31.024,-0.129,-0.105
31.040,-0.129,-0.105
31.057,-0.129,-0.105
31.074,-0.129,-0.105
31.090,-0.128,-0.105
31.107,-0.129,-0.106
31.124,-0.129,-0.106
31.140,-0.129,-0.106
31.157,-0.129,-0.106
31.174,-0.129,-0.105
31.190,-0.129,-0.105
31.207,-0.129,-0.105
31.224,-0.129,-0.105
31.240,-0.129,-0.104
31.257,-0.129,-0.104
31.274,-0.129,-0.104
31.290,-0.129,-0.103
31.307,-0.129,-0.103
31.324,-0.129,-0.103
31.341,-0.129,-0.103
31.357,-0.130,-0.103
31.374,-0.130,-0.103
31.391,-0.131,-0.103
31.407,-0.131,-0.103
31.424,-0.131,-0.103
31.441,-0.131,-0.102
31.457,-0.131,-0.102
31.474,-0.131,-0.102
31.491,-0.132,-0.103
31.507,-0.132,-0.103
31.524,-0.132,-0.104
31.541,-0.132,-0.104
31.557,-0.132,-0.103
31.574,-0.133,-0.103
31.591,-0.134,-0.103
31.607,-0.134,-0.102
31.624,-0.135,-0.102
31.641,-0.135,-0.101
31.657,-0.135,-0.101
31.674,-0.135,-0.100
31.691,-0.136,-9.980E-2
31.707,-0.136,-9.947E-2
31.724,-0.136,-9.920E-2
31.741,-0.136,-9.878E-2
31.757,-0.136,-9.861E-2
31.774,-0.136,-9.828E-2
31.791,-0.136,-9.790E-2
31.808,-0.135,-9.763E-2
31.824,-0.135,-9.702E-2
31.841,-0.135,-9.644E-2
31.858,-0.135,-9.582E-2
31.874,-0.134,-9.546E-2
31.891,-0.134,-9.484E-2
31.908,-0.134,-9.462E-2
31.924,-0.133,-9.437E-2
31.941,-0.133,-9.439E-2
31.958,-0.133,-9.444E-2
31.974,-0.133,-9.468E-2
31.991,-0.132,-9.492E-2
32.008,-0.132,-9.509E-2
32.024,-0.132,-9.528E-2
32.041,-0.132,-9.527E-2
32.058,-0.131,-9.531E-2
32.074,-0.131,-9.525E-2
32.091,-0.131,-9.526E-2
32.108,-0.131,-9.508E-2
32.124,-0.130,-9.493E-2
32.141,-0.130,-9.495E-2
32.158,-0.130,-9.492E-2
32.174,-0.130,-9.498E-2
32.191,-0.130,-9.554E-2
32.208,-0.130,-9.603E-2
32.225,-0.129,-9.665E-2
32.241,-0.129,-9.706E-2
32.258,-0.129,-9.772E-2
32.275,-0.129,-9.761E-2
32.291,-0.128,-9.764E-2
32.308,-0.129,-9.817E-2
32.325,-0.129,-9.812E-2
32.341,-0.129,-9.848E-2
32.358,-0.129,-9.858E-2
32.375,-0.129,-9.860E-2
32.391,-0.128,-9.846E-2
32.408,-0.129,-9.918E-2
32.425,-0.128,-9.878E-2
32.441,-0.129,-9.936E-2
32.458,-0.129,-9.940E-2
32.475,-0.129,-9.940E-2
32.491,-0.129,-0.100
32.508,-0.129,-0.101
32.525,-0.129,-0.101
32.541,-0.130,-0.102
32.558,-0.130,-0.102
32.575,-0.130,-0.102
32.591,-0.131,-0.102
32.608,-0.131,-0.102
32.625,-0.132,-0.103
32.642,-0.132,-0.103
32.658,-0.132,-0.103
32.675,-0.132,-0.103
32.692,-0.133,-0.103
32.708,-0.134,-0.104
32.725,-0.134,-0.104
32.742,-0.135,-0.104
32.758,-0.135,-0.104
32.775,-0.135,-0.104
32.792,-0.135,-0.104
32.808,-0.136,-0.105
32.825,-0.136,-0.105
32.842,-0.136,-0.105
32.858,-0.136,-0.106
32.875,-0.136,-0.106
32.892,-0.136,-0.106
32.908,-0.136,-0.106
32.925,-0.135,-0.106
32.942,-0.135,-0.106
32.958,-0.135,-0.105
32.975,-0.134,-0.105
32.992,-0.134,-0.105
33.008,-0.134,-0.104
33.025,-0.134,-0.104
33.042,-0.133,-0.103
33.058,-0.133,-0.102
33.075,-0.132,-0.102
33.092,-0.132,-0.102
33.109,-0.131,-0.102
33.125,-0.130,-0.101
33.142,-0.130,-0.102
33.159,-0.129,-0.102
33.175,-0.129,-0.102
33.192,-0.129,-0.102
33.209,-0.128,-0.102
33.225,-0.128,-0.102
33.242,-0.128,-0.103
33.259,-0.128,-0.103
33.275,-0.128,-0.103
33.292,-0.128,-0.103
33.309,-0.127,-0.103
33.325,-0.127,-0.103
33.342,-0.128,-0.103
33.359,-0.128,-0.104
33.375,-0.127,-0.104
33.392,-0.127,-0.103
33.409,-0.127,-0.103
33.425,-0.126,-0.102
33.442,-0.126,-0.102
33.459,-0.126,-0.101
33.475,-0.126,-0.101
33.492,-0.126,-0.101
33.509,-0.126,-0.100
33.526,-0.126,-0.101
33.542,-0.125,-9.866E-2
33.559,-0.125,-9.834E-2
33.576,-0.125,-9.770E-2
33.592,-0.125,-9.659E-2
33.609,-0.125,-9.573E-2
33.626,-0.125,-9.498E-2
33.642,-0.125,-9.520E-2
33.659,-0.125,-9.464E-2
33.676,-0.125,-9.342E-2
33.692,-0.125,-9.261E-2
33.709,-0.125,-9.222E-2
33.726,-0.125,-9.150E-2
33.742,-0.124,-8.948E-2
33.759,-0.124,-8.880E-2
33.776,-0.125,-8.986E-2
33.792,-0.125,-8.975E-2
33.809,-0.125,-8.935E-2
33.826,-0.124,-8.776E-2
33.842,-0.125,-8.764E-2
33.859,-0.125,-8.775E-2
33.876,-0.126,-8.837E-2
33.892,-0.126,-8.767E-2
33.909,-0.126,-8.774E-2
33.926,-0.126,-8.774E-2
33.942,-0.127,-8.790E-2
33.959,-0.127,-8.688E-2
33.976,-0.128,-8.684E-2
33.993,-0.128,-8.664E-2
34.009,-0.128,-8.615E-2
34.026,-0.128,-8.567E-2
34.043,-0.129,-8.549E-2
34.059,-0.129,-8.498E-2
34.076,-0.129,-8.481E-2
34.093,-0.129,-8.475E-2
34.109,-0.129,-8.431E-2
34.126,-0.129,-8.397E-2
34.143,-0.129,-8.328E-2
34.159,-0.129,-8.313E-2
34.176,-0.129,-8.236E-2
34.193,-0.129,-8.223E-2
34.209,-0.129,-8.197E-2
34.226,-0.129,-8.220E-2
34.243,-0.129,-8.213E-2
34.259,-0.129,-8.269E-2
34.276,-0.129,-8.264E-2
34.293,-0.129,-8.315E-2
34.309,-0.130,-8.471E-2
34.326,-0.130,-8.510E-2
34.343,-0.131,-8.626E-2
34.359,-0.130,-8.627E-2
34.376,-0.131,-8.734E-2
34.393,-0.132,-8.889E-2
34.410,-0.132,-8.961E-2
34.426,-0.132,-9.041E-2
34.443,-0.132,-9.108E-2
34.460,-0.133,-9.120E-2
34.476,-0.132,-9.284E-2
34.493,-0.132,-9.340E-2
34.510,-0.133,-9.464E-2
34.526,-0.133,-9.511E-2
34.543,-0.133,-9.552E-2
34.560,-0.133,-9.583E-2
34.576,-0.133,-9.592E-2
34.593,-0.134,-9.648E-2
34.610,-0.134,-9.638E-2
34.626,-0.134,-9.639E-2
34.643,-0.135,-9.613E-2
34.660,-0.135,-9.570E-2
34.676,-0.135,-9.558E-2
34.693,-0.135,-9.475E-2
34.710,-0.136,-9.500E-2
34.726,-0.136,-9.498E-2
34.743,-0.136,-9.444E-2
34.760,-0.136,-9.428E-2
34.776,-0.137,-9.549E-2
34.793,-0.137,-9.575E-2
34.810,-0.138,-9.725E-2
34.827,-0.138,-9.756E-2
34.843,-0.139,-9.933E-2
34.860,-0.139,-0.101
34.877,-0.140,-0.102
34.893,-0.140,-0.102
34.910,-0.140,-0.104
34.927,-0.140,-0.104
34.943,-0.141,-0.105
34.960,-0.142,-0.105
34.977,-0.142,-0.106
34.993,-0.141,-0.106
35.010,-0.142,-0.107
35.027,-0.142,-0.108
35.043,-0.142,-0.109
35.060,-0.142,-0.110
35.077,-0.141,-0.110
35.093,-0.142,-0.111
35.110,-0.141,-0.111
35.127,-0.142,-0.112
35.143,-0.141,-0.112
35.160,-0.141,-0.112
35.177,-0.142,-0.113
35.193,-0.141,-0.113
35.210,-0.141,-0.113
35.227,-0.141,-0.113
35.243,-0.141,-0.114
35.260,-0.141,-0.114
35.277,-0.140,-0.114
35.294,-0.140,-0.115
35.310,-0.140,-0.116
35.327,-0.139,-0.117
35.344,-0.139,-0.117
35.360,-0.139,-0.117
35.377,-0.138,-0.117
35.394,-0.138,-0.116
35.410,-0.138,-0.116
35.427,-0.138,-0.116
35.444,-0.138,-0.116
35.460,-0.138,-0.116
35.477,-0.137,-0.115
35.494,-0.137,-0.115
35.510,-0.136,-0.115
35.527,-0.137,-0.115
35.544,-0.136,-0.115
35.560,-0.136,-0.115
35.577,-0.136,-0.116
35.594,-0.136,-0.116
35.610,-0.136,-0.116
35.627,-0.136,-0.117
35.644,-0.135,-0.117
35.660,-0.135,-0.117
35.677,-0.135,-0.118
35.694,-0.135,-0.118
35.711,-0.134,-0.118
35.727,-0.135,-0.118
35.744,-0.134,-0.117
35.761,-0.134,-0.117
35.777,-0.134,-0.117
35.794,-0.134,-0.116
35.811,-0.134,-0.116
35.827,-0.135,-0.117
35.844,-0.134,-0.115
35.861,-0.134,-0.115
35.877,-0.134,-0.114
35.894,-0.134,-0.114
35.911,-0.134,-0.114
35.927,-0.134,-0.113
35.944,-0.134,-0.113
35.961,-0.134,-0.113
35.977,-0.134,-0.112
35.994,-0.133,-0.111
36.011,-0.133,-0.111
36.027,-0.133,-0.110
36.044,-0.133,-0.110
36.061,-0.133,-0.110
36.077,-0.132,-0.109
36.094,-0.132,-0.109
36.111,-0.132,-0.108
36.127,-0.132,-0.108
36.144,-0.132,-0.108
36.161,-0.131,-0.108
36.178,-0.130,-0.107
36.194,-0.130,-0.107
36.211,-0.129,-0.106
36.228,-0.129,-0.105
36.244,-0.128,-0.104
36.261,-0.128,-0.103
36.278,-0.127,-0.102
36.294,-0.127,-0.101
36.311,-0.126,-0.100
36.328,-0.126,-9.957E-2
36.344,-0.125,-9.869E-2
36.361,-0.125,-9.838E-2
36.378,-0.125,-9.759E-2
36.394,-0.125,-9.830E-2
36.411,-0.125,-9.833E-2
36.428,-0.125,-9.861E-2
36.444,-0.125,-9.856E-2
36.461,-0.125,-9.862E-2
36.478,-0.125,-9.942E-2
36.494,-0.126,-0.100
36.511,-0.126,-0.101
36.528,-0.126,-0.101
36.544,-0.127,-0.102
36.561,-0.127,-0.102
36.578,-0.128,-0.102
36.595,-0.128,-0.102
36.611,-0.128,-0.102
36.628,-0.129,-0.102
36.645,-0.130,-0.102
36.661,-0.130,-0.102
36.678,-0.130,-0.102
36.695,-0.131,-0.102
36.711,-0.131,-0.102
36.728,-0.132,-0.102
36.745,-0.131,-0.101
36.761,-0.131,-0.100
36.778,-0.132,-0.100
36.795,-0.131,-9.937E-2
36.811,-0.131,-9.844E-2
36.828,-0.130,-9.760E-2
36.845,-0.130,-9.680E-2
36.861,-0.130,-9.622E-2
36.878,-0.130,-9.519E-2
36.895,-0.130,-9.408E-2
36.911,-0.130,-9.307E-2
36.928,-0.130,-9.249E-2
36.945,-0.130,-9.114E-2
36.961,-0.130,-9.058E-2
36.978,-0.129,-8.933E-2
36.995,-0.129,-8.907E-2
37.011,-0.129,-8.864E-2
37.028,-0.129,-8.863E-2
37.045,-0.129,-8.913E-2
37.062,-0.128,-8.917E-2
37.078,-0.129,-8.974E-2
37.095,-0.129,-8.961E-2
37.112,-0.129,-8.984E-2
37.128,-0.129,-8.975E-2
37.145,-0.130,-9.014E-2
37.162,-0.130,-9.022E-2
37.178,-0.130,-9.036E-2
37.195,-0.131,-9.103E-2
37.212,-0.131,-9.143E-2
37.228,-0.131,-9.201E-2
37.245,-0.131,-9.281E-2
37.262,-0.131,-9.330E-2
37.278,-0.131,-9.419E-2
37.295,-0.131,-9.515E-2
37.312,-0.131,-9.646E-2
37.328,-0.131,-9.746E-2
37.345,-0.130,-9.854E-2
37.362,-0.131,-9.966E-2
37.378,-0.130,-0.100
37.395,-0.130,-0.101
37.412,-0.130,-0.101
37.428,-0.130,-0.101
37.445,-0.131,-0.102
37.462,-0.130,-0.101
37.479,-0.130,-0.101
37.495,-0.130,-0.101
37.512,-0.131,-0.101
37.529,-0.131,-0.100
37.545,-0.131,-9.937E-2
37.562,-0.133,-9.960E-2
37.579,-0.131,-9.766E-2
37.595,-0.131,-9.720E-2
37.612,-0.131,-9.676E-2
37.629,-0.131,-9.594E-2
37.645,-0.131,-9.535E-2
37.662,-0.131,-9.580E-2
37.679,-0.131,-9.566E-2
37.695,-0.132,-9.578E-2
37.712,-0.132,-9.565E-2
37.729,-0.132,-9.580E-2
37.745,-0.133,-9.585E-2
37.762,-0.133,-9.587E-2
37.779,-0.134,-9.637E-2
37.795,-0.134,-9.583E-2
37.812,-0.134,-9.650E-2
37.829,-0.135,-9.735E-2
37.845,-0.135,-9.758E-2
37.862,-0.135,-9.799E-2
37.879,-0.136,-9.926E-2
37.896,-0.136,-9.928E-2
37.912,-0.136,-0.100
37.929,-0.135,-0.100
37.946,-0.136,-0.101
37.962,-0.136,-0.101
37.979,-0.136,-0.102
37.996,-0.135,-0.102
38.012,-0.135,-0.102
38.029,-0.135,-0.102
38.046,-0.135,-0.102
38.062,-0.135,-0.101
38.079,-0.135,-0.102
38.096,-0.135,-0.101
38.112,-0.134,-9.928E-2
38.129,-0.135,-9.916E-2
38.146,-0.135,-9.926E-2
38.162,-0.134,-9.750E-2
38.179,-0.134,-9.708E-2
38.196,-0.134,-9.689E-2
38.212,-0.134,-9.640E-2
38.229,-0.134,-9.728E-2
38.246,-0.133,-9.587E-2
38.262,-0.133,-9.556E-2
38.279,-0.133,-9.564E-2
38.296,-0.132,-9.557E-2
38.312,-0.132,-9.540E-2
38.329,-0.132,-9.546E-2
38.346,-0.132,-9.487E-2
38.363,-0.132,-9.479E-2
38.379,-0.132,-9.517E-2
38.396,-0.132,-9.508E-2
38.413,-0.133,-9.585E-2
38.429,-0.133,-9.569E-2
38.446,-0.132,-9.615E-2
38.463,-0.132,-9.684E-2
38.479,-0.132,-9.740E-2
38.496,-0.132,-9.779E-2
38.513,-0.131,-9.796E-2
38.529,-0.131,-9.842E-2
38.546,-0.130,-9.846E-2
38.563,-0.130,-9.859E-2
38.579,-0.130,-9.884E-2
38.596,-0.130,-9.937E-2
38.613,-0.131,-9.942E-2
38.629,-0.131,-9.931E-2
38.646,-0.130,-9.845E-2
38.663,-0.130,-9.848E-2
38.679,-0.130,-9.873E-2
38.696,-0.129,-9.776E-2
38.713,-0.130,-9.870E-2
38.729,-0.129,-9.753E-2
38.746,-0.129,-9.878E-2
38.763,-0.129,-9.885E-2
38.780,-0.129,-9.923E-2
38.796,-0.129,-9.866E-2
38.813,-0.129,-9.970E-2
38.830,-0.128,-9.851E-2
38.846,-0.128,-9.866E-2
38.863,-0.129,-0.101
38.880,-0.129,-0.102
38.896,-0.129,-0.102
38.913,-0.129,-0.101
38.930,-0.130,-0.103
38.946,-0.130,-0.103
38.963,-0.130,-0.104
38.980,-0.129,-0.103
38.996,-0.130,-0.104
39.013,-0.130,-0.103
39.030,-0.130,-0.102
39.046,-0.130,-0.102
39.063,-0.130,-0.102
39.080,-0.130,-0.101
39.096,-0.131,-0.101
39.113,-0.131,-0.100
39.130,-0.132,-0.101
39.146,-0.131,-9.944E-2
39.163,-0.131,-9.865E-2
39.180,-0.132,-9.839E-2
39.196,-0.131,-9.716E-2
39.213,-0.131,-9.655E-2
39.230,-0.131,-9.541E-2
39.247,-0.131,-9.488E-2
39.263,-0.131,-9.438E-2
39.280,-0.131,-9.418E-2
39.297,-0.130,-9.389E-2
39.313,-0.131,-9.415E-2
39.330,-0.131,-9.377E-2
39.347,-0.131,-9.378E-2
39.363,-0.131,-9.382E-2
39.380,-0.132,-9.391E-2
39.397,-0.132,-9.412E-2
39.413,-0.132,-9.425E-2
39.430,-0.133,-9.458E-2
39.447,-0.133,-9.489E-2
39.463,-0.134,-9.518E-2
39.480,-0.134,-9.559E-2
39.497,-0.134,-9.637E-2
39.513,-0.135,-9.709E-2
39.530,-0.135,-9.786E-2
39.547,-0.136,-9.861E-2
39.563,-0.136,-9.947E-2
39.580,-0.136,-0.100
39.597,-0.137,-0.101
39.613,-0.137,-0.101
39.630,-0.137,-0.102
39.647,-0.137,-0.102
39.664,-0.137,-0.103
39.680,-0.137,-0.103
39.697,-0.137,-0.104
39.714,-0.137,-0.105
39.730,-0.137,-0.106
39.747,-0.137,-0.106
39.764,-0.137,-0.107
39.780,-0.137,-0.107
39.797,-0.137,-0.108
39.814,-0.137,-0.108
39.830,-0.137,-0.108
39.847,-0.137,-0.108
39.864,-0.137,-0.108
39.880,-0.137,-0.107
39.897,-0.137,-0.107
39.914,-0.137,-0.107
39.930,-0.137,-0.107
39.947,-0.137,-0.106
39.964,-0.138,-0.106
39.980,-0.138,-0.106
39.997,-0.138,-0.106
40.014,-0.138,-0.106
40.030,-0.138,-0.106
40.047,-0.138,-0.106
40.064,-0.138,-0.106
40.080,-0.138,-0.106
40.097,-0.138,-0.106
40.114,-0.138,-0.106
40.131,-0.138,-0.107
40.147,-0.138,-0.107
40.164,-0.137,-0.108
40.181,-0.137,-0.108
40.197,-0.137,-0.109
40.214,-0.137,-0.110
40.231,-0.137,-0.110
40.247,-0.137,-0.111
40.264,-0.137,-0.112
40.281,-0.137,-0.113
40.297,-0.137,-0.114
40.314,-0.137,-0.115
40.331,-0.137,-0.116
40.347,-0.137,-0.117
40.364,-0.138,-0.118
40.381,-0.138,-0.118
40.397,-0.138,-0.119
40.414,-0.138,-0.119
40.431,-0.138,-0.119
40.447,-0.138,-0.119
40.464,-0.138,-0.120
40.481,-0.138,-0.120
40.497,-0.137,-0.120
40.514,-0.137,-0.120
40.531,-0.137,-0.120
40.548,-0.137,-0.120
40.564,-0.137,-0.119
40.581,-0.137,-0.119
40.598,-0.136,-0.118
40.614,-0.137,-0.118
40.631,-0.136,-0.118
40.648,-0.136,-0.117
40.664,-0.136,-0.118
40.681,-0.136,-0.118
40.698,-0.137,-0.118
40.714,-0.136,-0.118
40.731,-0.136,-0.118
40.748,-0.137,-0.118
40.764,-0.136,-0.118
40.781,-0.137,-0.118
40.798,-0.137,-0.118
40.814,-0.137,-0.118
40.831,-0.137,-0.118
40.848,-0.137,-0.118
40.864,-0.137,-0.118
40.881,-0.137,-0.118
40.898,-0.137,-0.118
40.914,-0.137,-0.118
40.931,-0.137,-0.118
40.948,-0.137,-0.118
40.965,-0.137,-0.118
40.981,-0.137,-0.118
40.998,-0.137,-0.118
41.015,-0.137,-0.119
41.031,-0.137,-0.119
41.048,-0.137,-0.119
41.065,-0.137,-0.120
41.081,-0.137,-0.120
41.098,-0.138,-0.120
41.115,-0.137,-0.120
41.131,-0.138,-0.120
41.148,-0.138,-0.120
41.165,-0.137,-0.120
41.181,-0.138,-0.119
41.198,-0.138,-0.118
41.215,-0.138,-0.117
41.231,-0.138,-0.117
41.248,-0.138,-0.116
41.265,-0.138,-0.116
41.281,-0.138,-0.115
41.298,-0.139,-0.115
41.315,-0.139,-0.115
41.331,-0.139,-0.115
41.348,-0.139,-0.115
41.365,-0.140,-0.115
41.381,-0.140,-0.116
41.398,-0.140,-0.117
41.415,-0.140,-0.118
41.432,-0.140,-0.119
41.448,-0.139,-0.120
41.465,-0.140,-0.121
41.482,-0.140,-0.122
41.498,-0.140,-0.123
41.515,-0.139,-0.123
41.532,-0.138,-0.123
41.548,-0.138,-0.124
41.565,-0.137,-0.124
41.582,-0.137,-0.124
41.598,-0.137,-0.124
41.615,-0.136,-0.123
41.632,-0.135,-0.123
41.648,-0.135,-0.123
41.665,-0.134,-0.122
41.682,-0.134,-0.121
41.698,-0.133,-0.120
41.715,-0.133,-0.119
41.732,-0.132,-0.118
41.748,-0.132,-0.117
41.765,-0.131,-0.115
41.782,-0.131,-0.114
41.798,-0.130,-0.113
41.815,-0.131,-0.113
41.832,-0.131,-0.112
41.849,-0.129,-0.109
41.865,-0.130,-0.109
41.882,-0.130,-0.108
41.899,-0.129,-0.107
41.915,-0.129,-0.106
41.932,-0.129,-0.105
41.949,-0.129,-0.105
41.965,-0.129,-0.105
41.982,-0.129,-0.105
41.999,-0.129,-0.104
42.015,-0.129,-0.105
42.032,-0.129,-0.104
