,mass A,,
t,x,y,
0.000,-0.120,-5.394E-2
0.017,-0.120,-5.419E-2
0.033,-0.120,-5.420E-2
0.050,-0.120,-5.309E-2
0.067,-0.120,-5.312E-2
0.083,-0.119,-5.321E-2
0.100,-0.119,-5.406E-2
0.117,-0.119,-5.498E-2
0.133,-0.118,-5.578E-2
0.150,-0.118,-5.588E-2
0.167,-0.118,-5.618E-2
0.183,-0.119,-5.624E-2
0.200,-0.120,-5.635E-2
0.217,-0.120,-5.661E-2
0.233,-0.121,-5.633E-2
0.250,-0.122,-5.780E-2
0.267,-0.123,-5.753E-2
0.283,-0.123,-5.782E-2
0.300,-0.124,-5.783E-2
0.317,-0.124,-5.792E-2
0.333,-0.124,-5.732E-2
0.350,-0.124,-5.732E-2
0.367,-0.125,-5.705E-2
0.383,-0.124,-5.777E-2
0.400,-0.124,-5.789E-2
0.417,-0.123,-5.827E-2
0.433,-0.123,-5.873E-2
0.450,-0.123,-5.919E-2
0.467,-0.122,-5.775E-2
0.484,-0.121,-5.760E-2
0.500,-0.121,-5.687E-2
0.517,-0.120,-5.597E-2
0.534,-0.120,-5.446E-2
0.550,-0.120,-5.316E-2
0.567,-0.120,-5.135E-2
0.584,-0.120,-5.199E-2
0.600,-0.121,-5.124E-2
0.617,-0.121,-5.142E-2
0.634,-0.121,-5.150E-2
0.650,-0.120,-5.157E-2
0.667,-0.120,-5.157E-2
0.684,-0.119,-5.163E-2
0.700,-0.120,-5.104E-2
0.717,-0.119,-5.073E-2
0.734,-0.119,-5.057E-2
0.750,-0.119,-4.865E-2
0.767,-0.118,-4.854E-2
0.784,-0.118,-4.780E-2
0.800,-0.118,-4.714E-2
0.817,-0.118,-4.595E-2
0.834,-0.119,-4.510E-2
0.850,-0.119,-4.419E-2
0.867,-0.119,-4.466E-2
0.884,-0.119,-4.474E-2
0.900,-0.119,-4.561E-2
0.917,-0.119,-4.639E-2
0.934,-0.118,-4.765E-2
0.950,-0.118,-4.871E-2
0.967,-0.118,-5.027E-2
0.984,-0.118,-5.140E-2
1.000,-0.118,-5.230E-2
1.017,-0.119,-5.380E-2
1.034,-0.119,-5.461E-2
1.050,-0.119,-5.489E-2
1.067,-0.120,-5.426E-2
1.084,-0.122,-5.322E-2
1.100,-0.123,-5.215E-2
1.117,-0.124,-5.327E-2
1.134,-0.124,-5.301E-2
1.150,-0.124,-5.324E-2
1.167,-0.123,-5.375E-2
1.184,-0.122,-5.451E-2
1.200,-0.121,-5.426E-2
1.217,-0.119,-5.565E-2
1.234,-0.119,-5.635E-2
1.250,-0.118,-5.656E-2
1.267,-0.118,-5.595E-2
1.284,-0.118,-5.508E-2
1.300,-0.118,-5.405E-2
1.317,-0.117,-5.235E-2
1.334,-0.117,-5.031E-2
1.350,-0.117,-4.841E-2
1.367,-0.117,-4.641E-2
1.384,-0.117,-4.502E-2
1.401,-0.116,-4.359E-2
1.417,-0.115,-4.333E-2
1.434,-0.115,-4.323E-2
1.451,-0.115,-4.310E-2
1.467,-0.116,-4.148E-2
1.484,-0.116,-4.100E-2
1.501,-0.117,-3.961E-2
1.517,-0.118,-3.866E-2
1.534,-0.118,-3.780E-2
1.551,-0.119,-3.803E-2
1.567,-0.119,-3.860E-2
1.584,-0.119,-3.991E-2
1.601,-0.119,-4.111E-2
1.617,-0.118,-4.295E-2
1.634,-0.119,-4.414E-2
1.651,-0.119,-4.563E-2
1.667,-0.119,-4.608E-2
1.684,-0.119,-4.668E-2
1.701,-0.119,-4.690E-2
1.717,-0.119,-4.741E-2
1.734,-0.119,-4.768E-2
1.751,-0.119,-4.803E-2
1.767,-0.120,-4.865E-2
1.784,-0.119,-5.020E-2
1.801,-0.119,-5.167E-2
1.817,-0.119,-5.299E-2
1.834,-0.119,-5.384E-2
1.851,-0.120,-5.408E-2
1.867,-0.120,-5.478E-2
1.884,-0.120,-5.556E-2
1.901,-0.120,-5.596E-2
1.917,-0.119,-5.665E-2
1.934,-0.120,-5.680E-2
1.951,-0.120,-5.674E-2
1.967,-0.120,-5.572E-2
1.984,-0.121,-5.397E-2
2.001,-0.120,-5.218E-2
2.017,-0.121,-4.951E-2
2.034,-0.121,-4.774E-2
2.051,-0.121,-4.679E-2
2.067,-0.120,-4.576E-2
2.084,-0.120,-4.581E-2
2.101,-0.120,-4.581E-2
2.117,-0.120,-4.581E-2
2.134,-0.120,-4.678E-2
2.151,-0.120,-4.675E-2
2.167,-0.119,-4.677E-2
2.184,-0.118,-4.740E-2
2.201,-0.118,-4.851E-2
2.217,-0.117,-4.916E-2
2.234,-0.117,-4.899E-2
2.251,-0.117,-4.860E-2
2.268,-0.118,-4.757E-2
2.284,-0.119,-4.680E-2
2.301,-0.119,-4.687E-2
2.318,-0.120,-4.672E-2
2.334,-0.120,-4.677E-2
2.351,-0.120,-4.679E-2
2.368,-0.120,-4.751E-2
2.384,-0.120,-4.753E-2
2.401,-0.120,-4.885E-2
2.418,-0.120,-4.766E-2
2.434,-0.121,-4.616E-2
2.451,-0.122,-4.439E-2
2.468,-0.122,-4.266E-2
2.484,-0.122,-4.153E-2
2.501,-0.122,-4.056E-2
2.518,-0.123,-3.969E-2
2.534,-0.124,-3.882E-2
2.551,-0.123,-3.877E-2
2.568,-0.123,-3.877E-2
2.584,-0.123,-3.885E-2
2.601,-0.122,-3.925E-2
2.618,-0.122,-3.979E-2
2.634,-0.122,-4.026E-2
2.651,-0.122,-4.056E-2
2.668,-0.121,-4.105E-2
2.684,-0.122,-4.105E-2
2.701,-0.122,-4.109E-2
2.718,-0.121,-4.169E-2
2.734,-0.120,-4.199E-2
2.751,-0.120,-4.075E-2
2.768,-0.120,-4.134E-2
2.784,-0.120,-4.138E-2
2.801,-0.120,-4.161E-2
2.818,-0.120,-4.207E-2
2.834,-0.120,-4.232E-2
2.851,-0.120,-4.294E-2
2.868,-0.120,-4.308E-2
2.884,-0.120,-4.311E-2
2.901,-0.120,-4.384E-2
2.918,-0.120,-4.401E-2
2.934,-0.120,-4.315E-2
2.951,-0.120,-4.219E-2
2.968,-0.121,-4.138E-2
2.984,-0.121,-4.040E-2
3.001,-0.121,-4.150E-2
3.018,-0.122,-4.105E-2
3.034,-0.122,-4.063E-2
3.051,-0.122,-3.810E-2
3.068,-0.122,-3.996E-2
3.084,-0.121,-3.768E-2
3.101,-0.121,-3.930E-2
3.118,-0.121,-3.767E-2
3.134,-0.121,-3.774E-2
3.151,-0.120,-3.940E-2
3.168,-0.119,-4.037E-2
3.185,-0.119,-4.208E-2
3.201,-0.118,-4.329E-2
3.218,-0.117,-4.572E-2
3.235,-0.118,-4.609E-2
3.251,-0.117,-4.655E-2
3.268,-0.118,-4.510E-2
3.285,-0.118,-4.460E-2
3.301,-0.119,-4.324E-2
3.318,-0.119,-4.319E-2
3.335,-0.119,-4.311E-2
3.351,-0.120,-4.359E-2
3.368,-0.120,-4.420E-2
3.385,-0.121,-4.497E-2
3.401,-0.121,-4.659E-2
3.418,-0.121,-4.831E-2
3.435,-0.120,-5.033E-2
3.451,-0.120,-5.302E-2
3.468,-0.119,-5.503E-2
3.485,-0.118,-5.732E-2
3.501,-0.117,-5.910E-2
3.518,-0.117,-5.869E-2
3.535,-0.117,-5.769E-2
3.551,-0.118,-5.578E-2
3.568,-0.117,-5.402E-2
3.585,-0.118,-5.203E-2
3.601,-0.119,-5.027E-2
3.618,-0.119,-4.759E-2
3.635,-0.120,-4.580E-2
3.651,-0.120,-4.398E-2
3.668,-0.121,-4.216E-2
3.685,-0.122,-4.137E-2
3.701,-0.121,-4.139E-2
3.718,-0.121,-4.123E-2
3.735,-0.121,-4.124E-2
3.751,-0.122,-4.072E-2
3.768,-0.122,-4.039E-2
3.785,-0.123,-4.016E-2
3.801,-0.123,-4.034E-2
3.818,-0.123,-4.212E-2
3.835,-0.123,-4.215E-2
3.851,-0.122,-4.310E-2
3.868,-0.121,-4.489E-2
3.885,-0.121,-4.579E-2
3.901,-0.121,-4.662E-2
3.918,-0.121,-4.684E-2
3.935,-0.122,-4.825E-2
3.951,-0.121,-4.847E-2
3.968,-0.121,-4.956E-2
3.985,-0.121,-5.049E-2
4.001,-0.121,-5.138E-2
4.018,-0.121,-5.147E-2
4.035,-0.121,-5.197E-2
4.051,-0.122,-5.209E-2
4.068,-0.123,-5.228E-2
4.085,-0.123,-5.306E-2
4.102,-0.123,-5.391E-2
4.118,-0.123,-5.476E-2
4.135,-0.123,-5.601E-2
4.152,-0.122,-5.768E-2
4.168,-0.122,-5.866E-2
4.185,-0.122,-5.951E-2
4.202,-0.122,-5.971E-2
4.218,-0.121,-5.954E-2
4.235,-0.121,-6.022E-2
4.252,-0.120,-6.018E-2
4.268,-0.120,-6.029E-2
4.285,-0.120,-6.032E-2
4.302,-0.120,-5.874E-2
4.318,-0.121,-5.665E-2
4.335,-0.122,-5.406E-2
4.352,-0.123,-5.333E-2
4.368,-0.124,-5.155E-2
4.385,-0.125,-4.843E-2
4.402,-0.125,-4.917E-2
4.418,-0.125,-4.836E-2
4.435,-0.125,-4.582E-2
4.452,-0.125,-4.751E-2
4.468,-0.125,-4.737E-2
4.485,-0.123,-4.746E-2
4.502,-0.124,-4.697E-2
4.518,-0.123,-4.647E-2
4.535,-0.123,-4.633E-2
4.552,-0.123,-4.565E-2
4.568,-0.123,-4.319E-2
4.585,-0.123,-4.512E-2
4.602,-0.124,-4.225E-2
4.618,-0.124,-4.224E-2
4.635,-0.123,-4.528E-2
4.652,-0.122,-4.602E-2
4.668,-0.122,-4.702E-2
4.685,-0.120,-4.812E-2
4.702,-0.120,-4.937E-2
4.718,-0.120,-5.057E-2
4.735,-0.119,-5.048E-2
4.752,-0.118,-5.180E-2
4.768,-0.119,-5.217E-2
4.785,-0.120,-5.211E-2
4.802,-0.120,-5.194E-2
4.818,-0.120,-5.200E-2
4.835,-0.121,-5.141E-2
4.852,-0.121,-5.127E-2
4.868,-0.121,-5.109E-2
4.885,-0.122,-5.029E-2
4.902,-0.122,-4.948E-2
4.918,-0.121,-4.958E-2
4.935,-0.121,-5.101E-2
4.952,-0.121,-5.289E-2
4.968,-0.120,-5.410E-2
4.985,-0.120,-5.572E-2
5.002,-0.120,-5.576E-2
5.019,-0.122,-5.491E-2
5.035,-0.122,-5.400E-2
5.052,-0.122,-5.329E-2
5.069,-0.122,-5.304E-2
5.085,-0.123,-5.302E-2
5.102,-0.122,-5.303E-2
5.119,-0.123,-5.565E-2
5.135,-0.124,-5.561E-2
5.152,-0.125,-5.561E-2
5.169,-0.125,-5.393E-2
5.185,-0.124,-5.451E-2
5.202,-0.123,-5.746E-2
5.219,-0.121,-5.822E-2
5.235,-0.121,-5.626E-2
5.252,-0.121,-5.558E-2
5.269,-0.121,-5.499E-2
5.285,-0.121,-5.409E-2
5.302,-0.120,-5.390E-2
5.319,-0.120,-5.398E-2
5.335,-0.119,-5.414E-2
5.352,-0.119,-5.472E-2
5.369,-0.119,-5.416E-2
5.385,-0.118,-5.389E-2
5.402,-0.118,-5.318E-2
5.419,-0.118,-5.232E-2
5.435,-0.117,-5.208E-2
5.452,-0.117,-5.136E-2
5.469,-0.118,-5.048E-2
5.485,-0.118,-5.025E-2
5.502,-0.118,-4.887E-2
5.519,-0.119,-4.781E-2
5.535,-0.119,-4.756E-2
5.552,-0.119,-4.742E-2
5.569,-0.120,-4.685E-2
5.585,-0.119,-4.757E-2
5.602,-0.120,-4.772E-2
5.619,-0.120,-4.828E-2
5.635,-0.120,-4.850E-2
5.652,-0.120,-4.938E-2
5.669,-0.120,-5.015E-2
5.685,-0.121,-5.032E-2
5.702,-0.121,-5.037E-2
5.719,-0.120,-5.044E-2
5.735,-0.121,-5.015E-2
5.752,-0.122,-4.921E-2
5.769,-0.122,-4.848E-2
5.785,-0.122,-4.776E-2
5.802,-0.123,-5.007E-2
5.819,-0.122,-5.065E-2
5.835,-0.121,-5.038E-2
5.852,-0.121,-5.050E-2
5.869,-0.120,-5.143E-2
5.886,-0.119,-5.282E-2
5.902,-0.119,-5.316E-2
5.919,-0.119,-5.323E-2
5.936,-0.119,-5.298E-2
5.952,-0.119,-5.229E-2
5.969,-0.119,-5.125E-2
5.986,-0.120,-5.174E-2
6.002,-0.121,-5.036E-2
6.019,-0.120,-4.969E-2
6.036,-0.122,-4.588E-2
6.052,-0.122,-4.413E-2
6.069,-0.123,-4.318E-2
6.086,-0.125,-4.310E-2
6.102,-0.125,-4.459E-2
6.119,-0.126,-4.450E-2
6.136,-0.125,-4.461E-2
6.152,-0.125,-4.493E-2
6.169,-0.123,-4.495E-2
6.186,-0.123,-4.537E-2
6.202,-0.123,-4.567E-2
6.219,-0.122,-4.657E-2
6.236,-0.121,-4.572E-2
6.252,-0.121,-4.597E-2
6.269,-0.121,-4.666E-2
6.286,-0.121,-4.769E-2
6.302,-0.120,-4.863E-2
6.319,-0.120,-4.866E-2
6.336,-0.120,-4.930E-2
6.352,-0.120,-4.956E-2
6.369,-0.119,-5.013E-2
6.386,-0.120,-5.018E-2
6.402,-0.120,-4.958E-2
6.419,-0.120,-4.943E-2
6.436,-0.121,-4.868E-2
6.452,-0.121,-4.853E-2
6.469,-0.121,-4.843E-2
6.486,-0.121,-4.849E-2
6.502,-0.121,-4.861E-2
6.519,-0.121,-4.859E-2
6.536,-0.121,-4.944E-2
6.552,-0.122,-5.020E-2
6.569,-0.122,-5.241E-2
6.586,-0.122,-5.119E-2
6.602,-0.122,-5.198E-2
6.619,-0.123,-5.134E-2
6.636,-0.122,-5.128E-2
6.652,-0.122,-5.069E-2
6.669,-0.122,-5.029E-2
6.686,-0.122,-5.033E-2
6.702,-0.122,-5.055E-2
6.719,-0.122,-5.137E-2
6.736,-0.121,-5.300E-2
6.752,-0.121,-5.411E-2
6.769,-0.120,-5.574E-2
6.786,-0.120,-5.673E-2
6.803,-0.121,-5.772E-2
6.819,-0.120,-5.843E-2
6.836,-0.120,-5.848E-2
6.853,-0.120,-5.739E-2
6.869,-0.121,-5.590E-2
6.886,-0.122,-5.458E-2
6.903,-0.123,-5.292E-2
6.919,-0.123,-5.137E-2
6.936,-0.124,-5.106E-2
6.953,-0.124,-5.028E-2
6.969,-0.125,-5.040E-2
6.986,-0.125,-5.121E-2
7.003,-0.125,-5.129E-2
7.019,-0.125,-5.110E-2
7.036,-0.124,-5.111E-2
7.053,-0.125,-5.039E-2
7.069,-0.124,-5.234E-2
7.086,-0.124,-5.241E-2
7.103,-0.124,-5.243E-2
7.119,-0.124,-5.044E-2
7.136,-0.123,-5.326E-2
7.153,-0.123,-5.416E-2
7.169,-0.122,-5.507E-2
7.186,-0.122,-5.398E-2
7.203,-0.122,-5.647E-2
7.219,-0.122,-5.502E-2
7.236,-0.122,-5.794E-2
7.253,-0.121,-5.894E-2
7.269,-0.120,-6.058E-2
7.286,-0.119,-6.256E-2
7.303,-0.119,-6.320E-2
7.319,-0.118,-6.410E-2
7.336,-0.119,-6.396E-2
7.353,-0.120,-6.314E-2
7.369,-0.121,-6.159E-2
7.386,-0.121,-6.035E-2
7.403,-0.121,-5.947E-2
7.419,-0.121,-5.844E-2
7.436,-0.122,-5.757E-2
7.453,-0.123,-5.671E-2
7.469,-0.123,-5.583E-2
7.486,-0.123,-5.485E-2
7.503,-0.124,-5.460E-2
7.519,-0.124,-5.404E-2
7.536,-0.124,-5.382E-2
7.553,-0.124,-5.506E-2
7.569,-0.124,-5.469E-2
7.586,-0.124,-5.416E-2
7.603,-0.124,-5.379E-2
7.619,-0.124,-5.381E-2
7.636,-0.124,-5.132E-2
7.653,-0.125,-5.123E-2
7.669,-0.124,-5.343E-2
7.686,-0.124,-5.371E-2
7.703,-0.124,-5.441E-2
7.720,-0.123,-5.533E-2
7.736,-0.122,-5.575E-2
7.753,-0.121,-5.477E-2
7.770,-0.121,-5.702E-2
7.786,-0.120,-5.596E-2
7.803,-0.119,-5.681E-2
7.820,-0.119,-5.745E-2
7.836,-0.119,-5.758E-2
7.853,-0.119,-5.771E-2
7.870,-0.118,-5.745E-2
7.886,-0.119,-5.673E-2
7.903,-0.118,-5.673E-2
7.920,-0.118,-5.653E-2
7.936,-0.118,-5.575E-2
7.953,-0.119,-5.500E-2
7.970,-0.119,-5.409E-2
7.986,-0.119,-5.340E-2
8.003,-0.119,-5.301E-2
8.020,-0.120,-5.218E-2
8.036,-0.120,-5.134E-2
8.053,-0.120,-5.113E-2
8.070,-0.120,-5.032E-2
8.086,-0.120,-4.928E-2
8.103,-0.122,-4.771E-2
8.120,-0.122,-4.675E-2
8.136,-0.122,-4.580E-2
8.153,-0.122,-4.498E-2
8.170,-0.122,-4.562E-2
8.186,-0.122,-4.557E-2
8.203,-0.122,-4.570E-2
8.220,-0.121,-4.585E-2
8.236,-0.121,-4.579E-2
8.253,-0.121,-4.501E-2
8.270,-0.121,-4.377E-2
8.286,-0.121,-4.285E-2
8.303,-0.122,-4.162E-2
8.320,-0.122,-4.207E-2
8.336,-0.122,-4.209E-2
8.353,-0.121,-4.306E-2
8.370,-0.121,-4.412E-2
8.386,-0.120,-4.494E-2
8.403,-0.120,-4.455E-2
8.420,-0.121,-4.396E-2
8.436,-0.122,-4.311E-2
8.453,-0.123,-4.297E-2
8.470,-0.123,-4.293E-2
8.486,-0.124,-4.307E-2
8.503,-0.125,-4.398E-2
8.520,-0.124,-4.711E-2
8.536,-0.124,-4.875E-2
8.553,-0.124,-4.973E-2
8.570,-0.124,-5.111E-2
8.586,-0.123,-5.244E-2
8.603,-0.122,-5.334E-2
8.620,-0.122,-5.223E-2
8.637,-0.122,-5.478E-2
8.653,-0.121,-5.378E-2
8.670,-0.122,-5.397E-2
8.687,-0.121,-5.395E-2
8.703,-0.121,-5.393E-2
8.720,-0.121,-5.395E-2
8.737,-0.121,-5.410E-2
8.753,-0.120,-5.490E-2
8.770,-0.120,-5.497E-2
8.787,-0.120,-5.505E-2
8.803,-0.120,-5.579E-2
8.820,-0.120,-5.579E-2
8.837,-0.119,-5.583E-2
8.853,-0.119,-5.561E-2
8.870,-0.119,-5.573E-2
8.887,-0.120,-5.506E-2
8.903,-0.120,-5.506E-2
8.920,-0.121,-5.492E-2
8.937,-0.121,-5.481E-2
8.953,-0.122,-5.427E-2
8.970,-0.122,-5.399E-2
8.987,-0.122,-5.369E-2
9.003,-0.123,-5.315E-2
9.020,-0.123,-5.254E-2
9.037,-0.123,-5.473E-2
9.053,-0.123,-5.510E-2
9.070,-0.122,-5.552E-2
9.087,-0.122,-5.571E-2
9.103,-0.121,-5.487E-2
9.120,-0.120,-5.397E-2
9.137,-0.120,-5.319E-2
9.153,-0.120,-5.304E-2
9.170,-0.119,-5.220E-2
9.187,-0.120,-5.141E-2
9.203,-0.120,-5.124E-2
9.220,-0.121,-5.028E-2
9.237,-0.121,-4.948E-2
9.253,-0.121,-4.948E-2
9.270,-0.121,-4.860E-2
9.287,-0.121,-4.986E-2
9.303,-0.121,-4.681E-2
9.320,-0.121,-4.667E-2
9.337,-0.121,-4.686E-2
9.353,-0.121,-4.696E-2
9.370,-0.121,-4.396E-2
9.387,-0.121,-4.536E-2
9.403,-0.120,-4.486E-2
9.420,-0.119,-4.403E-2
9.437,-0.118,-4.307E-2
9.453,-0.117,-4.198E-2
9.470,-0.117,-4.047E-2
9.487,-0.116,-3.896E-2
9.504,-0.116,-3.585E-2
9.520,-0.116,-3.421E-2
9.537,-0.116,-3.317E-2
9.554,-0.116,-3.218E-2
9.570,-0.115,-3.140E-2
9.587,-0.115,-3.122E-2
9.604,-0.115,-3.057E-2
9.620,-0.115,-3.021E-2
9.637,-0.116,-3.022E-2
9.654,-0.116,-3.060E-2
9.670,-0.116,-3.137E-2
9.687,-0.117,-3.147E-2
9.704,-0.116,-3.208E-2
9.720,-0.118,-3.146E-2
9.737,-0.118,-3.142E-2
9.754,-0.118,-3.171E-2
9.770,-0.117,-3.296E-2
9.787,-0.118,-3.413E-2
9.804,-0.117,-3.589E-2
9.820,-0.118,-3.685E-2
9.837,-0.119,-3.778E-2
9.854,-0.119,-3.923E-2
9.870,-0.120,-4.047E-2
9.887,-0.120,-4.188E-2
9.904,-0.119,-4.317E-2
9.920,-0.120,-4.467E-2
9.937,-0.120,-4.599E-2
9.954,-0.119,-4.763E-2
9.970,-0.120,-4.873E-2
9.987,-0.120,-5.010E-2
10.004,-0.120,-5.185E-2
10.020,-0.120,-5.403E-2
10.037,-0.120,-5.598E-2
10.054,-0.120,-5.774E-2
10.070,-0.120,-5.767E-2
10.087,-0.121,-5.658E-2
10.104,-0.121,-5.470E-2
10.120,-0.122,-5.228E-2
10.137,-0.122,-5.128E-2
10.154,-0.123,-5.028E-2
10.170,-0.122,-4.845E-2
10.187,-0.124,-4.675E-2
10.204,-0.124,-4.742E-2
10.220,-0.125,-4.470E-2
10.237,-0.125,-4.592E-2
10.254,-0.126,-4.594E-2
10.270,-0.126,-4.621E-2
10.287,-0.126,-4.694E-2
10.304,-0.125,-4.786E-2
10.320,-0.125,-4.894E-2
10.337,-0.124,-5.055E-2
10.354,-0.123,-5.199E-2
10.370,-0.121,-5.378E-2
10.387,-0.120,-5.500E-2
10.404,-0.118,-5.774E-2
10.421,-0.119,-5.959E-2
10.437,-0.119,-6.022E-2
10.454,-0.119,-5.918E-2
10.471,-0.119,-5.768E-2
10.487,-0.119,-5.679E-2
10.504,-0.119,-5.588E-2
10.521,-0.119,-5.573E-2
10.537,-0.119,-5.573E-2
10.554,-0.119,-5.579E-2
10.571,-0.119,-5.588E-2
10.587,-0.119,-5.577E-2
10.604,-0.119,-5.495E-2
10.621,-0.120,-5.397E-2
10.637,-0.120,-5.301E-2
10.654,-0.121,-5.130E-2
10.671,-0.121,-4.948E-2
10.687,-0.121,-4.776E-2
10.704,-0.122,-4.656E-2
10.721,-0.121,-4.479E-2
10.737,-0.121,-4.320E-2
10.754,-0.120,-4.134E-2
10.771,-0.121,-4.046E-2
10.787,-0.121,-3.951E-2
10.804,-0.122,-3.949E-2
10.821,-0.122,-4.010E-2
10.837,-0.122,-4.139E-2
10.854,-0.122,-4.306E-2
10.871,-0.121,-4.405E-2
10.887,-0.121,-4.494E-2
10.904,-0.121,-4.581E-2
10.921,-0.121,-4.667E-2
10.937,-0.121,-4.767E-2
10.954,-0.120,-4.924E-2
10.971,-0.120,-4.997E-2
10.987,-0.120,-4.966E-2
11.004,-0.121,-4.864E-2
11.021,-0.121,-4.748E-2
11.037,-0.121,-4.643E-2
11.054,-0.121,-4.561E-2
11.071,-0.121,-4.497E-2
11.087,-0.121,-4.486E-2
11.104,-0.121,-4.480E-2
11.121,-0.122,-4.467E-2
11.137,-0.122,-4.411E-2
11.154,-0.122,-4.464E-2
11.171,-0.123,-4.490E-2
11.187,-0.124,-4.501E-2
11.204,-0.124,-4.479E-2
11.221,-0.125,-4.388E-2
11.237,-0.126,-4.309E-2
11.254,-0.128,-4.301E-2
11.271,-0.129,-4.308E-2
11.287,-0.130,-4.390E-2
11.304,-0.130,-4.648E-2
11.321,-0.130,-4.827E-2
11.338,-0.129,-5.044E-2
11.354,-0.128,-5.273E-2
11.371,-0.126,-5.481E-2
11.388,-0.124,-5.755E-2
11.404,-0.122,-6.007E-2
11.421,-0.121,-6.209E-2
11.438,-0.120,-6.229E-2
11.454,-0.120,-6.317E-2
11.471,-0.120,-6.322E-2
11.488,-0.120,-6.302E-2
11.504,-0.119,-6.222E-2
11.521,-0.119,-6.124E-2
11.538,-0.119,-5.986E-2
11.554,-0.119,-5.857E-2
11.571,-0.120,-5.749E-2
11.588,-0.120,-5.594E-2
11.604,-0.120,-5.473E-2
11.621,-0.120,-5.312E-2
11.638,-0.120,-5.219E-2
11.654,-0.120,-5.111E-2
11.671,-0.120,-5.024E-2
11.688,-0.120,-4.936E-2
11.704,-0.120,-4.941E-2
11.721,-0.120,-4.939E-2
11.738,-0.119,-4.938E-2
11.754,-0.119,-4.927E-2
11.771,-0.120,-4.847E-2
11.788,-0.120,-4.768E-2
11.804,-0.121,-4.682E-2
11.821,-0.121,-4.676E-2
11.838,-0.121,-4.673E-2
11.854,-0.121,-4.672E-2
11.871,-0.120,-4.745E-2
11.888,-0.120,-4.770E-2
11.904,-0.120,-4.844E-2
11.921,-0.121,-4.866E-2
11.938,-0.120,-4.949E-2
11.954,-0.120,-5.037E-2
11.971,-0.120,-5.124E-2
11.988,-0.121,-5.131E-2
12.004,-0.122,-5.133E-2
12.021,-0.122,-5.129E-2
12.038,-0.123,-5.131E-2
12.054,-0.122,-5.215E-2
12.071,-0.122,-5.228E-2
12.088,-0.122,-5.313E-2
12.104,-0.122,-5.605E-2
12.121,-0.121,-5.591E-2
12.138,-0.120,-5.748E-2
12.154,-0.119,-5.854E-2
12.171,-0.119,-5.859E-2
12.188,-0.119,-5.778E-2
12.205,-0.119,-5.678E-2
12.221,-0.119,-5.570E-2
12.238,-0.119,-5.407E-2
12.255,-0.120,-5.233E-2
12.271,-0.120,-5.139E-2
12.288,-0.120,-5.049E-2
12.305,-0.120,-5.225E-2
12.321,-0.120,-4.956E-2
12.338,-0.118,-4.954E-2
12.355,-0.118,-4.952E-2
12.371,-0.119,-4.942E-2
12.388,-0.118,-4.934E-2
12.405,-0.118,-4.952E-2
12.421,-0.117,-5.038E-2
12.438,-0.117,-5.047E-2
12.455,-0.117,-5.140E-2
12.471,-0.117,-5.219E-2
12.488,-0.117,-5.230E-2
12.505,-0.117,-5.227E-2
12.521,-0.117,-5.205E-2
12.538,-0.117,-5.169E-2
12.555,-0.117,-5.143E-2
12.571,-0.116,-5.200E-2
12.588,-0.117,-5.143E-2
12.605,-0.116,-5.138E-2
12.621,-0.116,-5.125E-2
12.638,-0.116,-5.141E-2
12.655,-0.115,-5.132E-2
12.671,-0.116,-5.141E-2
12.688,-0.116,-5.122E-2
12.705,-0.116,-5.036E-2
12.721,-0.117,-4.942E-2
12.738,-0.118,-4.832E-2
12.755,-0.119,-4.747E-2
12.771,-0.120,-4.655E-2
12.788,-0.120,-4.570E-2
12.805,-0.122,-4.490E-2
12.821,-0.122,-4.482E-2
12.838,-0.122,-4.491E-2
12.855,-0.123,-4.746E-2
12.871,-0.123,-4.795E-2
12.888,-0.122,-4.858E-2
12.905,-0.122,-4.678E-2
12.921,-0.121,-4.685E-2
12.938,-0.122,-4.753E-2
12.955,-0.121,-4.825E-2
12.971,-0.121,-4.862E-2
12.988,-0.121,-4.954E-2
13.005,-0.121,-5.031E-2
13.021,-0.120,-5.108E-2
13.038,-0.121,-5.124E-2
13.055,-0.120,-5.226E-2
13.071,-0.119,-5.385E-2
13.088,-0.118,-5.562E-2
13.105,-0.118,-5.674E-2
13.122,-0.119,-5.757E-2
13.138,-0.120,-5.674E-2
13.155,-0.121,-5.585E-2
13.172,-0.122,-5.496E-2
13.188,-0.122,-5.411E-2
13.205,-0.123,-5.403E-2
13.222,-0.124,-5.398E-2
13.238,-0.124,-5.578E-2
13.255,-0.125,-5.597E-2
13.272,-0.125,-5.602E-2
13.288,-0.124,-5.616E-2
13.305,-0.124,-5.648E-2
13.322,-0.124,-5.652E-2
13.338,-0.123,-5.657E-2
13.355,-0.122,-5.496E-2
13.372,-0.122,-5.497E-2
13.388,-0.120,-5.587E-2
13.405,-0.120,-5.588E-2
13.422,-0.120,-5.594E-2
13.438,-0.120,-5.583E-2
13.455,-0.120,-5.577E-2
13.472,-0.120,-5.567E-2
13.488,-0.120,-5.535E-2
13.505,-0.120,-5.603E-2
13.522,-0.119,-5.685E-2
13.538,-0.119,-5.762E-2
13.555,-0.119,-5.670E-2
13.572,-0.119,-5.577E-2
13.588,-0.120,-5.452E-2
13.605,-0.120,-5.288E-2
13.622,-0.121,-5.130E-2
13.638,-0.121,-5.032E-2
13.655,-0.121,-4.959E-2
13.672,-0.121,-5.039E-2
13.688,-0.120,-5.126E-2
13.705,-0.120,-5.287E-2
13.722,-0.120,-5.476E-2
13.738,-0.120,-5.585E-2
13.755,-0.120,-5.591E-2
13.772,-0.120,-5.585E-2
13.788,-0.120,-5.502E-2
13.805,-0.121,-5.411E-2
13.822,-0.122,-5.402E-2
13.838,-0.122,-5.394E-2
13.855,-0.122,-5.386E-2
13.872,-0.122,-5.393E-2
13.888,-0.123,-5.403E-2
13.905,-0.123,-5.407E-2
13.922,-0.123,-5.393E-2
13.938,-0.124,-5.396E-2
13.955,-0.124,-5.385E-2
13.972,-0.124,-5.396E-2
13.988,-0.123,-5.396E-2
14.005,-0.123,-5.607E-2
14.022,-0.122,-5.402E-2
14.039,-0.121,-5.398E-2
14.055,-0.121,-5.473E-2
14.072,-0.121,-5.424E-2
14.089,-0.121,-5.132E-2
14.105,-0.121,-5.289E-2
14.122,-0.121,-5.240E-2
14.139,-0.120,-5.040E-2
14.155,-0.120,-5.029E-2
14.172,-0.120,-4.941E-2
14.189,-0.121,-4.863E-2
14.205,-0.121,-4.849E-2
14.222,-0.120,-4.858E-2
14.239,-0.119,-4.949E-2
14.255,-0.118,-5.049E-2
14.272,-0.118,-5.138E-2
14.289,-0.119,-5.208E-2
14.305,-0.119,-5.126E-2
14.322,-0.120,-5.018E-2
14.339,-0.121,-4.830E-2
14.355,-0.122,-4.666E-2
14.372,-0.123,-4.489E-2
14.389,-0.124,-4.395E-2
14.405,-0.124,-4.295E-2
14.422,-0.125,-4.185E-2
14.439,-0.125,-4.120E-2
14.455,-0.125,-4.197E-2
14.472,-0.124,-4.300E-2
14.489,-0.123,-4.400E-2
14.505,-0.122,-4.404E-2
14.522,-0.121,-4.382E-2
14.539,-0.121,-4.375E-2
14.555,-0.122,-4.037E-2
14.572,-0.123,-4.063E-2
14.589,-0.123,-4.073E-2
14.605,-0.122,-4.149E-2
14.622,-0.121,-4.262E-2
14.639,-0.119,-4.430E-2
14.655,-0.119,-4.497E-2
14.672,-0.118,-4.587E-2
14.689,-0.118,-4.599E-2
14.705,-0.118,-4.599E-2
14.722,-0.118,-4.510E-2
14.739,-0.118,-4.490E-2
14.755,-0.118,-4.401E-2
14.772,-0.119,-4.322E-2
14.789,-0.120,-4.301E-2
14.805,-0.120,-4.316E-2
14.822,-0.121,-4.319E-2
14.839,-0.121,-4.404E-2
14.855,-0.121,-4.493E-2
14.872,-0.121,-4.569E-2
14.889,-0.121,-4.581E-2
14.905,-0.121,-4.589E-2
14.922,-0.121,-4.678E-2
14.939,-0.121,-4.771E-2
14.956,-0.120,-4.860E-2
14.972,-0.120,-4.878E-2
14.989,-0.120,-4.869E-2
15.006,-0.121,-4.869E-2
15.022,-0.120,-4.877E-2
15.039,-0.120,-4.856E-2
15.056,-0.119,-4.855E-2
15.072,-0.120,-4.773E-2
15.089,-0.120,-4.747E-2
15.106,-0.120,-4.589E-2
15.122,-0.121,-4.647E-2
15.139,-0.121,-4.525E-2
15.156,-0.121,-4.464E-2
15.172,-0.120,-4.219E-2
15.189,-0.119,-4.476E-2
15.206,-0.119,-4.490E-2
15.222,-0.118,-4.530E-2
15.239,-0.118,-4.529E-2
15.256,-0.117,-4.325E-2
15.272,-0.117,-4.316E-2
15.289,-0.117,-4.322E-2
15.306,-0.117,-4.309E-2
15.322,-0.117,-4.232E-2
15.339,-0.118,-4.220E-2
15.356,-0.118,-4.137E-2
15.372,-0.118,-4.023E-2
15.389,-0.119,-3.973E-2
15.406,-0.118,-4.048E-2
15.422,-0.117,-4.135E-2
15.439,-0.117,-4.239E-2
15.456,-0.117,-4.316E-2
15.472,-0.117,-4.320E-2
15.489,-0.118,-4.309E-2
15.506,-0.119,-4.180E-2
15.522,-0.120,-4.051E-2
15.539,-0.120,-4.198E-2
15.556,-0.122,-3.933E-2
15.572,-0.123,-3.926E-2
15.589,-0.122,-3.942E-2
15.606,-0.123,-4.032E-2
15.622,-0.123,-4.276E-2
15.639,-0.123,-4.380E-2
15.656,-0.123,-4.507E-2
15.672,-0.123,-4.603E-2
15.689,-0.122,-4.705E-2
15.706,-0.120,-4.664E-2
15.722,-0.120,-4.755E-2
15.739,-0.120,-4.844E-2
15.756,-0.120,-4.947E-2
15.772,-0.119,-5.039E-2
15.789,-0.120,-5.103E-2
15.806,-0.120,-5.120E-2
15.823,-0.119,-5.123E-2
15.839,-0.119,-5.109E-2
15.856,-0.118,-5.047E-2
15.873,-0.118,-5.045E-2
15.889,-0.117,-5.133E-2
15.906,-0.116,-5.237E-2
15.923,-0.116,-5.387E-2
15.939,-0.115,-5.506E-2
15.956,-0.115,-5.574E-2
15.973,-0.115,-5.567E-2
15.989,-0.115,-5.473E-2
16.006,-0.116,-5.273E-2
16.023,-0.117,-5.045E-2
16.039,-0.117,-4.864E-2
16.056,-0.119,-4.684E-2
16.073,-0.119,-4.596E-2
16.089,-0.119,-4.584E-2
16.106,-0.120,-4.651E-2
16.123,-0.120,-4.670E-2
16.139,-0.120,-4.738E-2
16.156,-0.120,-4.756E-2
16.173,-0.120,-4.766E-2
16.189,-0.120,-4.771E-2
16.206,-0.121,-4.741E-2
16.223,-0.121,-4.676E-2
16.239,-0.122,-4.587E-2
16.256,-0.123,-4.585E-2
16.273,-0.122,-4.671E-2
16.289,-0.122,-4.962E-2
16.306,-0.121,-5.103E-2
16.323,-0.120,-5.285E-2
16.339,-0.119,-5.233E-2
16.356,-0.119,-5.296E-2
16.373,-0.119,-5.218E-2
16.389,-0.120,-5.134E-2
16.406,-0.120,-5.042E-2
16.423,-0.120,-4.944E-2
16.439,-0.121,-4.768E-2
16.456,-0.121,-4.648E-2
16.473,-0.123,-4.494E-2
16.489,-0.124,-4.393E-2
16.506,-0.124,-4.316E-2
16.523,-0.126,-4.514E-2
16.539,-0.126,-4.580E-2
16.556,-0.126,-4.687E-2
16.573,-0.125,-4.851E-2
16.589,-0.124,-5.003E-2
16.606,-0.122,-5.163E-2
16.623,-0.121,-5.372E-2
16.639,-0.120,-5.320E-2
16.656,-0.119,-5.473E-2
16.673,-0.118,-5.501E-2
16.689,-0.117,-5.498E-2
16.706,-0.117,-5.482E-2
16.723,-0.117,-5.391E-2
16.740,-0.118,-5.223E-2
16.756,-0.118,-5.033E-2
16.773,-0.119,-4.856E-2
16.790,-0.119,-4.681E-2
16.806,-0.119,-4.571E-2
16.823,-0.119,-4.484E-2
16.840,-0.119,-4.417E-2
16.856,-0.118,-4.494E-2
16.873,-0.118,-4.504E-2
16.890,-0.118,-4.590E-2
16.906,-0.117,-4.674E-2
16.923,-0.118,-4.677E-2
16.940,-0.119,-4.594E-2
16.956,-0.119,-4.570E-2
16.973,-0.119,-4.415E-2
16.990,-0.120,-4.305E-2
17.006,-0.120,-4.148E-2
17.023,-0.121,-4.052E-2
17.040,-0.120,-4.036E-2
17.056,-0.120,-4.035E-2
17.073,-0.120,-4.105E-2
17.090,-0.120,-4.204E-2
17.106,-0.120,-4.299E-2
17.123,-0.120,-4.391E-2
17.140,-0.119,-4.537E-2
17.156,-0.118,-4.693E-2
17.173,-0.118,-4.840E-2
17.190,-0.117,-4.948E-2
17.206,-0.117,-5.014E-2
17.223,-0.118,-5.040E-2
17.240,-0.118,-5.035E-2
17.256,-0.119,-5.028E-2
17.273,-0.119,-4.957E-2
17.290,-0.119,-4.939E-2
17.306,-0.121,-5.035E-2
17.323,-0.120,-4.936E-2
17.340,-0.121,-5.153E-2
17.356,-0.120,-5.245E-2
17.373,-0.120,-5.134E-2
17.390,-0.120,-5.143E-2
17.406,-0.120,-5.291E-2
17.423,-0.120,-5.311E-2
17.440,-0.120,-5.390E-2
17.456,-0.120,-5.397E-2
17.473,-0.120,-5.398E-2
17.490,-0.121,-5.311E-2
17.506,-0.121,-5.295E-2
17.523,-0.121,-5.227E-2
17.540,-0.120,-5.226E-2
17.556,-0.120,-5.218E-2
17.573,-0.121,-5.206E-2
17.590,-0.121,-5.139E-2
17.606,-0.121,-5.126E-2
17.623,-0.122,-5.108E-2
17.640,-0.122,-5.031E-2
17.657,-0.121,-4.950E-2
17.673,-0.123,-5.103E-2
17.690,-0.123,-4.851E-2
17.707,-0.123,-4.858E-2
17.723,-0.122,-4.856E-2
17.740,-0.121,-5.105E-2
17.757,-0.121,-5.121E-2
17.773,-0.120,-4.955E-2
17.790,-0.119,-5.036E-2
17.807,-0.119,-5.040E-2
17.823,-0.119,-5.111E-2
17.840,-0.119,-5.141E-2
17.857,-0.118,-5.231E-2
17.873,-0.118,-5.392E-2
17.890,-0.118,-5.494E-2
17.907,-0.118,-5.659E-2
17.923,-0.118,-5.744E-2
17.940,-0.118,-5.867E-2
17.957,-0.119,-5.860E-2
17.973,-0.119,-5.828E-2
17.990,-0.120,-5.676E-2
18.007,-0.120,-5.585E-2
18.023,-0.121,-5.473E-2
18.040,-0.121,-5.389E-2
18.057,-0.122,-5.298E-2
18.073,-0.123,-5.209E-2
18.090,-0.123,-5.122E-2
18.107,-0.124,-5.116E-2
18.123,-0.124,-5.110E-2
18.140,-0.124,-5.113E-2
18.157,-0.125,-5.272E-2
18.173,-0.124,-5.108E-2
18.190,-0.124,-5.115E-2
18.207,-0.123,-5.137E-2
18.223,-0.122,-5.224E-2
18.240,-0.121,-5.465E-2
18.257,-0.121,-5.313E-2
18.273,-0.120,-5.301E-2
18.290,-0.120,-5.303E-2
18.307,-0.120,-5.230E-2
18.323,-0.120,-5.215E-2
18.340,-0.120,-5.143E-2
18.357,-0.119,-5.143E-2
18.373,-0.119,-5.200E-2
18.390,-0.119,-5.298E-2
18.407,-0.118,-5.356E-2
18.423,-0.118,-5.484E-2
18.440,-0.118,-5.573E-2
18.457,-0.119,-5.565E-2
18.473,-0.119,-5.466E-2
18.490,-0.120,-5.291E-2
18.507,-0.120,-5.125E-2
18.523,-0.120,-5.042E-2
18.540,-0.120,-5.006E-2
18.557,-0.120,-4.943E-2
18.574,-0.120,-4.924E-2
18.590,-0.121,-5.001E-2
18.607,-0.122,-5.036E-2
18.624,-0.122,-5.059E-2
18.640,-0.122,-5.153E-2
18.657,-0.122,-5.293E-2
18.674,-0.121,-5.485E-2
18.690,-0.120,-5.750E-2
18.707,-0.120,-5.953E-2
18.724,-0.120,-6.028E-2
18.740,-0.120,-6.034E-2
18.757,-0.121,-5.948E-2
18.774,-0.121,-5.937E-2
18.790,-0.122,-5.853E-2
18.807,-0.123,-5.771E-2
18.824,-0.123,-5.673E-2
18.840,-0.124,-5.548E-2
18.857,-0.124,-5.407E-2
18.874,-0.124,-5.401E-2
18.890,-0.124,-5.402E-2
18.907,-0.124,-5.394E-2
18.924,-0.124,-5.298E-2
18.940,-0.125,-5.212E-2
18.957,-0.126,-5.194E-2
18.974,-0.126,-5.187E-2
18.990,-0.126,-5.189E-2
19.007,-0.126,-5.208E-2
19.024,-0.126,-5.220E-2
19.040,-0.126,-5.218E-2
19.057,-0.126,-5.304E-2
19.074,-0.126,-5.572E-2
19.090,-0.126,-5.748E-2
19.107,-0.125,-5.921E-2
19.124,-0.124,-6.078E-2
19.140,-0.123,-6.250E-2
19.157,-0.122,-6.381E-2
19.174,-0.121,-6.495E-2
19.190,-0.121,-6.600E-2
19.207,-0.120,-6.651E-2
19.224,-0.119,-6.573E-2
19.240,-0.120,-6.501E-2
19.257,-0.120,-6.490E-2
19.274,-0.120,-6.393E-2
19.290,-0.120,-6.289E-2
19.307,-0.120,-6.117E-2
19.324,-0.121,-5.953E-2
19.340,-0.121,-5.842E-2
19.357,-0.121,-5.680E-2
19.374,-0.121,-5.666E-2
19.390,-0.121,-5.574E-2
19.407,-0.122,-5.503E-2
19.424,-0.121,-5.469E-2
19.441,-0.121,-5.400E-2
19.457,-0.122,-5.378E-2
19.474,-0.122,-5.306E-2
19.491,-0.122,-5.211E-2
19.507,-0.122,-5.130E-2
19.524,-0.123,-5.042E-2
19.541,-0.123,-5.031E-2
19.557,-0.122,-4.955E-2
19.574,-0.121,-5.017E-2
19.591,-0.121,-5.034E-2
19.607,-0.121,-5.044E-2
19.624,-0.120,-5.045E-2
19.641,-0.120,-5.108E-2
19.657,-0.120,-5.103E-2
19.674,-0.120,-5.108E-2
19.691,-0.120,-5.211E-2
19.707,-0.120,-5.291E-2
19.724,-0.120,-5.292E-2
19.741,-0.121,-5.218E-2
19.757,-0.121,-5.132E-2
19.774,-0.122,-5.041E-2
19.791,-0.122,-4.954E-2
19.807,-0.122,-4.865E-2
19.824,-0.123,-4.838E-2
19.841,-0.123,-4.758E-2
19.857,-0.124,-4.753E-2
19.874,-0.124,-4.765E-2
19.891,-0.124,-4.965E-2
19.907,-0.125,-5.011E-2
19.924,-0.124,-4.845E-2
19.941,-0.124,-5.107E-2
19.957,-0.124,-5.185E-2
19.974,-0.124,-5.171E-2
19.991,-0.123,-5.288E-2
20.007,-0.123,-5.133E-2
20.024,-0.122,-5.221E-2
20.041,-0.123,-5.229E-2
20.057,-0.122,-5.382E-2
20.074,-0.122,-5.485E-2
20.091,-0.122,-5.498E-2
20.107,-0.123,-5.489E-2
20.124,-0.124,-5.460E-2
20.141,-0.124,-5.405E-2
20.157,-0.125,-5.373E-2
20.174,-0.126,-5.388E-2
20.191,-0.126,-5.605E-2
20.207,-0.125,-5.691E-2
20.224,-0.124,-5.795E-2
20.241,-0.123,-5.931E-2
20.257,-0.122,-6.095E-2
20.274,-0.121,-6.129E-2
20.291,-0.120,-6.296E-2
20.307,-0.120,-6.378E-2
20.324,-0.120,-6.371E-2
20.341,-0.120,-6.349E-2
20.358,-0.120,-6.232E-2
20.374,-0.119,-6.109E-2
20.391,-0.119,-5.859E-2
20.408,-0.119,-5.679E-2
20.424,-0.119,-5.564E-2
20.441,-0.120,-5.406E-2
20.458,-0.120,-5.218E-2
20.474,-0.120,-5.015E-2
20.491,-0.121,-4.860E-2
20.508,-0.121,-4.758E-2
20.524,-0.122,-4.686E-2
20.541,-0.122,-4.679E-2
20.558,-0.123,-4.668E-2
20.574,-0.123,-4.618E-2
20.591,-0.123,-4.592E-2
20.608,-0.123,-4.675E-2
20.624,-0.123,-4.755E-2
20.641,-0.122,-4.766E-2
20.658,-0.121,-4.860E-2
20.674,-0.121,-4.879E-2
20.691,-0.120,-5.018E-2
20.708,-0.121,-5.040E-2
20.724,-0.121,-5.030E-2
20.741,-0.121,-5.020E-2
20.758,-0.121,-4.936E-2
20.774,-0.121,-4.852E-2
20.791,-0.122,-4.770E-2
20.808,-0.122,-4.759E-2
20.824,-0.122,-4.860E-2
20.841,-0.121,-5.016E-2
20.858,-0.122,-5.132E-2
20.874,-0.121,-5.223E-2
20.891,-0.121,-5.314E-2
20.908,-0.121,-5.374E-2
20.924,-0.121,-5.401E-2
20.941,-0.121,-5.470E-2
20.958,-0.121,-5.471E-2
20.974,-0.121,-5.408E-2
20.991,-0.122,-5.321E-2
21.008,-0.121,-5.290E-2
21.024,-0.122,-5.114E-2
21.041,-0.123,-5.011E-2
21.058,-0.123,-4.927E-2
21.074,-0.123,-4.857E-2
21.091,-0.123,-4.860E-2
21.108,-0.123,-5.109E-2
21.124,-0.122,-5.192E-2
21.141,-0.120,-5.257E-2
21.158,-0.120,-5.220E-2
21.174,-0.120,-5.314E-2
21.191,-0.120,-5.414E-2
21.208,-0.120,-5.483E-2
21.224,-0.119,-5.481E-2
21.241,-0.119,-5.407E-2
21.258,-0.119,-5.322E-2
21.275,-0.119,-5.227E-2
21.291,-0.119,-5.150E-2
21.308,-0.120,-5.123E-2
21.325,-0.120,-5.011E-2
21.341,-0.120,-4.866E-2
21.358,-0.120,-4.776E-2
21.375,-0.120,-4.768E-2
21.391,-0.119,-4.687E-2
21.408,-0.120,-4.674E-2
21.425,-0.120,-4.588E-2
21.441,-0.119,-4.502E-2
21.458,-0.120,-4.488E-2
21.475,-0.120,-4.482E-2
21.491,-0.121,-4.413E-2
21.508,-0.121,-4.412E-2
21.525,-0.120,-4.397E-2
21.541,-0.121,-4.323E-2
21.558,-0.122,-4.302E-2
21.575,-0.122,-4.230E-2
21.591,-0.122,-4.209E-2
21.608,-0.122,-4.139E-2
21.625,-0.124,-4.135E-2
21.641,-0.124,-4.342E-2
21.658,-0.124,-4.336E-2
21.675,-0.123,-4.422E-2
21.691,-0.122,-4.471E-2
21.708,-0.122,-4.560E-2
21.725,-0.122,-4.474E-2
21.741,-0.121,-4.581E-2
21.758,-0.121,-4.676E-2
21.775,-0.121,-4.745E-2
21.791,-0.122,-4.744E-2
21.808,-0.121,-4.747E-2
21.825,-0.121,-4.756E-2
21.841,-0.121,-4.760E-2
21.858,-0.121,-4.847E-2
21.875,-0.122,-4.862E-2
21.891,-0.122,-4.846E-2
21.908,-0.123,-4.775E-2
21.925,-0.123,-4.772E-2
21.941,-0.123,-4.803E-2
21.958,-0.123,-4.849E-2
21.975,-0.123,-4.917E-2
21.991,-0.122,-5.029E-2
22.008,-0.122,-5.122E-2
22.025,-0.122,-5.136E-2
22.041,-0.122,-5.229E-2
22.058,-0.122,-5.386E-2
22.075,-0.122,-5.500E-2
22.091,-0.121,-5.679E-2
22.108,-0.120,-5.832E-2
22.125,-0.120,-5.859E-2
22.141,-0.121,-5.859E-2
22.158,-0.121,-5.855E-2
22.175,-0.122,-5.855E-2
22.192,-0.121,-5.944E-2
22.208,-0.121,-5.947E-2
22.225,-0.120,-6.016E-2
22.242,-0.121,-6.047E-2
22.258,-0.120,-6.219E-2
22.275,-0.120,-6.306E-2
22.292,-0.120,-6.296E-2
22.308,-0.121,-6.223E-2
22.325,-0.120,-6.213E-2
22.342,-0.122,-6.135E-2
22.358,-0.122,-6.121E-2
22.375,-0.122,-6.108E-2
22.392,-0.122,-6.038E-2
22.408,-0.121,-6.017E-2
22.425,-0.122,-5.957E-2
22.442,-0.122,-5.942E-2
22.458,-0.122,-5.857E-2
22.475,-0.123,-5.772E-2
22.492,-0.123,-5.670E-2
22.508,-0.123,-5.546E-2
22.525,-0.122,-5.407E-2
22.542,-0.122,-5.394E-2
22.558,-0.121,-5.570E-2
22.575,-0.121,-5.568E-2
22.592,-0.119,-5.574E-2
22.608,-0.118,-5.608E-2
22.625,-0.117,-5.487E-2
22.642,-0.117,-5.476E-2
22.658,-0.116,-5.390E-2
22.675,-0.117,-5.230E-2
22.692,-0.116,-5.119E-2
22.708,-0.117,-4.862E-2
22.725,-0.117,-4.666E-2
22.742,-0.117,-4.417E-2
22.758,-0.118,-4.225E-2
22.775,-0.119,-3.961E-2
22.792,-0.118,-3.763E-2
22.808,-0.119,-3.710E-2
22.825,-0.120,-3.570E-2
22.842,-0.121,-3.483E-2
22.858,-0.121,-3.465E-2
22.875,-0.121,-3.243E-2
22.892,-0.121,-3.321E-2
22.908,-0.120,-3.671E-2
22.925,-0.120,-3.577E-2
22.942,-0.119,-3.672E-2
22.958,-0.119,-3.979E-2
22.975,-0.119,-3.928E-2
22.992,-0.119,-4.047E-2
23.008,-0.119,-4.217E-2
23.025,-0.119,-4.229E-2
23.042,-0.119,-4.201E-2
23.059,-0.120,-4.112E-2
23.075,-0.120,-4.025E-2
23.092,-0.121,-3.865E-2
23.109,-0.121,-3.853E-2
23.125,-0.122,-3.765E-2
23.142,-0.122,-3.760E-2
23.159,-0.121,-3.755E-2
23.175,-0.121,-3.776E-2
23.192,-0.120,-4.074E-2
23.209,-0.119,-4.036E-2
23.225,-0.118,-4.112E-2
23.242,-0.119,-4.053E-2
23.259,-0.119,-4.050E-2
23.275,-0.119,-4.044E-2
23.292,-0.119,-4.031E-2
23.309,-0.119,-4.037E-2
23.325,-0.120,-4.039E-2
23.342,-0.120,-4.040E-2
23.359,-0.121,-4.029E-2
23.375,-0.122,-3.958E-2
23.392,-0.123,-3.940E-2
23.409,-0.124,-3.951E-2
23.425,-0.124,-4.000E-2
23.442,-0.123,-4.291E-2
23.459,-0.123,-4.337E-2
23.475,-0.124,-4.201E-2
23.492,-0.124,-4.215E-2
23.509,-0.124,-4.291E-2
23.525,-0.124,-4.315E-2
23.542,-0.123,-4.393E-2
23.559,-0.124,-4.465E-2
23.575,-0.124,-4.483E-2
23.592,-0.124,-4.577E-2
23.609,-0.124,-4.662E-2
23.625,-0.125,-4.748E-2
23.642,-0.125,-4.853E-2
23.659,-0.124,-5.043E-2
23.675,-0.124,-5.301E-2
23.692,-0.124,-5.399E-2
23.709,-0.123,-5.490E-2
23.725,-0.123,-5.581E-2
23.742,-0.123,-5.584E-2
23.759,-0.124,-5.614E-2
23.775,-0.124,-5.574E-2
23.792,-0.123,-5.781E-2
23.809,-0.123,-5.564E-2
23.825,-0.123,-5.701E-2
23.842,-0.123,-5.682E-2
23.859,-0.122,-5.695E-2
23.875,-0.120,-5.581E-2
23.892,-0.121,-5.588E-2
23.909,-0.120,-5.666E-2
23.925,-0.120,-5.671E-2
23.942,-0.120,-5.670E-2
23.959,-0.120,-5.683E-2
23.976,-0.120,-5.754E-2
23.992,-0.120,-5.840E-2
24.009,-0.120,-6.022E-2
24.026,-0.119,-6.207E-2
24.042,-0.119,-6.389E-2
24.059,-0.119,-6.479E-2
24.076,-0.119,-6.476E-2
24.092,-0.120,-6.309E-2
24.109,-0.120,-6.127E-2
24.126,-0.120,-5.935E-2
24.142,-0.121,-5.757E-2
24.159,-0.121,-5.578E-2
24.176,-0.121,-5.492E-2
24.192,-0.121,-5.409E-2
24.209,-0.121,-5.383E-2
24.226,-0.121,-5.312E-2
24.242,-0.120,-5.394E-2
24.259,-0.120,-5.400E-2
24.276,-0.119,-5.409E-2
24.292,-0.119,-5.405E-2
24.309,-0.118,-5.398E-2
24.326,-0.117,-5.304E-2
24.342,-0.118,-5.140E-2
24.359,-0.117,-5.036E-2
24.376,-0.117,-4.848E-2
24.392,-0.118,-4.590E-2
24.409,-0.118,-4.410E-2
24.426,-0.118,-4.296E-2
24.442,-0.119,-4.131E-2
24.459,-0.119,-4.051E-2
24.476,-0.118,-4.039E-2
24.492,-0.118,-4.042E-2
24.509,-0.118,-4.053E-2
24.526,-0.117,-4.130E-2
24.542,-0.117,-4.204E-2
24.559,-0.117,-4.223E-2
24.576,-0.117,-4.223E-2
24.592,-0.118,-4.223E-2
24.609,-0.118,-4.236E-2
24.626,-0.118,-4.237E-2
24.642,-0.119,-4.304E-2
24.659,-0.119,-4.310E-2
24.676,-0.120,-4.216E-2
24.692,-0.121,-4.115E-2
24.709,-0.121,-4.035E-2
24.726,-0.122,-4.024E-2
24.742,-0.122,-4.035E-2
24.759,-0.122,-4.048E-2
24.776,-0.123,-4.201E-2
24.792,-0.123,-4.386E-2
24.809,-0.123,-4.407E-2
24.826,-0.122,-4.592E-2
24.842,-0.122,-4.942E-2
24.859,-0.122,-5.223E-2
24.876,-0.121,-5.503E-2
24.893,-0.121,-5.808E-2
24.909,-0.122,-6.046E-2
24.926,-0.121,-6.302E-2
24.943,-0.122,-6.391E-2
24.959,-0.123,-6.378E-2
24.976,-0.123,-6.392E-2
24.993,-0.123,-6.396E-2
25.009,-0.123,-6.666E-2
25.026,-0.122,-6.739E-2
25.043,-0.121,-6.841E-2
25.059,-0.120,-6.684E-2
25.076,-0.119,-6.669E-2
25.093,-0.119,-6.476E-2
25.109,-0.119,-6.323E-2
25.126,-0.118,-6.132E-2
25.143,-0.118,-5.960E-2
25.159,-0.118,-5.831E-2
25.176,-0.118,-5.683E-2
25.193,-0.117,-5.674E-2
25.209,-0.117,-5.684E-2
25.226,-0.116,-5.760E-2
25.243,-0.116,-5.767E-2
25.259,-0.116,-5.760E-2
25.276,-0.116,-5.683E-2
25.293,-0.116,-5.582E-2
25.309,-0.115,-5.481E-2
25.326,-0.115,-5.404E-2
25.343,-0.116,-5.324E-2
25.359,-0.116,-5.258E-2
25.376,-0.116,-5.147E-2
25.393,-0.116,-5.050E-2
25.409,-0.116,-4.946E-2
25.426,-0.116,-4.857E-2
25.443,-0.116,-4.784E-2
25.459,-0.115,-4.785E-2
25.476,-0.114,-4.788E-2
25.493,-0.114,-4.856E-2
25.509,-0.113,-4.867E-2
25.526,-0.114,-4.876E-2
25.543,-0.115,-4.867E-2
25.559,-0.116,-4.868E-2
25.576,-0.116,-4.870E-2
25.593,-0.117,-4.870E-2
25.609,-0.117,-4.870E-2
25.626,-0.118,-4.864E-2
25.643,-0.118,-4.865E-2
25.659,-0.119,-4.853E-2
25.676,-0.120,-4.766E-2
25.693,-0.120,-4.756E-2
25.709,-0.120,-4.753E-2
25.726,-0.120,-4.681E-2
25.743,-0.120,-4.682E-2
25.759,-0.120,-4.749E-2
25.776,-0.120,-4.753E-2
25.793,-0.120,-4.847E-2
25.810,-0.120,-4.943E-2
25.826,-0.119,-5.037E-2
25.843,-0.118,-5.136E-2
25.860,-0.118,-5.222E-2
25.876,-0.117,-5.316E-2
25.893,-0.117,-5.390E-2
25.910,-0.117,-5.420E-2
25.926,-0.118,-5.416E-2
25.943,-0.118,-5.389E-2
25.960,-0.119,-5.294E-2
25.976,-0.120,-5.145E-2
25.993,-0.120,-5.051E-2
26.010,-0.121,-4.937E-2
26.026,-0.121,-4.864E-2
26.043,-0.121,-4.846E-2
26.060,-0.122,-5.012E-2
26.076,-0.121,-4.944E-2
26.093,-0.122,-4.586E-2
26.110,-0.122,-4.501E-2
26.126,-0.122,-4.491E-2
26.143,-0.121,-4.408E-2
26.160,-0.122,-4.410E-2
26.176,-0.122,-4.410E-2
26.193,-0.122,-4.410E-2
26.210,-0.122,-4.400E-2
26.226,-0.122,-4.386E-2
26.243,-0.122,-4.305E-2
26.260,-0.121,-4.304E-2
26.276,-0.121,-4.225E-2
26.293,-0.121,-4.225E-2
26.310,-0.121,-4.237E-2
26.326,-0.121,-4.229E-2
26.343,-0.122,-4.135E-2
26.360,-0.123,-4.129E-2
26.376,-0.124,-4.108E-2
26.393,-0.124,-4.117E-2
26.410,-0.124,-4.373E-2
26.426,-0.124,-4.262E-2
26.443,-0.124,-4.368E-2
26.460,-0.124,-4.491E-2
26.476,-0.123,-4.679E-2
26.493,-0.123,-4.852E-2
26.510,-0.122,-5.045E-2
26.526,-0.122,-5.212E-2
26.543,-0.123,-5.305E-2
26.560,-0.124,-5.399E-2
26.576,-0.124,-5.491E-2
26.593,-0.124,-5.588E-2
26.610,-0.125,-5.675E-2
26.626,-0.125,-5.765E-2
26.643,-0.125,-5.913E-2
26.660,-0.125,-5.944E-2
26.677,-0.125,-6.094E-2
26.693,-0.125,-6.215E-2
26.710,-0.125,-6.398E-2
26.727,-0.124,-6.546E-2
26.743,-0.124,-6.672E-2
26.760,-0.124,-6.748E-2
26.777,-0.125,-6.767E-2
26.793,-0.125,-6.756E-2
26.810,-0.125,-6.736E-2
26.827,-0.125,-6.675E-2
26.843,-0.126,-6.873E-2
26.860,-0.126,-6.842E-2
26.877,-0.125,-6.836E-2
26.893,-0.125,-6.781E-2
26.910,-0.123,-6.761E-2
26.927,-0.124,-6.603E-2
26.943,-0.123,-6.401E-2
26.960,-0.123,-6.222E-2
26.977,-0.122,-6.280E-2
26.993,-0.122,-5.945E-2
27.010,-0.121,-5.843E-2
27.027,-0.120,-5.674E-2
27.043,-0.120,-5.572E-2
27.060,-0.119,-5.487E-2
27.077,-0.119,-5.415E-2
27.093,-0.119,-5.375E-2
27.110,-0.118,-5.394E-2
27.127,-0.118,-5.413E-2
27.143,-0.118,-5.412E-2
27.160,-0.117,-5.388E-2
27.177,-0.117,-5.227E-2
27.193,-0.117,-5.039E-2
27.210,-0.117,-4.851E-2
27.227,-0.118,-4.690E-2
27.243,-0.118,-4.595E-2
27.260,-0.118,-4.598E-2
27.277,-0.118,-4.593E-2
27.293,-0.119,-4.579E-2
27.310,-0.119,-4.566E-2
27.327,-0.119,-4.501E-2
27.343,-0.120,-4.502E-2
27.360,-0.120,-4.525E-2
27.377,-0.120,-4.574E-2
27.393,-0.120,-4.657E-2
27.410,-0.120,-4.774E-2
27.427,-0.120,-4.951E-2
27.443,-0.120,-5.123E-2
27.460,-0.120,-5.212E-2
27.477,-0.120,-5.223E-2
27.493,-0.120,-5.219E-2
27.510,-0.120,-5.202E-2
27.527,-0.121,-5.210E-2
27.543,-0.121,-5.119E-2
27.560,-0.122,-5.034E-2
27.577,-0.123,-4.863E-2
27.594,-0.124,-4.840E-2
27.610,-0.125,-4.843E-2
27.627,-0.124,-4.849E-2
27.644,-0.125,-4.859E-2
27.660,-0.125,-4.920E-2
27.677,-0.126,-4.943E-2
27.694,-0.126,-4.949E-2
27.710,-0.126,-5.026E-2
27.727,-0.126,-5.300E-2
27.744,-0.127,-5.292E-2
27.760,-0.127,-5.282E-2
27.777,-0.126,-5.349E-2
27.794,-0.126,-5.375E-2
27.810,-0.125,-5.412E-2
27.827,-0.123,-5.470E-2
27.844,-0.123,-5.463E-2
27.860,-0.122,-5.445E-2
27.877,-0.120,-5.231E-2
27.894,-0.121,-5.298E-2
27.910,-0.121,-5.299E-2
27.927,-0.120,-5.314E-2
27.944,-0.121,-5.307E-2
27.960,-0.121,-5.308E-2
27.977,-0.121,-5.313E-2
27.994,-0.120,-5.382E-2
28.010,-0.121,-5.401E-2
28.027,-0.120,-5.469E-2
28.044,-0.120,-5.468E-2
28.060,-0.121,-5.496E-2
28.077,-0.122,-5.492E-2
28.094,-0.122,-5.497E-2
28.110,-0.122,-5.490E-2
28.127,-0.122,-5.482E-2
28.144,-0.122,-5.498E-2
28.160,-0.121,-5.570E-2
28.177,-0.121,-5.585E-2
28.194,-0.121,-5.687E-2
28.210,-0.120,-5.838E-2
28.227,-0.121,-5.859E-2
28.244,-0.121,-5.866E-2
28.260,-0.121,-5.748E-2
28.277,-0.122,-5.575E-2
28.294,-0.123,-5.466E-2
28.310,-0.124,-5.393E-2
28.327,-0.125,-5.376E-2
28.344,-0.126,-5.308E-2
28.360,-0.125,-5.384E-2
28.377,-0.125,-5.482E-2
28.394,-0.124,-5.578E-2
28.410,-0.124,-5.670E-2
28.427,-0.123,-5.702E-2
28.444,-0.124,-5.680E-2
28.460,-0.124,-5.669E-2
28.477,-0.125,-5.794E-2
28.494,-0.125,-5.577E-2
28.511,-0.126,-5.785E-2
28.527,-0.125,-5.821E-2
28.544,-0.125,-5.884E-2
28.561,-0.123,-5.973E-2
28.577,-0.123,-6.031E-2
28.594,-0.122,-6.062E-2
28.611,-0.122,-5.857E-2
28.627,-0.121,-5.845E-2
28.644,-0.122,-5.746E-2
28.661,-0.122,-5.575E-2
28.677,-0.123,-5.462E-2
28.694,-0.123,-5.305E-2
28.711,-0.124,-5.218E-2
28.727,-0.124,-5.167E-2
28.744,-0.124,-5.042E-2
28.761,-0.125,-4.939E-2
28.777,-0.125,-5.106E-2
28.794,-0.125,-5.101E-2
28.811,-0.125,-5.019E-2
28.827,-0.124,-5.260E-2
28.844,-0.124,-5.367E-2
28.861,-0.123,-5.309E-2
28.877,-0.121,-5.501E-2
28.894,-0.121,-5.759E-2
28.911,-0.121,-5.850E-2
28.927,-0.121,-5.839E-2
28.944,-0.122,-5.679E-2
28.961,-0.122,-5.494E-2
28.977,-0.122,-5.295E-2
28.994,-0.123,-5.111E-2
29.011,-0.123,-5.025E-2
29.027,-0.123,-4.864E-2
29.044,-0.123,-4.854E-2
29.061,-0.123,-4.843E-2
29.077,-0.123,-4.849E-2
29.094,-0.122,-4.846E-2
29.111,-0.122,-4.846E-2
29.127,-0.122,-4.844E-2
29.144,-0.120,-4.760E-2
29.161,-0.120,-4.748E-2
29.177,-0.120,-4.663E-2
29.194,-0.120,-4.808E-2
29.211,-0.119,-4.580E-2
29.227,-0.119,-4.505E-2
29.244,-0.119,-4.503E-2
29.261,-0.118,-4.509E-2
29.277,-0.117,-4.597E-2
29.294,-0.116,-4.661E-2
29.311,-0.116,-4.679E-2
29.327,-0.116,-4.686E-2
29.344,-0.116,-4.661E-2
29.361,-0.117,-4.579E-2
29.377,-0.117,-4.493E-2
29.394,-0.118,-4.410E-2
29.411,-0.119,-4.416E-2
29.428,-0.120,-4.498E-2
29.444,-0.120,-4.594E-2
29.461,-0.119,-4.748E-2
29.478,-0.119,-4.842E-2
29.494,-0.119,-4.854E-2
29.511,-0.119,-4.841E-2
29.528,-0.119,-4.770E-2
29.544,-0.120,-4.675E-2
29.561,-0.120,-4.597E-2
29.578,-0.120,-4.593E-2
29.594,-0.120,-4.613E-2
29.611,-0.120,-4.650E-2
29.628,-0.121,-4.660E-2
29.644,-0.122,-4.683E-2
29.661,-0.121,-4.755E-2
29.678,-0.121,-4.758E-2
29.694,-0.122,-4.676E-2
29.711,-0.122,-4.654E-2
29.728,-0.122,-4.592E-2
29.744,-0.122,-4.594E-2
29.761,-0.122,-4.572E-2
29.778,-0.123,-4.576E-2
29.794,-0.124,-4.569E-2
29.811,-0.124,-4.582E-2
29.828,-0.125,-4.584E-2
29.844,-0.125,-4.668E-2
29.861,-0.126,-4.751E-2
29.878,-0.127,-4.840E-2
29.894,-0.127,-5.187E-2
29.911,-0.127,-5.378E-2
29.928,-0.126,-5.650E-2
29.944,-0.125,-5.920E-2
29.961,-0.124,-6.115E-2
29.978,-0.123,-6.250E-2
29.994,-0.122,-6.122E-2
30.011,-0.121,-6.120E-2
30.028,-0.120,-6.034E-2
30.044,-0.120,-5.941E-2
30.061,-0.121,-5.774E-2
30.078,-0.121,-5.673E-2
30.094,-0.120,-5.563E-2
30.111,-0.120,-5.413E-2
30.128,-0.120,-5.330E-2
30.144,-0.119,-5.299E-2
30.161,-0.119,-5.229E-2
30.178,-0.118,-5.208E-2
30.194,-0.118,-5.117E-2
30.211,-0.119,-4.960E-2
30.228,-0.119,-4.849E-2
30.244,-0.119,-4.778E-2
30.261,-0.119,-4.755E-2
30.278,-0.118,-4.750E-2
30.295,-0.118,-4.677E-2
30.311,-0.118,-4.596E-2
30.328,-0.118,-4.589E-2
30.345,-0.117,-4.595E-2
30.361,-0.117,-4.635E-2
30.378,-0.117,-4.686E-2
30.395,-0.117,-4.776E-2
30.411,-0.117,-4.871E-2
30.428,-0.117,-4.955E-2
30.445,-0.117,-4.961E-2
30.461,-0.116,-4.962E-2
30.478,-0.117,-4.873E-2
30.495,-0.117,-4.774E-2
30.511,-0.117,-4.684E-2
30.528,-0.117,-4.592E-2
30.545,-0.117,-4.569E-2
30.561,-0.117,-4.482E-2
30.578,-0.117,-4.388E-2
30.595,-0.118,-4.223E-2
30.611,-0.119,-4.046E-2
30.628,-0.119,-3.873E-2
30.645,-0.119,-3.848E-2
30.661,-0.119,-3.594E-2
30.678,-0.120,-3.506E-2
30.695,-0.120,-3.498E-2
30.711,-0.119,-3.576E-2
30.728,-0.119,-3.677E-2
30.745,-0.120,-3.766E-2
30.761,-0.120,-3.920E-2
30.778,-0.120,-4.021E-2
30.795,-0.120,-4.033E-2
30.811,-0.120,-4.001E-2
30.828,-0.120,-3.869E-2
30.845,-0.121,-3.768E-2
30.861,-0.121,-3.668E-2
30.878,-0.121,-3.583E-2
30.895,-0.122,-3.585E-2
30.911,-0.121,-3.665E-2
30.928,-0.121,-3.803E-2
30.945,-0.120,-3.954E-2
30.961,-0.120,-4.134E-2
30.978,-0.119,-4.209E-2
30.995,-0.120,-4.212E-2
31.011,-0.121,-4.141E-2
31.028,-0.120,-4.125E-2
31.045,-0.120,-4.124E-2
31.061,-0.121,-4.210E-2
31.078,-0.121,-4.301E-2
31.095,-0.120,-4.468E-2
31.111,-0.120,-4.680E-2
31.128,-0.120,-4.928E-2
31.145,-0.120,-5.130E-2
31.161,-0.121,-5.304E-2
31.178,-0.122,-5.317E-2
31.195,-0.124,-5.205E-2
31.212,-0.126,-5.023E-2
31.228,-0.127,-4.840E-2
31.245,-0.129,-4.754E-2
31.262,-0.130,-4.727E-2
31.278,-0.130,-4.732E-2
31.295,-0.130,-4.760E-2
31.312,-0.129,-5.097E-2
31.328,-0.128,-5.207E-2
31.345,-0.126,-5.355E-2
31.362,-0.125,-5.481E-2
31.378,-0.123,-5.674E-2
31.395,-0.122,-5.932E-2
31.412,-0.121,-6.215E-2
31.428,-0.121,-6.386E-2
31.445,-0.122,-6.304E-2
31.462,-0.122,-6.127E-2
31.478,-0.122,-5.929E-2
31.495,-0.123,-5.755E-2
31.512,-0.123,-5.581E-2
31.528,-0.123,-5.483E-2
31.545,-0.124,-5.467E-2
31.562,-0.124,-5.470E-2
31.578,-0.125,-5.480E-2
31.595,-0.125,-5.486E-2
31.612,-0.126,-5.480E-2
31.628,-0.126,-5.436E-2
31.645,-0.126,-5.382E-2
31.662,-0.127,-5.325E-2
31.678,-0.127,-5.309E-2
31.695,-0.126,-5.391E-2
31.712,-0.125,-5.603E-2
31.728,-0.124,-5.679E-2
31.745,-0.122,-5.850E-2
31.762,-0.121,-6.030E-2
31.778,-0.121,-6.136E-2
31.795,-0.120,-6.205E-2
31.812,-0.120,-6.128E-2
31.828,-0.120,-5.950E-2
31.845,-0.121,-5.835E-2
31.862,-0.120,-5.589E-2
31.878,-0.120,-5.380E-2
31.895,-0.121,-5.141E-2
31.912,-0.120,-5.043E-2
31.928,-0.121,-4.948E-2
31.945,-0.121,-4.880E-2
31.962,-0.121,-4.843E-2
31.978,-0.122,-4.749E-2
31.995,-0.122,-4.662E-2
32.012,-0.123,-4.592E-2
32.028,-0.123,-4.569E-2
32.045,-0.124,-4.391E-2
32.062,-0.124,-4.295E-2
32.078,-0.124,-4.201E-2
32.095,-0.124,-4.278E-2
32.112,-0.124,-4.120E-2
32.129,-0.124,-4.115E-2
32.145,-0.124,-4.111E-2
32.162,-0.124,-4.107E-2
32.179,-0.124,-4.103E-2
32.195,-0.124,-4.044E-2
32.212,-0.124,-4.107E-2
32.229,-0.124,-4.130E-2
32.245,-0.124,-4.203E-2
32.262,-0.124,-4.299E-2
32.279,-0.124,-4.369E-2
32.295,-0.124,-4.490E-2
32.312,-0.123,-4.672E-2
32.329,-0.122,-4.927E-2
32.345,-0.122,-5.129E-2
32.362,-0.122,-5.288E-2
32.379,-0.123,-5.255E-2
32.395,-0.123,-5.214E-2
32.412,-0.124,-5.212E-2
32.429,-0.125,-5.197E-2
32.445,-0.125,-5.123E-2
32.462,-0.125,-5.116E-2
32.479,-0.126,-5.034E-2
32.495,-0.126,-5.161E-2
32.512,-0.126,-4.856E-2
32.529,-0.126,-4.967E-2
32.545,-0.126,-4.753E-2
32.562,-0.126,-4.893E-2
32.579,-0.126,-4.887E-2
32.595,-0.125,-4.886E-2
32.612,-0.124,-4.946E-2
32.629,-0.124,-4.980E-2
32.645,-0.123,-5.077E-2
32.662,-0.121,-4.954E-2
32.679,-0.121,-5.107E-2
32.695,-0.120,-5.220E-2
32.712,-0.119,-5.328E-2
32.729,-0.118,-5.468E-2
32.745,-0.118,-5.444E-2
32.762,-0.118,-5.397E-2
32.779,-0.119,-5.234E-2
32.795,-0.119,-5.047E-2
32.812,-0.119,-4.945E-2
32.829,-0.120,-4.855E-2
32.845,-0.121,-4.775E-2
32.862,-0.121,-4.813E-2
32.879,-0.122,-4.868E-2
32.895,-0.121,-4.959E-2
32.912,-0.122,-5.103E-2
32.929,-0.122,-5.230E-2
32.945,-0.122,-5.435E-2
32.962,-0.122,-5.624E-2
32.979,-0.122,-5.799E-2
32.995,-0.122,-5.913E-2
33.012,-0.123,-6.017E-2
33.029,-0.123,-6.038E-2
33.046,-0.124,-5.949E-2
33.062,-0.124,-5.936E-2
33.079,-0.124,-5.853E-2
33.096,-0.124,-5.733E-2
33.112,-0.124,-5.668E-2
33.129,-0.123,-5.671E-2
33.146,-0.123,-5.680E-2
33.162,-0.122,-5.800E-2
33.179,-0.122,-5.855E-2
33.196,-0.121,-5.855E-2
33.212,-0.121,-5.847E-2
33.229,-0.121,-5.772E-2
33.246,-0.121,-5.679E-2
33.262,-0.121,-5.663E-2
33.279,-0.121,-5.589E-2
33.296,-0.120,-5.572E-2
33.312,-0.120,-5.587E-2
33.329,-0.120,-5.573E-2
33.346,-0.120,-5.564E-2
33.362,-0.120,-5.531E-2
33.379,-0.120,-5.504E-2
33.396,-0.120,-5.471E-2
33.412,-0.120,-5.373E-2
33.429,-0.120,-5.286E-2
33.446,-0.120,-5.149E-2
33.462,-0.119,-5.126E-2
33.479,-0.119,-5.126E-2
33.496,-0.120,-5.130E-2
33.512,-0.119,-5.224E-2
33.529,-0.119,-5.318E-2
33.546,-0.119,-5.492E-2
33.562,-0.118,-5.746E-2
33.579,-0.119,-5.961E-2
33.596,-0.118,-6.194E-2
33.612,-0.119,-6.225E-2
33.629,-0.119,-6.191E-2
33.646,-0.120,-6.139E-2
33.662,-0.120,-6.118E-2
33.679,-0.120,-6.116E-2
33.696,-0.120,-6.110E-2
33.712,-0.120,-6.128E-2
33.729,-0.119,-6.179E-2
33.746,-0.120,-6.135E-2
33.762,-0.120,-6.022E-2
33.779,-0.120,-5.759E-2
33.796,-0.121,-5.480E-2
33.812,-0.121,-5.217E-2
33.829,-0.122,-4.947E-2
33.846,-0.122,-4.742E-2
33.862,-0.121,-4.570E-2
33.879,-0.122,-4.427E-2
33.896,-0.121,-4.399E-2
33.913,-0.121,-4.384E-2
33.929,-0.119,-4.388E-2
33.946,-0.119,-4.397E-2
33.963,-0.119,-4.398E-2
33.979,-0.118,-4.352E-2
33.996,-0.118,-4.321E-2
34.013,-0.118,-4.316E-2
34.029,-0.118,-4.320E-2
34.046,-0.117,-4.402E-2
34.063,-0.117,-4.490E-2
34.079,-0.116,-4.590E-2
34.096,-0.117,-4.596E-2
34.113,-0.116,-4.663E-2
34.129,-0.116,-4.687E-2
34.146,-0.116,-4.778E-2
34.163,-0.115,-4.954E-2
34.179,-0.115,-5.143E-2
34.196,-0.116,-5.317E-2
34.213,-0.115,-5.486E-2
34.229,-0.116,-5.571E-2
34.246,-0.116,-5.657E-2
34.263,-0.117,-5.685E-2
34.279,-0.117,-5.694E-2
34.296,-0.117,-5.771E-2
34.313,-0.118,-5.779E-2
34.329,-0.118,-5.843E-2
34.346,-0.118,-5.859E-2
34.363,-0.118,-5.902E-2
34.379,-0.118,-5.952E-2
34.396,-0.118,-6.085E-2
34.413,-0.118,-6.132E-2
34.429,-0.118,-6.131E-2
34.446,-0.118,-6.131E-2
34.463,-0.118,-6.106E-2
34.479,-0.119,-6.077E-2
34.496,-0.119,-6.044E-2
34.513,-0.118,-6.112E-2
34.529,-0.119,-6.128E-2
34.546,-0.118,-6.205E-2
34.563,-0.119,-6.214E-2
34.579,-0.119,-6.212E-2
34.596,-0.119,-6.217E-2
34.613,-0.118,-6.277E-2
34.629,-0.118,-6.356E-2
34.646,-0.118,-6.385E-2
34.663,-0.118,-6.381E-2
34.679,-0.118,-6.310E-2
34.696,-0.119,-6.205E-2
34.713,-0.119,-6.025E-2
34.729,-0.120,-5.780E-2
34.746,-0.119,-5.587E-2
34.763,-0.120,-5.450E-2
34.779,-0.120,-5.374E-2
34.796,-0.120,-5.314E-2
34.813,-0.120,-5.303E-2
34.830,-0.119,-5.299E-2
34.846,-0.120,-5.225E-2
34.863,-0.120,-5.214E-2
34.880,-0.120,-5.223E-2
34.896,-0.120,-5.231E-2
34.913,-0.120,-5.309E-2
34.930,-0.120,-5.400E-2
34.946,-0.119,-5.512E-2
34.963,-0.119,-5.591E-2
34.980,-0.118,-5.686E-2
34.996,-0.118,-5.821E-2
35.013,-0.118,-5.951E-2
35.030,-0.118,-6.050E-2
35.046,-0.117,-6.204E-2
35.063,-0.117,-6.292E-2
35.080,-0.118,-6.237E-2
35.096,-0.119,-6.134E-2
35.113,-0.119,-5.955E-2
35.130,-0.120,-5.757E-2
35.146,-0.121,-5.592E-2
35.163,-0.120,-5.473E-2
35.180,-0.121,-5.322E-2
35.196,-0.121,-5.283E-2
35.213,-0.121,-5.212E-2
35.230,-0.122,-5.126E-2
35.246,-0.122,-5.122E-2
35.263,-0.122,-5.102E-2
35.280,-0.123,-5.115E-2
35.296,-0.123,-5.120E-2
35.313,-0.123,-5.122E-2
35.330,-0.123,-5.119E-2
35.346,-0.123,-5.118E-2
35.363,-0.123,-5.113E-2
35.380,-0.123,-5.134E-2
35.396,-0.122,-5.227E-2
35.413,-0.122,-5.391E-2
35.430,-0.121,-5.574E-2
35.446,-0.121,-5.843E-2
35.463,-0.120,-6.113E-2
35.480,-0.121,-6.300E-2
35.496,-0.121,-6.314E-2
35.513,-0.122,-6.124E-2
35.530,-0.122,-5.938E-2
35.546,-0.123,-5.769E-2
35.563,-0.123,-5.666E-2
35.580,-0.123,-5.629E-2
35.596,-0.123,-5.582E-2
35.613,-0.124,-5.664E-2
35.630,-0.123,-5.699E-2
35.646,-0.123,-5.767E-2
35.663,-0.123,-5.853E-2
35.680,-0.123,-5.854E-2
35.696,-0.123,-5.852E-2
35.713,-0.124,-5.849E-2
35.730,-0.124,-5.820E-2
35.747,-0.125,-5.759E-2
35.763,-0.126,-5.768E-2
35.780,-0.125,-5.809E-2
35.797,-0.125,-5.923E-2
35.813,-0.125,-6.032E-2
35.830,-0.125,-6.203E-2
35.847,-0.125,-6.367E-2
35.863,-0.125,-6.462E-2
35.880,-0.125,-6.483E-2
35.897,-0.124,-6.487E-2
35.913,-0.124,-6.465E-2
35.930,-0.124,-6.406E-2
35.947,-0.123,-6.355E-2
35.963,-0.123,-6.316E-2
35.980,-0.122,-6.307E-2
35.997,-0.123,-6.275E-2
36.013,-0.123,-6.183E-2
36.030,-0.123,-6.102E-2
36.047,-0.122,-6.023E-2
36.063,-0.122,-5.945E-2
36.080,-0.121,-5.933E-2
36.097,-0.122,-5.866E-2
36.113,-0.121,-5.844E-2
36.130,-0.121,-5.771E-2
36.147,-0.121,-5.766E-2
36.163,-0.121,-5.833E-2
36.180,-0.121,-5.854E-2
36.197,-0.122,-5.849E-2
36.213,-0.121,-5.846E-2
36.230,-0.122,-5.765E-2
36.247,-0.122,-5.671E-2
36.263,-0.122,-5.579E-2
36.280,-0.122,-5.475E-2
36.297,-0.122,-5.402E-2
36.313,-0.123,-5.391E-2
36.330,-0.122,-5.402E-2
36.347,-0.122,-5.439E-2
36.363,-0.123,-5.493E-2
36.380,-0.122,-5.582E-2
36.397,-0.122,-5.675E-2
36.413,-0.121,-5.773E-2
36.430,-0.122,-5.915E-2
36.447,-0.121,-6.031E-2
36.463,-0.120,-6.129E-2
36.480,-0.121,-6.124E-2
36.497,-0.120,-6.125E-2
36.513,-0.121,-6.032E-2
36.530,-0.122,-5.954E-2
36.547,-0.122,-5.912E-2
36.563,-0.123,-5.848E-2
36.580,-0.124,-5.748E-2
36.597,-0.124,-5.971E-2
36.614,-0.123,-5.826E-2
36.630,-0.122,-5.950E-2
36.647,-0.122,-6.034E-2
36.664,-0.122,-6.128E-2
36.680,-0.122,-6.215E-2
36.697,-0.122,-6.309E-2
36.714,-0.122,-6.382E-2
36.730,-0.122,-6.383E-2
36.747,-0.122,-6.288E-2
36.764,-0.123,-6.131E-2
36.780,-0.122,-6.020E-2
36.797,-0.123,-5.859E-2
36.814,-0.124,-5.761E-2
36.830,-0.124,-5.666E-2
36.847,-0.125,-5.664E-2
36.864,-0.125,-5.669E-2
36.880,-0.126,-5.674E-2
36.897,-0.127,-5.748E-2
36.914,-0.126,-5.762E-2
36.930,-0.127,-5.813E-2
36.947,-0.128,-5.840E-2
36.964,-0.128,-6.091E-2
36.980,-0.127,-6.162E-2
36.997,-0.126,-6.281E-2
37.014,-0.125,-6.428E-2
37.030,-0.124,-6.383E-2
37.047,-0.124,-6.381E-2
37.064,-0.124,-6.384E-2
37.080,-0.124,-6.352E-2
37.097,-0.124,-6.353E-2
37.114,-0.123,-6.316E-2
37.130,-0.123,-6.335E-2
37.147,-0.123,-6.306E-2
37.164,-0.123,-6.317E-2
37.180,-0.122,-6.370E-2
37.197,-0.123,-6.397E-2
37.214,-0.123,-6.406E-2
37.230,-0.122,-6.482E-2
37.247,-0.122,-6.496E-2
37.264,-0.122,-6.591E-2
37.280,-0.122,-6.592E-2
37.297,-0.122,-6.562E-2
37.314,-0.122,-6.405E-2
37.330,-0.123,-6.290E-2
37.347,-0.123,-6.124E-2
37.364,-0.123,-5.981E-2
37.380,-0.124,-6.066E-2
37.397,-0.123,-5.935E-2
37.414,-0.123,-5.832E-2
37.430,-0.123,-5.664E-2
37.447,-0.123,-5.392E-2
37.464,-0.122,-5.281E-2
37.480,-0.122,-5.287E-2
37.497,-0.121,-5.213E-2
37.514,-0.120,-5.216E-2
37.531,-0.120,-5.217E-2
37.547,-0.121,-5.133E-2
37.564,-0.120,-5.041E-2
37.581,-0.122,-4.952E-2
37.597,-0.122,-4.849E-2
37.614,-0.122,-4.776E-2
37.631,-0.122,-4.757E-2
37.647,-0.122,-4.765E-2
37.664,-0.122,-4.837E-2
37.681,-0.122,-4.923E-2
37.697,-0.121,-4.931E-2
37.714,-0.121,-4.950E-2
37.731,-0.121,-4.950E-2
37.747,-0.121,-4.954E-2
37.764,-0.121,-4.942E-2
37.781,-0.121,-4.937E-2
37.797,-0.122,-4.870E-2
37.814,-0.122,-4.850E-2
37.831,-0.122,-4.829E-2
37.847,-0.122,-4.747E-2
37.864,-0.123,-4.758E-2
37.881,-0.123,-4.767E-2
37.897,-0.122,-4.751E-2
37.914,-0.122,-4.765E-2
37.931,-0.122,-4.846E-2
37.947,-0.122,-4.857E-2
37.964,-0.122,-4.924E-2
37.981,-0.122,-4.950E-2
37.997,-0.122,-5.037E-2
38.014,-0.123,-5.329E-2
38.031,-0.122,-5.298E-2
38.047,-0.122,-5.392E-2
38.064,-0.121,-5.425E-2
38.081,-0.122,-5.485E-2
38.097,-0.122,-5.495E-2
38.114,-0.121,-5.561E-2
38.131,-0.122,-5.574E-2
38.147,-0.123,-5.587E-2
38.164,-0.122,-5.589E-2
38.181,-0.122,-5.590E-2
38.197,-0.123,-5.671E-2
38.214,-0.123,-5.758E-2
38.231,-0.122,-5.834E-2
38.247,-0.123,-5.861E-2
38.264,-0.123,-5.862E-2
38.281,-0.122,-5.863E-2
38.297,-0.122,-5.934E-2
38.314,-0.121,-6.024E-2
38.331,-0.122,-6.121E-2
38.347,-0.122,-6.201E-2
38.364,-0.122,-6.210E-2
38.381,-0.123,-6.135E-2
38.397,-0.123,-6.107E-2
38.414,-0.123,-6.001E-2
38.431,-0.123,-5.862E-2
38.448,-0.124,-5.830E-2
38.464,-0.124,-5.771E-2
38.481,-0.124,-5.759E-2
38.498,-0.125,-6.005E-2
38.514,-0.124,-6.058E-2
38.531,-0.123,-6.162E-2
38.548,-0.123,-6.125E-2
38.564,-0.122,-6.207E-2
38.581,-0.123,-6.126E-2
38.598,-0.123,-6.044E-2
38.614,-0.124,-5.950E-2
38.631,-0.124,-5.871E-2
38.648,-0.124,-5.864E-2
38.664,-0.124,-5.882E-2
38.681,-0.124,-5.914E-2
38.698,-0.124,-5.884E-2
38.714,-0.125,-5.922E-2
38.731,-0.125,-5.930E-2
38.748,-0.126,-5.929E-2
38.764,-0.126,-5.941E-2
38.781,-0.126,-5.942E-2
38.798,-0.127,-5.948E-2
38.814,-0.127,-5.946E-2
38.831,-0.127,-6.013E-2
38.848,-0.127,-6.112E-2
38.864,-0.127,-6.203E-2
38.881,-0.126,-6.364E-2
38.898,-0.125,-6.474E-2
38.914,-0.125,-6.654E-2
38.931,-0.124,-6.758E-2
38.948,-0.124,-6.830E-2
38.964,-0.124,-6.822E-2
38.981,-0.124,-6.762E-2
38.998,-0.124,-6.758E-2
39.014,-0.124,-6.759E-2
39.031,-0.125,-6.754E-2
39.048,-0.125,-6.767E-2
39.064,-0.125,-6.817E-2
39.081,-0.125,-6.767E-2
39.098,-0.125,-6.757E-2
39.114,-0.125,-6.762E-2
39.131,-0.125,-6.954E-2
39.148,-0.124,-6.847E-2
39.164,-0.123,-6.926E-2
39.181,-0.123,-6.950E-2
39.198,-0.123,-7.025E-2
39.214,-0.123,-7.028E-2
39.231,-0.123,-6.995E-2
39.248,-0.122,-6.881E-2
39.264,-0.122,-6.760E-2
39.281,-0.121,-6.752E-2
39.298,-0.121,-6.747E-2
39.314,-0.120,-6.760E-2
39.331,-0.120,-6.848E-2
39.348,-0.120,-6.933E-2
39.365,-0.120,-6.932E-2
39.381,-0.121,-6.820E-2
39.398,-0.120,-6.668E-2
39.415,-0.122,-6.487E-2
39.431,-0.122,-6.311E-2
39.448,-0.122,-6.217E-2
39.465,-0.123,-6.129E-2
39.481,-0.122,-6.123E-2
39.498,-0.122,-6.133E-2
39.515,-0.122,-6.217E-2
39.531,-0.122,-6.315E-2
39.548,-0.121,-6.385E-2
39.565,-0.121,-6.395E-2
39.581,-0.121,-6.325E-2
39.598,-0.120,-6.308E-2
39.615,-0.120,-6.290E-2
39.631,-0.121,-6.228E-2
39.648,-0.120,-6.216E-2
39.665,-0.120,-6.149E-2
39.681,-0.121,-6.125E-2
39.698,-0.122,-6.034E-2
39.715,-0.122,-5.972E-2
39.731,-0.121,-5.940E-2
39.748,-0.122,-5.867E-2
39.765,-0.122,-5.846E-2
39.781,-0.121,-5.848E-2
39.798,-0.122,-5.856E-2
39.815,-0.122,-5.865E-2
39.831,-0.123,-5.865E-2
39.848,-0.123,-5.864E-2
39.865,-0.124,-5.856E-2
39.881,-0.125,-5.764E-2
39.898,-0.125,-5.739E-2
39.915,-0.126,-5.663E-2
39.931,-0.126,-5.571E-2
39.948,-0.126,-5.571E-2
39.965,-0.126,-5.492E-2
39.981,-0.124,-5.700E-2
39.998,-0.124,-5.701E-2
40.015,-0.124,-5.699E-2
40.031,-0.123,-5.686E-2
40.048,-0.123,-5.468E-2
40.065,-0.123,-5.398E-2
40.081,-0.124,-5.388E-2
40.098,-0.123,-5.392E-2
40.115,-0.124,-5.315E-2
40.131,-0.124,-5.301E-2
40.148,-0.124,-5.207E-2
40.165,-0.124,-5.137E-2
40.181,-0.123,-5.136E-2
40.198,-0.123,-5.420E-2
40.215,-0.122,-5.320E-2
40.232,-0.121,-5.479E-2
40.248,-0.121,-5.578E-2
40.265,-0.120,-5.682E-2
40.282,-0.120,-5.767E-2
40.298,-0.119,-5.817E-2
40.315,-0.120,-5.843E-2
40.332,-0.120,-5.837E-2
40.348,-0.120,-5.841E-2
40.365,-0.121,-5.869E-2
40.382,-0.121,-5.949E-2
40.398,-0.122,-5.951E-2
40.415,-0.122,-5.951E-2
40.432,-0.122,-5.944E-2
40.448,-0.123,-5.949E-2
40.465,-0.123,-5.944E-2
40.482,-0.123,-5.922E-2
40.498,-0.124,-5.885E-2
40.515,-0.124,-5.916E-2
40.532,-0.124,-5.853E-2
40.548,-0.123,-5.855E-2
40.565,-0.123,-5.859E-2
40.582,-0.122,-5.864E-2
40.598,-0.122,-5.918E-2
40.615,-0.121,-5.867E-2
40.632,-0.120,-5.839E-2
40.648,-0.120,-5.735E-2
40.665,-0.120,-5.588E-2
40.682,-0.120,-5.495E-2
40.698,-0.120,-5.403E-2
40.715,-0.120,-5.321E-2
40.732,-0.119,-5.315E-2
40.748,-0.119,-5.308E-2
40.765,-0.119,-5.326E-2
40.782,-0.118,-5.403E-2
40.798,-0.118,-5.403E-2
40.815,-0.118,-5.367E-2
40.832,-0.118,-5.307E-2
40.848,-0.118,-5.212E-2
40.865,-0.118,-5.141E-2
40.882,-0.118,-5.204E-2
40.898,-0.117,-5.214E-2
40.915,-0.117,-5.226E-2
40.932,-0.117,-5.194E-2
40.948,-0.117,-5.130E-2
40.965,-0.117,-5.044E-2
40.982,-0.118,-4.979E-2
40.998,-0.118,-4.952E-2
41.015,-0.118,-4.936E-2
41.032,-0.117,-4.941E-2
41.048,-0.118,-4.949E-2
41.065,-0.117,-4.935E-2
41.082,-0.118,-4.857E-2
41.098,-0.118,-4.774E-2
41.115,-0.119,-4.684E-2
41.132,-0.120,-4.587E-2
41.149,-0.120,-4.491E-2
41.165,-0.120,-4.406E-2
41.182,-0.121,-4.312E-2
41.199,-0.121,-4.216E-2
41.215,-0.121,-4.167E-2
41.232,-0.121,-4.145E-2
41.249,-0.121,-4.207E-2
41.265,-0.121,-4.224E-2
41.282,-0.121,-4.309E-2
41.299,-0.120,-4.413E-2
41.315,-0.120,-4.583E-2
41.332,-0.119,-4.764E-2
41.349,-0.118,-4.938E-2
41.365,-0.118,-5.074E-2
41.382,-0.117,-5.196E-2
41.399,-0.118,-5.231E-2
41.415,-0.117,-5.390E-2
41.432,-0.117,-5.493E-2
41.449,-0.117,-5.645E-2
41.465,-0.117,-5.759E-2
41.482,-0.118,-5.761E-2
41.499,-0.119,-5.652E-2
41.515,-0.119,-5.490E-2
41.532,-0.119,-5.406E-2
41.549,-0.119,-5.308E-2
41.565,-0.120,-5.222E-2
41.582,-0.120,-5.209E-2
41.599,-0.120,-5.124E-2
41.615,-0.119,-5.048E-2
41.632,-0.120,-4.959E-2
41.649,-0.120,-4.953E-2
41.665,-0.120,-5.015E-2
41.682,-0.119,-5.020E-2
41.699,-0.120,-5.029E-2
41.715,-0.120,-5.010E-2
41.732,-0.120,-4.957E-2
41.749,-0.120,-4.958E-2
41.765,-0.119,-5.034E-2
41.782,-0.119,-5.050E-2
41.799,-0.119,-5.129E-2
41.815,-0.119,-5.201E-2
41.832,-0.119,-5.161E-2
41.849,-0.120,-5.163E-2
41.865,-0.120,-5.114E-2
41.882,-0.121,-4.956E-2
41.899,-0.121,-4.854E-2
41.915,-0.120,-4.745E-2
41.932,-0.120,-4.657E-2
41.949,-0.120,-4.576E-2
41.965,-0.120,-4.478E-2
41.982,-0.121,-4.407E-2
41.999,-0.120,-4.401E-2
42.015,-0.120,-4.402E-2
42.032,-0.120,-4.401E-2
42.049,-0.119,-4.398E-2
42.066,-0.119,-4.410E-2
42.082,-0.119,-4.413E-2
42.099,-0.118,-4.476E-2
42.116,-0.118,-4.501E-2
42.132,-0.118,-4.584E-2
42.149,-0.118,-4.601E-2
42.166,-0.118,-4.691E-2
42.182,-0.118,-4.765E-2
42.199,-0.118,-4.750E-2
42.216,-0.119,-4.596E-2
42.232,-0.119,-4.415E-2
42.249,-0.119,-4.216E-2
42.266,-0.120,-4.049E-2
42.282,-0.120,-3.922E-2
42.299,-0.121,-3.865E-2
42.316,-0.121,-3.860E-2
42.332,-0.121,-3.868E-2
42.349,-0.121,-4.135E-2
42.366,-0.122,-4.264E-2
42.382,-0.121,-4.310E-2
42.399,-0.120,-4.565E-2
42.416,-0.119,-4.688E-2
42.432,-0.118,-4.890E-2
42.449,-0.117,-5.048E-2
42.466,-0.117,-5.221E-2
42.482,-0.118,-5.297E-2
42.499,-0.118,-5.295E-2
42.516,-0.118,-5.275E-2
42.532,-0.118,-5.216E-2
42.549,-0.118,-5.128E-2
42.566,-0.119,-5.045E-2
42.582,-0.119,-5.022E-2
42.599,-0.119,-4.945E-2
42.616,-0.119,-4.929E-2
42.632,-0.120,-4.868E-2
42.649,-0.120,-4.827E-2
42.666,-0.121,-4.680E-2
42.682,-0.121,-4.505E-2
42.699,-0.121,-4.395E-2
42.716,-0.123,-4.297E-2
42.732,-0.122,-4.474E-2
42.749,-0.123,-4.440E-2
42.766,-0.122,-4.496E-2
42.782,-0.121,-4.584E-2
42.799,-0.121,-4.498E-2
42.816,-0.121,-4.591E-2
42.832,-0.120,-4.681E-2
42.849,-0.120,-4.782E-2
42.866,-0.120,-4.863E-2
42.882,-0.120,-4.937E-2
42.899,-0.120,-4.979E-2
42.916,-0.120,-5.024E-2
42.932,-0.121,-4.952E-2
42.949,-0.121,-4.940E-2
42.966,-0.122,-4.948E-2
42.983,-0.122,-5.016E-2
42.999,-0.122,-5.119E-2
43.016,-0.121,-5.420E-2
43.033,-0.121,-5.410E-2
43.049,-0.121,-5.502E-2
43.066,-0.121,-5.588E-2
43.083,-0.120,-5.587E-2
43.099,-0.121,-5.574E-2
43.116,-0.122,-5.496E-2
43.133,-0.121,-5.472E-2
43.149,-0.122,-5.394E-2
43.166,-0.122,-5.312E-2
43.183,-0.123,-5.214E-2
43.199,-0.123,-5.214E-2
43.216,-0.123,-5.194E-2
43.233,-0.123,-5.290E-2
43.249,-0.123,-5.036E-2
43.266,-0.122,-5.038E-2
43.283,-0.121,-5.026E-2
43.299,-0.122,-4.951E-2
43.316,-0.122,-4.857E-2
43.333,-0.122,-4.759E-2
43.349,-0.121,-4.619E-2
43.366,-0.122,-4.495E-2
43.383,-0.122,-4.394E-2
43.399,-0.123,-4.305E-2
43.416,-0.124,-4.137E-2
43.433,-0.124,-4.041E-2
43.449,-0.125,-3.954E-2
43.466,-0.125,-3.947E-2
43.483,-0.125,-4.202E-2
43.499,-0.125,-4.212E-2
43.516,-0.124,-4.045E-2
43.533,-0.124,-4.037E-2
43.549,-0.124,-4.037E-2
43.566,-0.123,-4.129E-2
43.583,-0.122,-4.219E-2
43.599,-0.122,-4.303E-2
43.616,-0.122,-4.316E-2
43.633,-0.123,-4.316E-2
43.649,-0.123,-4.306E-2
43.666,-0.122,-4.307E-2
43.683,-0.123,-4.528E-2
43.699,-0.124,-4.308E-2
43.716,-0.123,-4.380E-2
43.733,-0.123,-4.606E-2
43.749,-0.123,-4.632E-2
43.766,-0.123,-4.626E-2
43.783,-0.121,-4.655E-2
43.799,-0.122,-4.655E-2
43.816,-0.121,-4.484E-2
43.833,-0.121,-4.496E-2
43.850,-0.120,-4.744E-2
43.866,-0.120,-4.583E-2
43.883,-0.120,-4.589E-2
43.900,-0.120,-4.570E-2
43.916,-0.119,-4.505E-2
43.933,-0.119,-4.492E-2
43.950,-0.118,-4.491E-2
43.966,-0.118,-4.483E-2
43.983,-0.118,-4.485E-2
44.000,-0.118,-4.481E-2
44.016,-0.119,-4.397E-2
44.033,-0.119,-4.302E-2
44.050,-0.118,-4.220E-2
44.066,-0.118,-4.126E-2
44.083,-0.118,-4.046E-2
44.100,-0.117,-4.052E-2
44.116,-0.117,-4.106E-2
44.133,-0.116,-4.212E-2
44.150,-0.116,-4.303E-2
44.166,-0.116,-4.322E-2
44.183,-0.117,-4.327E-2
44.200,-0.116,-4.396E-2
44.216,-0.117,-4.416E-2
44.233,-0.117,-4.479E-2
44.250,-0.118,-4.497E-2
44.266,-0.118,-4.582E-2
44.283,-0.118,-4.586E-2
44.300,-0.118,-4.582E-2
44.316,-0.119,-4.475E-2
44.333,-0.120,-4.318E-2
44.350,-0.120,-4.211E-2
44.366,-0.121,-4.050E-2
44.383,-0.121,-3.936E-2
44.400,-0.122,-3.849E-2
44.416,-0.123,-3.847E-2
44.433,-0.123,-3.862E-2
44.450,-0.123,-3.954E-2
44.466,-0.123,-4.076E-2
44.483,-0.122,-4.217E-2
44.500,-0.122,-4.407E-2
44.516,-0.121,-4.665E-2
44.533,-0.120,-4.844E-2
44.550,-0.119,-5.039E-2
44.566,-0.119,-5.228E-2
44.583,-0.119,-5.412E-2
44.600,-0.119,-5.499E-2
44.616,-0.120,-5.494E-2
44.633,-0.120,-5.411E-2
44.650,-0.121,-5.405E-2
44.666,-0.123,-5.621E-2
44.683,-0.121,-5.698E-2
44.700,-0.122,-5.661E-2
44.716,-0.121,-5.409E-2
44.733,-0.121,-5.309E-2
44.750,-0.122,-5.169E-2
44.767,-0.121,-5.122E-2
44.783,-0.122,-5.046E-2
44.800,-0.121,-5.101E-2
44.817,-0.121,-5.141E-2
44.833,-0.120,-5.306E-2
44.850,-0.120,-5.412E-2
44.867,-0.119,-5.537E-2
44.883,-0.119,-5.607E-2
44.900,-0.119,-5.687E-2
44.917,-0.119,-5.743E-2
44.933,-0.120,-5.765E-2
44.950,-0.120,-5.770E-2
44.967,-0.120,-5.768E-2
44.983,-0.121,-5.669E-2
45.000,-0.122,-5.497E-2
45.017,-0.122,-5.402E-2
45.033,-0.122,-5.302E-2
45.050,-0.122,-5.155E-2
45.067,-0.122,-5.095E-2
45.083,-0.122,-5.044E-2
45.100,-0.122,-5.022E-2
45.117,-0.122,-4.950E-2
45.133,-0.121,-4.949E-2
45.150,-0.121,-4.930E-2
45.167,-0.121,-4.954E-2
45.183,-0.121,-4.954E-2
45.200,-0.120,-5.040E-2
