,mass A,,
t,x,y,
0.000,-0.138,-0.135
0.022,-0.138,-0.135
0.044,-0.138,-0.135
0.066,-0.138,-0.135
0.088,-0.138,-0.135
0.110,-0.138,-0.136
0.132,-0.138,-0.136
0.154,-0.138,-0.136
0.176,-0.138,-0.136
0.198,-0.138,-0.136
0.219,-0.138,-0.136
0.241,-0.138,-0.136
0.263,-0.138,-0.136
0.285,-0.138,-0.136
0.307,-0.138,-0.136
0.329,-0.138,-0.136
0.351,-0.138,-0.136
0.373,-0.138,-0.136
0.395,-0.138,-0.136
0.417,-0.137,-0.136
0.439,-0.137,-0.136
0.461,-0.137,-0.136
0.483,-0.137,-0.136
0.505,-0.137,-0.136
0.527,-0.137,-0.136
0.549,-0.137,-0.136
0.571,-0.137,-0.136
0.593,-0.137,-0.136
0.614,-0.137,-0.136
0.636,-0.137,-0.136
0.658,-0.136,-0.136
0.680,-0.136,-0.135
0.702,-0.136,-0.135
0.724,-0.136,-0.135
0.746,-0.136,-0.135
0.768,-0.136,-0.135
0.790,-0.136,-0.135
0.812,-0.136,-0.135
0.834,-0.136,-0.135
0.856,-0.136,-0.135
0.878,-0.136,-0.135
0.900,-0.136,-0.134
0.922,-0.135,-0.134
0.944,-0.136,-0.134
0.966,-0.136,-0.134
0.988,-0.136,-0.134
1.009,-0.136,-0.134
1.031,-0.136,-0.134
1.053,-0.136,-0.134
1.075,-0.136,-0.133
1.097,-0.136,-0.133
1.119,-0.136,-0.133
1.141,-0.136,-0.133
1.163,-0.137,-0.133
1.185,-0.137,-0.133
1.207,-0.136,-0.133
1.229,-0.137,-0.133
1.251,-0.137,-0.133
1.273,-0.137,-0.133
1.295,-0.136,-0.133
1.317,-0.137,-0.133
1.339,-0.137,-0.133
1.361,-0.137,-0.134
1.383,-0.137,-0.134
1.404,-0.137,-0.134
1.426,-0.137,-0.134
1.448,-0.137,-0.135
1.470,-0.137,-0.135
1.492,-0.137,-0.135
1.514,-0.137,-0.135
1.536,-0.137,-0.136
1.558,-0.137,-0.136
1.580,-0.137,-0.136
1.602,-0.137,-0.136
1.624,-0.137,-0.136
1.646,-0.137,-0.136
1.668,-0.137,-0.136
1.690,-0.137,-0.136
1.712,-0.137,-0.136
1.734,-0.137,-0.137
1.756,-0.137,-0.137
1.778,-0.137,-0.137
1.799,-0.137,-0.137
1.821,-0.137,-0.137
1.843,-0.137,-0.137
1.865,-0.137,-0.138
1.887,-0.137,-0.138
1.909,-0.137,-0.138
1.931,-0.137,-0.138
1.953,-0.137,-0.138
1.975,-0.137,-0.137
1.997,-0.137,-0.137
2.019,-0.137,-0.137
2.041,-0.137,-0.136
2.063,-0.137,-0.136
2.085,-0.137,-0.136
2.107,-0.137,-0.136
2.129,-0.137,-0.136
2.151,-0.137,-0.136
2.173,-0.137,-0.136
2.194,-0.137,-0.136
2.216,-0.137,-0.136
2.238,-0.137,-0.136
2.260,-0.137,-0.136
2.282,-0.137,-0.136
2.304,-0.137,-0.136
2.326,-0.137,-0.136
2.348,-0.137,-0.136
2.370,-0.137,-0.136
2.392,-0.137,-0.136
2.414,-0.137,-0.136
2.436,-0.137,-0.136
2.458,-0.137,-0.136
2.480,-0.137,-0.136
2.502,-0.137,-0.136
2.524,-0.137,-0.136
2.546,-0.137,-0.136
2.568,-0.137,-0.136
2.589,-0.137,-0.135
2.611,-0.137,-0.135
2.633,-0.137,-0.135
2.655,-0.137,-0.135
2.677,-0.137,-0.136
2.699,-0.137,-0.136
2.721,-0.137,-0.136
2.743,-0.137,-0.136
2.765,-0.137,-0.136
2.787,-0.138,-0.136
2.809,-0.138,-0.136
2.831,-0.138,-0.136
2.853,-0.137,-0.136
2.875,-0.138,-0.136
2.897,-0.138,-0.137
2.919,-0.138,-0.136
2.941,-0.138,-0.137
2.963,-0.138,-0.137
2.985,-0.138,-0.137
3.006,-0.138,-0.137
3.028,-0.138,-0.136
3.050,-0.138,-0.137
3.072,-0.138,-0.137
3.094,-0.138,-0.137
3.116,-0.138,-0.137
3.138,-0.138,-0.137
3.160,-0.138,-0.137
3.182,-0.138,-0.137
3.204,-0.138,-0.137
3.226,-0.138,-0.137
3.248,-0.138,-0.137
3.270,-0.138,-0.137
3.292,-0.138,-0.137
3.314,-0.138,-0.136
3.336,-0.139,-0.136
3.358,-0.138,-0.136
3.380,-0.138,-0.136
3.401,-0.138,-0.136
3.423,-0.138,-0.136
3.445,-0.139,-0.136
3.467,-0.139,-0.137
3.489,-0.139,-0.137
3.511,-0.139,-0.137
3.533,-0.139,-0.137
3.555,-0.139,-0.137
3.577,-0.139,-0.137
3.599,-0.139,-0.137
3.621,-0.139,-0.137
3.643,-0.139,-0.136
3.665,-0.139,-0.136
3.687,-0.139,-0.136
3.709,-0.139,-0.136
3.731,-0.139,-0.136
3.753,-0.139,-0.136
3.775,-0.139,-0.136
3.796,-0.139,-0.136
3.818,-0.139,-0.135
3.840,-0.139,-0.135
3.862,-0.139,-0.135
3.884,-0.139,-0.135
3.906,-0.139,-0.135
3.928,-0.139,-0.135
3.950,-0.139,-0.135
3.972,-0.139,-0.135
3.994,-0.139,-0.135
4.016,-0.139,-0.135
4.038,-0.139,-0.135
4.060,-0.139,-0.135
4.082,-0.139,-0.135
4.104,-0.139,-0.136
4.126,-0.139,-0.136
4.148,-0.139,-0.136
4.170,-0.139,-0.136
4.191,-0.139,-0.136
4.213,-0.139,-0.136
4.235,-0.139,-0.136
4.257,-0.139,-0.136
4.279,-0.139,-0.136
4.301,-0.139,-0.136
4.323,-0.139,-0.136
4.345,-0.139,-0.136
4.367,-0.139,-0.136
4.389,-0.140,-0.136
4.411,-0.140,-0.136
4.433,-0.140,-0.136
4.455,-0.139,-0.136
4.477,-0.139,-0.136
4.499,-0.139,-0.136
4.521,-0.139,-0.136
4.543,-0.139,-0.136
4.565,-0.139,-0.136
4.586,-0.140,-0.136
4.608,-0.139,-0.135
4.630,-0.140,-0.135
4.652,-0.140,-0.135
4.674,-0.140,-0.135
4.696,-0.140,-0.135
4.718,-0.139,-0.135
4.740,-0.139,-0.135
4.762,-0.139,-0.135
4.784,-0.139,-0.134
4.806,-0.139,-0.134
4.828,-0.139,-0.134
4.850,-0.139,-0.134
4.872,-0.139,-0.133
4.894,-0.139,-0.133
4.916,-0.138,-0.133
4.938,-0.139,-0.132
4.960,-0.139,-0.132
4.981,-0.139,-0.132
5.003,-0.138,-0.132
5.025,-0.138,-0.132
5.047,-0.138,-0.132
5.069,-0.138,-0.131
5.091,-0.138,-0.131
5.113,-0.138,-0.131
5.135,-0.138,-0.131
5.157,-0.137,-0.131
5.179,-0.137,-0.131
5.201,-0.137,-0.131
5.223,-0.137,-0.131
5.245,-0.137,-0.131
5.267,-0.137,-0.131
5.289,-0.137,-0.131
5.311,-0.137,-0.131
5.333,-0.137,-0.131
5.355,-0.137,-0.131
5.377,-0.137,-0.130
5.398,-0.137,-0.130
5.420,-0.137,-0.130
5.442,-0.137,-0.130
5.464,-0.137,-0.130
5.486,-0.137,-0.130
5.508,-0.137,-0.130
5.530,-0.137,-0.130
5.552,-0.137,-0.130
5.574,-0.137,-0.130
5.596,-0.137,-0.130
5.618,-0.137,-0.130
5.640,-0.137,-0.130
5.662,-0.137,-0.130
5.684,-0.137,-0.130
5.706,-0.137,-0.129
5.728,-0.137,-0.130
5.750,-0.137,-0.129
5.772,-0.137,-0.129
5.793,-0.137,-0.129
5.815,-0.137,-0.129
5.837,-0.137,-0.129
5.859,-0.137,-0.129
5.881,-0.137,-0.129
5.903,-0.137,-0.129
5.925,-0.137,-0.129
5.947,-0.137,-0.129
5.969,-0.138,-0.129
5.991,-0.138,-0.129
6.013,-0.138,-0.129
6.035,-0.138,-0.129
6.057,-0.137,-0.129
6.079,-0.137,-0.129
6.101,-0.138,-0.129
6.123,-0.138,-0.129
6.145,-0.137,-0.129
6.167,-0.138,-0.128
6.188,-0.138,-0.128
6.210,-0.138,-0.128
6.232,-0.138,-0.128
6.254,-0.138,-0.128
6.276,-0.138,-0.128
6.298,-0.138,-0.128
6.320,-0.138,-0.128
6.342,-0.138,-0.128
6.364,-0.138,-0.128
6.386,-0.138,-0.128
6.408,-0.138,-0.128
6.430,-0.138,-0.128
6.452,-0.138,-0.128
6.474,-0.138,-0.128
6.496,-0.138,-0.128
6.518,-0.138,-0.128
6.540,-0.137,-0.128
6.562,-0.137,-0.128
6.583,-0.138,-0.128
6.605,-0.138,-0.128
6.627,-0.138,-0.128
6.649,-0.138,-0.128
6.671,-0.137,-0.128
6.693,-0.137,-0.128
6.715,-0.138,-0.128
6.737,-0.138,-0.128
6.759,-0.138,-0.128
6.781,-0.138,-0.128
6.803,-0.138,-0.128
6.825,-0.138,-0.128
6.847,-0.138,-0.128
6.869,-0.138,-0.128
6.891,-0.138,-0.128
6.913,-0.137,-0.128
6.935,-0.137,-0.128
6.957,-0.137,-0.127
6.978,-0.137,-0.127
7.000,-0.137,-0.127
7.022,-0.137,-0.127
7.044,-0.137,-0.127
7.066,-0.137,-0.127
7.088,-0.137,-0.126
7.110,-0.137,-0.126
7.132,-0.136,-0.126
7.154,-0.136,-0.126
7.176,-0.136,-0.125
7.198,-0.136,-0.125
7.220,-0.136,-0.125
7.242,-0.136,-0.125
7.264,-0.136,-0.125
7.286,-0.135,-0.125
7.308,-0.135,-0.124
7.330,-0.135,-0.124
7.352,-0.135,-0.124
7.373,-0.135,-0.124
7.395,-0.135,-0.124
7.417,-0.134,-0.123
7.439,-0.134,-0.123
7.461,-0.134,-0.123
7.483,-0.134,-0.123
7.505,-0.134,-0.123
7.527,-0.134,-0.122
7.549,-0.134,-0.122
7.571,-0.134,-0.122
7.593,-0.134,-0.122
7.615,-0.133,-0.122
7.637,-0.133,-0.122
7.659,-0.133,-0.121
7.681,-0.133,-0.121
7.703,-0.133,-0.121
7.725,-0.134,-0.121
7.747,-0.133,-0.121
7.768,-0.133,-0.121
7.790,-0.133,-0.121
7.812,-0.133,-0.120
7.834,-0.134,-0.120
7.856,-0.134,-0.120
7.878,-0.134,-0.120
7.900,-0.134,-0.120
7.922,-0.135,-0.120
7.944,-0.134,-0.120
7.966,-0.135,-0.120
7.988,-0.135,-0.120
8.010,-0.135,-0.120
8.032,-0.135,-0.120
8.054,-0.135,-0.120
8.076,-0.135,-0.120
8.098,-0.135,-0.120
8.120,-0.135,-0.120
8.142,-0.136,-0.120
8.164,-0.136,-0.121
8.185,-0.136,-0.121
8.207,-0.136,-0.121
8.229,-0.136,-0.122
8.251,-0.136,-0.122
8.273,-0.136,-0.122
8.295,-0.136,-0.123
8.317,-0.136,-0.123
8.339,-0.136,-0.124
8.361,-0.136,-0.124
8.383,-0.136,-0.124
8.405,-0.136,-0.124
8.427,-0.136,-0.124
8.449,-0.136,-0.124
8.471,-0.137,-0.125
8.493,-0.137,-0.125
8.515,-0.137,-0.125
8.537,-0.137,-0.125
8.559,-0.136,-0.125
8.580,-0.136,-0.126
8.602,-0.136,-0.126
8.624,-0.136,-0.126
8.646,-0.136,-0.126
8.668,-0.136,-0.126
8.690,-0.136,-0.126
8.712,-0.136,-0.126
8.734,-0.136,-0.126
8.756,-0.136,-0.126
8.778,-0.136,-0.126
8.800,-0.136,-0.126
8.822,-0.136,-0.126
8.844,-0.135,-0.126
8.866,-0.135,-0.126
8.888,-0.135,-0.126
8.910,-0.135,-0.126
8.932,-0.135,-0.126
8.954,-0.135,-0.126
8.975,-0.135,-0.126
8.997,-0.135,-0.126
9.019,-0.135,-0.125
9.041,-0.134,-0.125
9.063,-0.135,-0.125
9.085,-0.135,-0.125
9.107,-0.135,-0.125
9.129,-0.135,-0.125
9.151,-0.135,-0.124
9.173,-0.135,-0.124
9.195,-0.135,-0.124
9.217,-0.135,-0.123
9.239,-0.136,-0.123
9.261,-0.136,-0.123
9.283,-0.136,-0.124
9.305,-0.136,-0.124
9.327,-0.137,-0.124
9.349,-0.137,-0.124
9.370,-0.137,-0.124
9.392,-0.137,-0.125
9.414,-0.137,-0.125
9.436,-0.137,-0.125
9.458,-0.137,-0.126
9.480,-0.137,-0.126
9.502,-0.137,-0.126
9.524,-0.137,-0.126
9.546,-0.137,-0.127
9.568,-0.137,-0.127
9.590,-0.137,-0.127
9.612,-0.137,-0.127
9.634,-0.137,-0.128
9.656,-0.137,-0.128
9.678,-0.137,-0.128
9.700,-0.137,-0.129
9.722,-0.137,-0.129
9.744,-0.137,-0.129
9.765,-0.137,-0.129
9.787,-0.137,-0.129
9.809,-0.137,-0.130
9.831,-0.137,-0.130
9.853,-0.137,-0.130
9.875,-0.138,-0.131
9.897,-0.137,-0.131
9.919,-0.137,-0.131
9.941,-0.138,-0.131
9.963,-0.137,-0.131
9.985,-0.137,-0.132
10.007,-0.137,-0.132
10.029,-0.137,-0.132
10.051,-0.137,-0.133
10.073,-0.137,-0.133
10.095,-0.137,-0.133
10.117,-0.137,-0.133
10.139,-0.137,-0.133
10.160,-0.137,-0.133
10.182,-0.137,-0.133
10.204,-0.137,-0.133
10.226,-0.137,-0.133
10.248,-0.137,-0.133
10.270,-0.137,-0.132
10.292,-0.137,-0.133
10.314,-0.137,-0.132
10.336,-0.137,-0.132
10.358,-0.137,-0.132
10.380,-0.137,-0.132
10.402,-0.137,-0.132
10.424,-0.137,-0.132
10.446,-0.136,-0.132
10.468,-0.137,-0.132
10.490,-0.137,-0.131
10.512,-0.137,-0.131
10.534,-0.137,-0.131
10.555,-0.137,-0.131
10.577,-0.137,-0.131
10.599,-0.137,-0.131
10.621,-0.137,-0.131
10.643,-0.137,-0.131
10.665,-0.137,-0.131
10.687,-0.137,-0.131
10.709,-0.138,-0.131
10.731,-0.137,-0.131
10.753,-0.137,-0.131
10.775,-0.137,-0.131
10.797,-0.137,-0.131
10.819,-0.137,-0.131
10.841,-0.137,-0.131
10.863,-0.137,-0.131
10.885,-0.137,-0.131
10.907,-0.138,-0.131
10.929,-0.138,-0.132
10.951,-0.138,-0.132
10.972,-0.138,-0.132
10.994,-0.138,-0.132
11.016,-0.138,-0.132
11.038,-0.138,-0.132
11.060,-0.138,-0.132
11.082,-0.138,-0.132
11.104,-0.138,-0.132
11.126,-0.138,-0.132
11.148,-0.138,-0.131
11.170,-0.138,-0.131
11.192,-0.138,-0.131
11.214,-0.138,-0.131
11.236,-0.138,-0.131
11.258,-0.138,-0.131
11.280,-0.138,-0.131
11.302,-0.137,-0.131
11.324,-0.138,-0.131
11.346,-0.138,-0.132
11.367,-0.138,-0.132
11.389,-0.138,-0.132
11.411,-0.137,-0.132
11.433,-0.138,-0.132
11.455,-0.138,-0.132
11.477,-0.137,-0.132
11.499,-0.137,-0.132
11.521,-0.137,-0.131
11.543,-0.137,-0.131
11.565,-0.137,-0.131
11.587,-0.137,-0.131
11.609,-0.137,-0.131
11.631,-0.137,-0.131
11.653,-0.137,-0.131
11.675,-0.137,-0.131
11.697,-0.137,-0.131
11.719,-0.137,-0.131
11.741,-0.137,-0.131
11.762,-0.137,-0.131
11.784,-0.137,-0.131
11.806,-0.137,-0.131
11.828,-0.137,-0.131
11.850,-0.137,-0.131
11.872,-0.137,-0.131
11.894,-0.137,-0.131
11.916,-0.137,-0.131
11.938,-0.137,-0.131
11.960,-0.137,-0.131
11.982,-0.137,-0.130
12.004,-0.137,-0.130
12.026,-0.137,-0.130
12.048,-0.137,-0.130
12.070,-0.137,-0.130
12.092,-0.137,-0.130
12.114,-0.137,-0.129
12.136,-0.137,-0.129
12.157,-0.137,-0.129
12.179,-0.137,-0.129
12.201,-0.137,-0.129
12.223,-0.137,-0.128
12.245,-0.137,-0.128
12.267,-0.137,-0.128
12.289,-0.136,-0.128
12.311,-0.136,-0.127
12.333,-0.137,-0.127
12.355,-0.136,-0.127
12.377,-0.136,-0.127
12.399,-0.136,-0.127
12.421,-0.136,-0.126
12.443,-0.136,-0.126
12.465,-0.136,-0.126
12.487,-0.136,-0.126
12.509,-0.136,-0.126
12.531,-0.136,-0.126
12.552,-0.136,-0.126
12.574,-0.136,-0.125
12.596,-0.136,-0.125
12.618,-0.136,-0.125
12.640,-0.136,-0.125
12.662,-0.136,-0.126
12.684,-0.136,-0.126
12.706,-0.136,-0.126
12.728,-0.136,-0.126
12.750,-0.136,-0.126
12.772,-0.136,-0.126
12.794,-0.136,-0.126
12.816,-0.136,-0.126
12.838,-0.136,-0.126
12.860,-0.137,-0.126
12.882,-0.137,-0.126
12.904,-0.137,-0.127
12.926,-0.137,-0.127
12.947,-0.137,-0.127
12.969,-0.137,-0.127
12.991,-0.137,-0.127
13.013,-0.137,-0.127
13.035,-0.137,-0.128
13.057,-0.137,-0.128
13.079,-0.137,-0.128
13.101,-0.137,-0.128
13.123,-0.137,-0.128
13.145,-0.137,-0.128
13.167,-0.137,-0.128
13.189,-0.137,-0.128
13.211,-0.137,-0.128
13.233,-0.137,-0.128
13.255,-0.137,-0.128
13.277,-0.137,-0.128
13.299,-0.137,-0.128
13.321,-0.137,-0.128
13.342,-0.137,-0.128
13.364,-0.137,-0.128
13.386,-0.137,-0.128
13.408,-0.137,-0.129
13.430,-0.137,-0.129
13.452,-0.137,-0.129
13.474,-0.137,-0.129
13.496,-0.137,-0.129
13.518,-0.137,-0.129
13.540,-0.137,-0.129
13.562,-0.137,-0.129
13.584,-0.137,-0.129
13.606,-0.137,-0.129
13.628,-0.137,-0.129
13.650,-0.137,-0.129
13.672,-0.137,-0.128
13.694,-0.137,-0.128
13.716,-0.137,-0.128
13.738,-0.137,-0.128
13.759,-0.137,-0.128
13.781,-0.137,-0.128
13.803,-0.137,-0.128
13.825,-0.137,-0.127
13.847,-0.137,-0.127
13.869,-0.137,-0.127
13.891,-0.136,-0.127
13.913,-0.137,-0.127
13.935,-0.137,-0.127
13.957,-0.137,-0.127
13.979,-0.137,-0.127
14.001,-0.137,-0.127
14.023,-0.137,-0.127
14.045,-0.137,-0.127
14.067,-0.137,-0.126
14.089,-0.137,-0.126
14.111,-0.137,-0.126
14.133,-0.137,-0.126
14.154,-0.137,-0.126
14.176,-0.137,-0.126
14.198,-0.138,-0.126
14.220,-0.138,-0.126
14.242,-0.137,-0.126
14.264,-0.138,-0.126
14.286,-0.138,-0.126
14.308,-0.137,-0.126
14.330,-0.137,-0.126
14.352,-0.138,-0.125
14.374,-0.138,-0.125
14.396,-0.138,-0.125
14.418,-0.138,-0.125
14.440,-0.138,-0.125
14.462,-0.138,-0.125
14.484,-0.138,-0.125
14.506,-0.138,-0.125
14.528,-0.138,-0.125
14.549,-0.138,-0.126
14.571,-0.138,-0.126
14.593,-0.138,-0.126
14.615,-0.138,-0.126
14.637,-0.137,-0.126
14.659,-0.137,-0.126
14.681,-0.137,-0.126
14.703,-0.137,-0.126
14.725,-0.137,-0.126
14.747,-0.137,-0.127
14.769,-0.137,-0.127
14.791,-0.138,-0.127
14.813,-0.138,-0.127
14.835,-0.138,-0.127
14.857,-0.138,-0.127
14.879,-0.138,-0.127
14.901,-0.137,-0.128
14.923,-0.138,-0.128
14.944,-0.137,-0.128
14.966,-0.137,-0.128
14.988,-0.137,-0.128
15.010,-0.137,-0.128
15.032,-0.137,-0.128
15.054,-0.137,-0.128
15.076,-0.137,-0.128
15.098,-0.137,-0.128
15.120,-0.137,-0.128
15.142,-0.137,-0.127
15.164,-0.137,-0.127
15.186,-0.137,-0.127
15.208,-0.137,-0.127
15.230,-0.137,-0.127
15.252,-0.137,-0.127
15.274,-0.137,-0.127
15.296,-0.137,-0.127
15.318,-0.137,-0.127
15.339,-0.136,-0.127
15.361,-0.136,-0.127
15.383,-0.137,-0.127
15.405,-0.137,-0.127
15.427,-0.137,-0.127
15.449,-0.136,-0.127
15.471,-0.136,-0.127
15.493,-0.136,-0.127
15.515,-0.136,-0.127
15.537,-0.136,-0.127
15.559,-0.136,-0.127
15.581,-0.136,-0.127
15.603,-0.136,-0.127
15.625,-0.136,-0.127
15.647,-0.136,-0.127
15.669,-0.136,-0.127
15.691,-0.136,-0.127
15.713,-0.136,-0.126
15.734,-0.136,-0.126
15.756,-0.135,-0.126
15.778,-0.135,-0.126
15.800,-0.135,-0.126
15.822,-0.135,-0.126
15.844,-0.135,-0.126
15.866,-0.135,-0.126
15.888,-0.135,-0.125
15.910,-0.135,-0.126
15.932,-0.135,-0.125
15.954,-0.135,-0.125
15.976,-0.135,-0.125
15.998,-0.135,-0.125
16.020,-0.135,-0.125
16.042,-0.135,-0.125
16.064,-0.135,-0.125
16.086,-0.135,-0.125
16.108,-0.135,-0.125
16.130,-0.135,-0.125
16.151,-0.135,-0.125
16.173,-0.136,-0.125
16.195,-0.136,-0.125
16.217,-0.136,-0.125
16.239,-0.136,-0.125
16.261,-0.136,-0.125
16.283,-0.136,-0.125
16.305,-0.136,-0.125
16.327,-0.136,-0.125
16.349,-0.135,-0.125
16.371,-0.136,-0.125
16.393,-0.136,-0.125
16.415,-0.136,-0.126
16.437,-0.136,-0.126
16.459,-0.136,-0.126
16.481,-0.136,-0.126
16.503,-0.136,-0.126
16.525,-0.136,-0.126
16.546,-0.136,-0.126
16.568,-0.136,-0.126
16.590,-0.136,-0.126
16.612,-0.136,-0.127
16.634,-0.136,-0.127
16.656,-0.136,-0.127
16.678,-0.136,-0.127
16.700,-0.136,-0.127
16.722,-0.136,-0.127
16.744,-0.136,-0.127
16.766,-0.136,-0.127
16.788,-0.136,-0.127
16.810,-0.136,-0.127
16.832,-0.136,-0.127
16.854,-0.136,-0.127
16.876,-0.137,-0.128
16.898,-0.136,-0.128
16.920,-0.136,-0.128
16.941,-0.137,-0.128
16.963,-0.136,-0.128
16.985,-0.136,-0.128
17.007,-0.136,-0.128
17.029,-0.136,-0.128
17.051,-0.136,-0.128
17.073,-0.136,-0.129
17.095,-0.136,-0.129
17.117,-0.136,-0.129
17.139,-0.136,-0.129
17.161,-0.136,-0.129
17.183,-0.136,-0.129
17.205,-0.136,-0.129
17.227,-0.136,-0.130
17.249,-0.136,-0.130
17.271,-0.136,-0.130
17.293,-0.136,-0.130
17.315,-0.136,-0.130
17.336,-0.136,-0.130
17.358,-0.136,-0.130
17.380,-0.136,-0.130
17.402,-0.136,-0.130
17.424,-0.136,-0.130
17.446,-0.136,-0.130
17.468,-0.136,-0.130
17.490,-0.136,-0.130
17.512,-0.136,-0.130
17.534,-0.136,-0.130
17.556,-0.136,-0.131
17.578,-0.136,-0.131
17.600,-0.136,-0.131
17.622,-0.136,-0.131
17.644,-0.136,-0.131
17.666,-0.136,-0.131
17.688,-0.136,-0.131
17.710,-0.136,-0.131
17.731,-0.136,-0.132
17.753,-0.136,-0.132
17.775,-0.136,-0.132
17.797,-0.136,-0.132
17.819,-0.136,-0.132
17.841,-0.136,-0.132
17.863,-0.136,-0.132
17.885,-0.136,-0.132
17.907,-0.136,-0.132
17.929,-0.136,-0.132
17.951,-0.136,-0.132
17.973,-0.136,-0.132
17.995,-0.136,-0.132
18.017,-0.136,-0.132
18.039,-0.136,-0.132
18.061,-0.136,-0.132
18.083,-0.136,-0.132
18.105,-0.136,-0.132
18.126,-0.136,-0.133
18.148,-0.136,-0.132
18.170,-0.136,-0.133
18.192,-0.136,-0.133
18.214,-0.136,-0.133
18.236,-0.136,-0.133
18.258,-0.136,-0.133
18.280,-0.136,-0.133
18.302,-0.136,-0.133
18.324,-0.136,-0.133
18.346,-0.136,-0.133
18.368,-0.136,-0.133
18.390,-0.136,-0.133
18.412,-0.136,-0.133
18.434,-0.136,-0.133
18.456,-0.136,-0.133
18.478,-0.136,-0.133
18.500,-0.136,-0.133
18.521,-0.136,-0.133
18.543,-0.136,-0.133
18.565,-0.136,-0.133
18.587,-0.136,-0.133
18.609,-0.136,-0.132
18.631,-0.136,-0.132
18.653,-0.136,-0.132
18.675,-0.136,-0.132
18.697,-0.136,-0.132
18.719,-0.136,-0.132
18.741,-0.136,-0.132
18.763,-0.136,-0.132
18.785,-0.136,-0.132
18.807,-0.136,-0.132
18.829,-0.136,-0.132
18.851,-0.136,-0.132
18.873,-0.136,-0.132
18.895,-0.136,-0.131
18.917,-0.136,-0.131
18.938,-0.136,-0.131
18.960,-0.136,-0.131
18.982,-0.137,-0.131
19.004,-0.136,-0.131
19.026,-0.137,-0.131
19.048,-0.137,-0.131
19.070,-0.137,-0.131
19.092,-0.136,-0.131
19.114,-0.137,-0.131
19.136,-0.136,-0.131
19.158,-0.137,-0.131
19.180,-0.137,-0.131
19.202,-0.137,-0.132
19.224,-0.137,-0.132
19.246,-0.137,-0.132
19.268,-0.137,-0.132
19.290,-0.137,-0.132
19.312,-0.137,-0.132
19.333,-0.137,-0.132
19.355,-0.137,-0.132
19.377,-0.137,-0.132
19.399,-0.137,-0.133
19.421,-0.137,-0.133
19.443,-0.137,-0.133
19.465,-0.137,-0.133
19.487,-0.137,-0.133
19.509,-0.137,-0.133
19.531,-0.137,-0.133
19.553,-0.138,-0.133
19.575,-0.137,-0.133
19.597,-0.138,-0.133
19.619,-0.138,-0.134
19.641,-0.137,-0.134
19.663,-0.137,-0.134
19.685,-0.137,-0.134
19.707,-0.137,-0.134
19.728,-0.137,-0.134
19.750,-0.137,-0.134
19.772,-0.137,-0.135
19.794,-0.137,-0.135
19.816,-0.137,-0.135
19.838,-0.137,-0.135
19.860,-0.137,-0.135
19.882,-0.137,-0.135
19.904,-0.137,-0.135
19.926,-0.137,-0.135
19.948,-0.137,-0.136
19.970,-0.137,-0.136
19.992,-0.137,-0.136
20.014,-0.137,-0.136
20.036,-0.137,-0.136
20.058,-0.137,-0.136
20.080,-0.137,-0.136
20.102,-0.137,-0.136
20.123,-0.137,-0.136
20.145,-0.137,-0.136
20.167,-0.137,-0.136
20.189,-0.137,-0.136
20.211,-0.137,-0.136
20.233,-0.137,-0.136
20.255,-0.137,-0.136
20.277,-0.137,-0.136
20.299,-0.137,-0.135
20.321,-0.137,-0.135
20.343,-0.137,-0.135
20.365,-0.137,-0.135
20.387,-0.137,-0.135
20.409,-0.137,-0.135
20.431,-0.137,-0.134
20.453,-0.137,-0.134
20.475,-0.137,-0.134
20.497,-0.137,-0.134
20.518,-0.137,-0.134
20.540,-0.137,-0.134
20.562,-0.137,-0.134
20.584,-0.137,-0.134
20.606,-0.138,-0.134
20.628,-0.137,-0.134
20.650,-0.137,-0.134
20.672,-0.138,-0.134
20.694,-0.137,-0.134
20.716,-0.137,-0.134
20.738,-0.137,-0.134
20.760,-0.138,-0.134
20.782,-0.138,-0.134
20.804,-0.138,-0.134
20.826,-0.138,-0.134
20.848,-0.138,-0.134
20.870,-0.138,-0.134
20.892,-0.138,-0.134
20.913,-0.138,-0.134
20.935,-0.138,-0.134
20.957,-0.138,-0.134
20.979,-0.138,-0.134
21.001,-0.138,-0.134
21.023,-0.138,-0.134
21.045,-0.138,-0.134
21.067,-0.138,-0.134
21.089,-0.138,-0.134
21.111,-0.138,-0.134
21.133,-0.138,-0.134
21.155,-0.138,-0.134
21.177,-0.138,-0.134
21.199,-0.138,-0.134
21.221,-0.137,-0.134
21.243,-0.137,-0.134
21.265,-0.138,-0.134
21.287,-0.138,-0.134
21.308,-0.137,-0.134
21.330,-0.137,-0.134
21.352,-0.137,-0.134
21.374,-0.137,-0.134
21.396,-0.137,-0.134
21.418,-0.137,-0.134
21.440,-0.137,-0.134
21.462,-0.137,-0.134
21.484,-0.137,-0.133
21.506,-0.137,-0.133
21.528,-0.137,-0.133
21.550,-0.137,-0.133
21.572,-0.137,-0.133
21.594,-0.137,-0.133
21.616,-0.137,-0.132
21.638,-0.136,-0.132
21.660,-0.136,-0.132
21.682,-0.136,-0.132
21.704,-0.136,-0.131
21.725,-0.136,-0.131
21.747,-0.136,-0.131
21.769,-0.136,-0.131
21.791,-0.137,-0.131
21.813,-0.137,-0.131
21.835,-0.137,-0.130
21.857,-0.137,-0.130
21.879,-0.137,-0.130
21.901,-0.137,-0.130
21.923,-0.137,-0.130
21.945,-0.137,-0.130
21.967,-0.137,-0.130
21.989,-0.137,-0.130
22.011,-0.137,-0.130
22.033,-0.137,-0.130
22.055,-0.137,-0.130
22.077,-0.137,-0.130
22.099,-0.137,-0.130
22.120,-0.137,-0.130
22.142,-0.137,-0.130
22.164,-0.137,-0.130
22.186,-0.137,-0.130
22.208,-0.137,-0.130
22.230,-0.137,-0.130
22.252,-0.137,-0.130
22.274,-0.137,-0.130
22.296,-0.137,-0.130
22.318,-0.137,-0.131
22.340,-0.137,-0.131
22.362,-0.137,-0.131
22.384,-0.137,-0.131
22.406,-0.137,-0.131
22.428,-0.137,-0.131
22.450,-0.137,-0.132
22.472,-0.137,-0.132
22.494,-0.137,-0.132
22.515,-0.137,-0.132
22.537,-0.137,-0.132
22.559,-0.137,-0.133
22.581,-0.137,-0.133
22.603,-0.137,-0.133
22.625,-0.137,-0.133
22.647,-0.137,-0.133
22.669,-0.137,-0.133
22.691,-0.137,-0.133
22.713,-0.137,-0.134
22.735,-0.137,-0.134
22.757,-0.137,-0.134
22.779,-0.137,-0.134
22.801,-0.138,-0.134
22.823,-0.138,-0.134
22.845,-0.138,-0.134
22.867,-0.138,-0.134
22.889,-0.138,-0.134
22.910,-0.138,-0.134
22.932,-0.138,-0.134
22.954,-0.138,-0.134
22.976,-0.138,-0.134
22.998,-0.138,-0.134
23.020,-0.138,-0.134
23.042,-0.138,-0.134
23.064,-0.138,-0.134
23.086,-0.138,-0.134
23.108,-0.138,-0.134
23.130,-0.138,-0.134
23.152,-0.138,-0.134
23.174,-0.138,-0.134
23.196,-0.138,-0.134
23.218,-0.138,-0.134
23.240,-0.138,-0.134
23.262,-0.138,-0.134
23.284,-0.138,-0.134
23.305,-0.138,-0.135
23.327,-0.139,-0.134
23.349,-0.139,-0.135
23.371,-0.138,-0.135
23.393,-0.138,-0.135
23.415,-0.138,-0.135
23.437,-0.138,-0.135
23.459,-0.138,-0.134
23.481,-0.139,-0.134
23.503,-0.139,-0.134
23.525,-0.139,-0.134
23.547,-0.139,-0.134
23.569,-0.138,-0.134
23.591,-0.139,-0.134
23.613,-0.139,-0.134
23.635,-0.138,-0.134
23.657,-0.138,-0.134
23.679,-0.138,-0.134
23.700,-0.139,-0.134
23.722,-0.138,-0.135
23.744,-0.138,-0.135
23.766,-0.138,-0.135
23.788,-0.138,-0.135
23.810,-0.138,-0.135
23.832,-0.138,-0.136
23.854,-0.138,-0.136
23.876,-0.137,-0.135
23.898,-0.137,-0.135
23.920,-0.137,-0.135
23.942,-0.137,-0.135
23.964,-0.137,-0.135
23.986,-0.137,-0.135
24.008,-0.137,-0.135
24.030,-0.137,-0.135
24.052,-0.136,-0.135
24.074,-0.136,-0.135
24.096,-0.136,-0.135
24.117,-0.136,-0.135
24.139,-0.137,-0.135
24.161,-0.137,-0.135
24.183,-0.136,-0.135
24.205,-0.136,-0.135
24.227,-0.136,-0.135
24.249,-0.136,-0.135
24.271,-0.136,-0.134
24.293,-0.136,-0.134
24.315,-0.136,-0.134
24.337,-0.136,-0.134
24.359,-0.136,-0.133
24.381,-0.136,-0.133
24.403,-0.136,-0.133
24.425,-0.135,-0.132
24.447,-0.135,-0.132
24.469,-0.135,-0.132
24.491,-0.136,-0.132
24.512,-0.135,-0.131
24.534,-0.135,-0.131
24.556,-0.135,-0.131
24.578,-0.136,-0.131
24.600,-0.136,-0.131
24.622,-0.136,-0.131
24.644,-0.136,-0.131
24.666,-0.136,-0.131
24.688,-0.136,-0.131
24.710,-0.136,-0.131
24.732,-0.136,-0.131
24.754,-0.136,-0.132
24.776,-0.137,-0.132
24.798,-0.136,-0.132
24.820,-0.137,-0.132
24.842,-0.137,-0.133
24.864,-0.137,-0.133
24.886,-0.137,-0.133
24.907,-0.137,-0.133
24.929,-0.137,-0.133
24.951,-0.137,-0.133
24.973,-0.138,-0.133
24.995,-0.137,-0.133
25.017,-0.138,-0.133
25.039,-0.138,-0.133
25.061,-0.138,-0.133
25.083,-0.138,-0.133
25.105,-0.138,-0.133
25.127,-0.138,-0.133
25.149,-0.138,-0.133
25.171,-0.138,-0.133
25.193,-0.138,-0.133
25.215,-0.138,-0.133
25.237,-0.138,-0.133
25.259,-0.138,-0.133
25.281,-0.138,-0.133
25.302,-0.138,-0.133
25.324,-0.138,-0.134
25.346,-0.138,-0.134
25.368,-0.138,-0.134
25.390,-0.138,-0.134
25.412,-0.139,-0.134
25.434,-0.138,-0.134
25.456,-0.138,-0.134
25.478,-0.138,-0.134
25.500,-0.138,-0.134
25.522,-0.138,-0.134
25.544,-0.138,-0.133
25.566,-0.138,-0.133
25.588,-0.138,-0.133
25.610,-0.138,-0.133
25.632,-0.138,-0.132
25.654,-0.138,-0.132
25.676,-0.138,-0.132
25.697,-0.137,-0.132
25.719,-0.137,-0.132
25.741,-0.137,-0.132
25.763,-0.137,-0.132
25.785,-0.137,-0.132
25.807,-0.137,-0.132
25.829,-0.137,-0.132
25.851,-0.137,-0.132
25.873,-0.137,-0.132
25.895,-0.138,-0.132
25.917,-0.137,-0.132
25.939,-0.138,-0.131
25.961,-0.138,-0.131
25.983,-0.137,-0.131
26.005,-0.137,-0.131
26.027,-0.137,-0.131
26.049,-0.137,-0.131
26.071,-0.137,-0.131
26.092,-0.137,-0.131
26.114,-0.138,-0.131
26.136,-0.138,-0.131
26.158,-0.137,-0.131
26.180,-0.138,-0.131
26.202,-0.138,-0.131
26.224,-0.138,-0.131
26.246,-0.138,-0.131
26.268,-0.138,-0.131
26.290,-0.138,-0.131
26.312,-0.138,-0.131
26.334,-0.138,-0.131
26.356,-0.138,-0.131
26.378,-0.139,-0.131
26.400,-0.138,-0.131
26.422,-0.138,-0.130
26.444,-0.138,-0.130
26.466,-0.139,-0.130
26.487,-0.138,-0.129
26.509,-0.138,-0.129
26.531,-0.138,-0.129
26.553,-0.139,-0.129
26.575,-0.138,-0.129
26.597,-0.138,-0.129
26.619,-0.138,-0.129
26.641,-0.138,-0.129
26.663,-0.138,-0.129
26.685,-0.138,-0.129
26.707,-0.138,-0.129
26.729,-0.138,-0.128
26.751,-0.138,-0.128
26.773,-0.138,-0.128
26.795,-0.138,-0.128
26.817,-0.138,-0.127
26.839,-0.137,-0.127
26.861,-0.138,-0.127
26.883,-0.138,-0.127
26.904,-0.137,-0.127
26.926,-0.137,-0.127
26.948,-0.138,-0.127
26.970,-0.137,-0.126
26.992,-0.138,-0.126
27.014,-0.138,-0.126
27.036,-0.137,-0.126
27.058,-0.137,-0.126
27.080,-0.137,-0.125
27.102,-0.138,-0.125
27.124,-0.138,-0.125
27.146,-0.137,-0.125
27.168,-0.137,-0.125
27.190,-0.137,-0.125
27.212,-0.137,-0.124
27.234,-0.137,-0.124
27.256,-0.138,-0.124
27.278,-0.138,-0.124
27.299,-0.138,-0.123
27.321,-0.138,-0.124
27.343,-0.137,-0.123
27.365,-0.138,-0.123
27.387,-0.138,-0.123
27.409,-0.138,-0.123
27.431,-0.138,-0.123
27.453,-0.138,-0.123
27.475,-0.138,-0.123
27.497,-0.138,-0.124
27.519,-0.138,-0.124
27.541,-0.138,-0.124
27.563,-0.138,-0.124
27.585,-0.138,-0.124
27.607,-0.138,-0.124
27.629,-0.138,-0.125
27.651,-0.138,-0.125
27.673,-0.138,-0.125
27.694,-0.138,-0.126
27.716,-0.138,-0.126
27.738,-0.138,-0.126
27.760,-0.138,-0.126
27.782,-0.138,-0.126
27.804,-0.138,-0.126
27.826,-0.137,-0.127
27.848,-0.137,-0.127
27.870,-0.138,-0.127
27.892,-0.138,-0.127
27.914,-0.137,-0.127
27.936,-0.137,-0.127
27.958,-0.137,-0.127
27.980,-0.137,-0.127
28.002,-0.137,-0.127
28.024,-0.137,-0.126
28.046,-0.137,-0.127
28.068,-0.137,-0.127
28.089,-0.137,-0.127
28.111,-0.137,-0.126
28.133,-0.137,-0.127
28.155,-0.137,-0.127
28.177,-0.137,-0.126
28.199,-0.137,-0.126
28.221,-0.137,-0.126
28.243,-0.137,-0.126
28.265,-0.137,-0.126
28.287,-0.136,-0.126
28.309,-0.136,-0.126
28.331,-0.137,-0.125
28.353,-0.136,-0.125
28.375,-0.136,-0.125
28.397,-0.137,-0.125
28.419,-0.136,-0.125
28.441,-0.136,-0.124
28.463,-0.136,-0.124
28.484,-0.136,-0.124
28.506,-0.137,-0.124
28.528,-0.137,-0.124
28.550,-0.137,-0.124
28.572,-0.137,-0.124
28.594,-0.137,-0.124
28.616,-0.137,-0.124
28.638,-0.137,-0.124
28.660,-0.137,-0.124
28.682,-0.136,-0.124
28.704,-0.137,-0.124
28.726,-0.137,-0.124
28.748,-0.137,-0.124
28.770,-0.137,-0.124
28.792,-0.136,-0.124
28.814,-0.136,-0.125
28.836,-0.136,-0.125
28.858,-0.136,-0.125
28.879,-0.137,-0.125
28.901,-0.137,-0.125
28.923,-0.137,-0.125
28.945,-0.137,-0.125
28.967,-0.137,-0.125
28.989,-0.137,-0.126
29.011,-0.137,-0.126
29.033,-0.137,-0.126
29.055,-0.138,-0.126
29.077,-0.138,-0.126
29.099,-0.138,-0.126
29.121,-0.138,-0.127
29.143,-0.138,-0.127
29.165,-0.138,-0.127
29.187,-0.138,-0.128
29.209,-0.137,-0.128
29.231,-0.138,-0.128
29.253,-0.138,-0.128
29.274,-0.137,-0.129
29.296,-0.137,-0.129
29.318,-0.137,-0.129
29.340,-0.137,-0.129
29.362,-0.137,-0.129
29.384,-0.137,-0.129
29.406,-0.136,-0.129
29.428,-0.136,-0.129
29.450,-0.136,-0.128
29.472,-0.136,-0.128
29.494,-0.136,-0.128
29.516,-0.136,-0.128
29.538,-0.136,-0.128
29.560,-0.136,-0.128
29.582,-0.136,-0.128
29.604,-0.136,-0.128
29.626,-0.136,-0.128
29.648,-0.136,-0.128
29.670,-0.136,-0.128
29.691,-0.136,-0.127
29.713,-0.136,-0.127
29.735,-0.136,-0.127
29.757,-0.136,-0.127
29.779,-0.136,-0.127
29.801,-0.136,-0.127
29.823,-0.136,-0.127
29.845,-0.136,-0.127
29.867,-0.136,-0.127
29.889,-0.136,-0.127
29.911,-0.136,-0.127
29.933,-0.136,-0.127
29.955,-0.136,-0.127
29.977,-0.136,-0.128
29.999,-0.136,-0.128
30.021,-0.136,-0.127
30.043,-0.136,-0.128
30.065,-0.136,-0.128
30.086,-0.136,-0.127
30.108,-0.136,-0.127
30.130,-0.136,-0.127
30.152,-0.137,-0.127
30.174,-0.137,-0.127
30.196,-0.137,-0.127
30.218,-0.137,-0.127
30.240,-0.137,-0.127
30.262,-0.137,-0.127
30.284,-0.137,-0.127
30.306,-0.137,-0.127
30.328,-0.136,-0.128
30.350,-0.137,-0.128
30.372,-0.137,-0.128
30.394,-0.137,-0.129
30.416,-0.137,-0.129
30.438,-0.137,-0.130
30.460,-0.137,-0.130
30.481,-0.137,-0.131
30.503,-0.137,-0.131
30.525,-0.136,-0.131
30.547,-0.137,-0.132
30.569,-0.136,-0.132
30.591,-0.137,-0.132
30.613,-0.137,-0.132
30.635,-0.137,-0.132
30.657,-0.137,-0.132
30.679,-0.137,-0.132
30.701,-0.137,-0.131
30.723,-0.137,-0.131
30.745,-0.137,-0.131
30.767,-0.137,-0.131
30.789,-0.137,-0.131
30.811,-0.138,-0.131
30.833,-0.138,-0.131
30.855,-0.137,-0.131
30.876,-0.137,-0.131
30.898,-0.138,-0.131
30.920,-0.138,-0.131
30.942,-0.138,-0.131
30.964,-0.138,-0.131
30.986,-0.138,-0.132
31.008,-0.138,-0.131
31.030,-0.138,-0.132
31.052,-0.138,-0.131
31.074,-0.138,-0.132
31.096,-0.138,-0.132
31.118,-0.138,-0.132
31.140,-0.138,-0.132
31.162,-0.138,-0.132
31.184,-0.138,-0.132
31.206,-0.138,-0.132
31.228,-0.138,-0.132
31.250,-0.138,-0.132
31.271,-0.138,-0.132
31.293,-0.138,-0.133
31.315,-0.138,-0.133
31.337,-0.138,-0.133
31.359,-0.138,-0.134
31.381,-0.138,-0.134
31.403,-0.138,-0.135
31.425,-0.138,-0.135
31.447,-0.138,-0.135
31.469,-0.138,-0.136
31.491,-0.138,-0.136
31.513,-0.138,-0.136
31.535,-0.138,-0.137
31.557,-0.138,-0.137
31.579,-0.138,-0.137
31.601,-0.138,-0.137
31.623,-0.138,-0.137
31.645,-0.138,-0.137
31.666,-0.138,-0.137
31.688,-0.138,-0.137
31.710,-0.138,-0.137
31.732,-0.138,-0.137
31.754,-0.138,-0.137
31.776,-0.138,-0.137
31.798,-0.138,-0.137
31.820,-0.138,-0.137
31.842,-0.138,-0.137
31.864,-0.138,-0.137
31.886,-0.138,-0.137
31.908,-0.138,-0.136
31.930,-0.138,-0.136
31.952,-0.138,-0.136
31.974,-0.138,-0.136
31.996,-0.138,-0.135
32.018,-0.137,-0.135
32.040,-0.137,-0.135
32.061,-0.138,-0.135
32.083,-0.138,-0.135
32.105,-0.137,-0.134
32.127,-0.137,-0.134
32.149,-0.137,-0.134
32.171,-0.137,-0.133
32.193,-0.137,-0.133
32.215,-0.137,-0.133
32.237,-0.137,-0.133
32.259,-0.137,-0.133
32.281,-0.137,-0.133
32.303,-0.137,-0.132
32.325,-0.137,-0.132
32.347,-0.137,-0.132
32.369,-0.137,-0.131
32.391,-0.137,-0.131
32.413,-0.137,-0.131
32.435,-0.137,-0.130
32.457,-0.137,-0.130
32.478,-0.137,-0.130
32.500,-0.137,-0.130
32.522,-0.137,-0.130
32.544,-0.136,-0.129
32.566,-0.137,-0.129
32.588,-0.137,-0.129
32.610,-0.137,-0.129
32.632,-0.137,-0.130
32.654,-0.137,-0.130
32.676,-0.137,-0.130
32.698,-0.136,-0.130
32.720,-0.137,-0.130
32.742,-0.137,-0.130
32.764,-0.137,-0.130
32.786,-0.137,-0.130
32.808,-0.137,-0.130
32.830,-0.137,-0.130
32.852,-0.137,-0.130
32.873,-0.137,-0.131
32.895,-0.137,-0.131
32.917,-0.137,-0.131
32.939,-0.137,-0.131
32.961,-0.137,-0.131
32.983,-0.137,-0.131
33.005,-0.137,-0.131
33.027,-0.137,-0.131
33.049,-0.137,-0.131
33.071,-0.137,-0.132
33.093,-0.137,-0.132
33.115,-0.137,-0.132
33.137,-0.137,-0.132
33.159,-0.137,-0.132
33.181,-0.137,-0.132
33.203,-0.137,-0.132
33.225,-0.137,-0.132
33.247,-0.137,-0.132
33.268,-0.137,-0.132
33.290,-0.136,-0.132
33.312,-0.136,-0.132
33.334,-0.136,-0.132
33.356,-0.136,-0.131
33.378,-0.137,-0.131
33.400,-0.136,-0.131
33.422,-0.137,-0.131
33.444,-0.137,-0.131
33.466,-0.137,-0.131
33.488,-0.137,-0.131
33.510,-0.136,-0.131
33.532,-0.137,-0.131
33.554,-0.137,-0.130
33.576,-0.137,-0.130
33.598,-0.137,-0.130
33.620,-0.136,-0.131
33.642,-0.136,-0.130
33.663,-0.136,-0.130
33.685,-0.136,-0.130
33.707,-0.136,-0.130
33.729,-0.136,-0.130
33.751,-0.136,-0.130
33.773,-0.136,-0.130
33.795,-0.135,-0.130
33.817,-0.136,-0.130
33.839,-0.136,-0.131
33.861,-0.136,-0.130
33.883,-0.136,-0.131
33.905,-0.136,-0.130
33.927,-0.136,-0.130
33.949,-0.136,-0.130
33.971,-0.136,-0.130
33.993,-0.136,-0.130
34.015,-0.136,-0.129
34.037,-0.136,-0.129
34.058,-0.136,-0.129
34.080,-0.136,-0.129
34.102,-0.136,-0.128
34.124,-0.136,-0.128
34.146,-0.135,-0.128
34.168,-0.136,-0.128
34.190,-0.135,-0.128
34.212,-0.136,-0.127
34.234,-0.136,-0.127
34.256,-0.136,-0.127
34.278,-0.136,-0.127
34.300,-0.136,-0.127
34.322,-0.136,-0.126
34.344,-0.136,-0.126
34.366,-0.136,-0.126
34.388,-0.136,-0.126
34.410,-0.136,-0.126
34.432,-0.136,-0.126
34.453,-0.136,-0.126
34.475,-0.136,-0.126
34.497,-0.137,-0.126
34.519,-0.137,-0.126
34.541,-0.136,-0.127
34.563,-0.137,-0.127
34.585,-0.136,-0.127
34.607,-0.137,-0.127
34.629,-0.137,-0.127
34.651,-0.136,-0.128
34.673,-0.136,-0.128
34.695,-0.137,-0.128
34.717,-0.137,-0.128
34.739,-0.137,-0.129
34.761,-0.137,-0.129
34.783,-0.137,-0.129
34.805,-0.137,-0.130
34.827,-0.137,-0.130
34.849,-0.137,-0.131
34.870,-0.137,-0.131
34.892,-0.137,-0.131
34.914,-0.136,-0.132
34.936,-0.137,-0.132
34.958,-0.136,-0.132
34.980,-0.136,-0.132
35.002,-0.136,-0.132
35.024,-0.136,-0.132
35.046,-0.136,-0.132
35.068,-0.136,-0.132
35.090,-0.136,-0.132
35.112,-0.136,-0.132
35.134,-0.136,-0.132
35.156,-0.136,-0.132
35.178,-0.135,-0.132
35.200,-0.135,-0.131
35.222,-0.135,-0.131
35.244,-0.135,-0.131
35.265,-0.135,-0.131
35.287,-0.135,-0.130
35.309,-0.135,-0.130
35.331,-0.135,-0.130
35.353,-0.135,-0.129
35.375,-0.135,-0.129
35.397,-0.135,-0.129
35.419,-0.134,-0.128
35.441,-0.135,-0.128
35.463,-0.135,-0.127
35.485,-0.134,-0.127
35.507,-0.134,-0.127
35.529,-0.135,-0.126
35.551,-0.135,-0.126
35.573,-0.135,-0.126
35.595,-0.135,-0.126
35.617,-0.135,-0.126
35.639,-0.135,-0.126
35.660,-0.135,-0.126
35.682,-0.135,-0.126
35.704,-0.135,-0.125
35.726,-0.135,-0.126
35.748,-0.135,-0.125
35.770,-0.135,-0.126
35.792,-0.135,-0.126
35.814,-0.135,-0.126
35.836,-0.135,-0.126
35.858,-0.135,-0.126
35.880,-0.135,-0.126
35.902,-0.135,-0.126
35.924,-0.135,-0.127
35.946,-0.135,-0.127
35.968,-0.135,-0.127
35.990,-0.136,-0.127
36.012,-0.136,-0.128
36.034,-0.135,-0.128
36.055,-0.135,-0.128
36.077,-0.135,-0.128
36.099,-0.136,-0.128
36.121,-0.136,-0.128
36.143,-0.136,-0.128
36.165,-0.136,-0.129
36.187,-0.136,-0.129
36.209,-0.136,-0.129
36.231,-0.135,-0.129
36.253,-0.135,-0.129
36.275,-0.135,-0.129
36.297,-0.135,-0.129
36.319,-0.135,-0.129
36.341,-0.135,-0.129
36.363,-0.136,-0.129
36.385,-0.135,-0.129
36.407,-0.135,-0.129
36.429,-0.135,-0.129
36.450,-0.135,-0.129
36.472,-0.135,-0.129
36.494,-0.135,-0.129
36.516,-0.135,-0.129
36.538,-0.135,-0.129
36.560,-0.135,-0.129
36.582,-0.135,-0.129
36.604,-0.135,-0.129
36.626,-0.135,-0.129
36.648,-0.135,-0.129
36.670,-0.135,-0.129
36.692,-0.135,-0.129
36.714,-0.135,-0.129
36.736,-0.135,-0.129
36.758,-0.135,-0.130
36.780,-0.135,-0.130
36.802,-0.135,-0.130
36.824,-0.135,-0.129
36.845,-0.135,-0.129
36.867,-0.135,-0.129
36.889,-0.135,-0.129
36.911,-0.135,-0.129
36.933,-0.136,-0.129
36.955,-0.135,-0.129
36.977,-0.135,-0.129
36.999,-0.136,-0.129
37.021,-0.136,-0.129
37.043,-0.135,-0.129
37.065,-0.135,-0.129
37.087,-0.135,-0.129
37.109,-0.135,-0.129
37.131,-0.135,-0.129
37.153,-0.135,-0.129
37.175,-0.136,-0.129
37.197,-0.135,-0.129
37.219,-0.136,-0.129
37.240,-0.136,-0.129
37.262,-0.136,-0.129
37.284,-0.135,-0.130
37.306,-0.136,-0.130
37.328,-0.136,-0.130
37.350,-0.136,-0.130
37.372,-0.135,-0.130
37.394,-0.136,-0.130
37.416,-0.135,-0.130
37.438,-0.135,-0.130
37.460,-0.135,-0.130
37.482,-0.135,-0.130
37.504,-0.135,-0.131
37.526,-0.136,-0.131
37.548,-0.135,-0.131
37.570,-0.135,-0.131
37.592,-0.136,-0.131
37.614,-0.135,-0.132
37.636,-0.135,-0.132
37.657,-0.135,-0.132
37.679,-0.135,-0.132
37.701,-0.135,-0.132
37.723,-0.135,-0.133
37.745,-0.135,-0.133
37.767,-0.135,-0.133
37.789,-0.135,-0.133
37.811,-0.134,-0.133
37.833,-0.135,-0.133
37.855,-0.134,-0.133
37.877,-0.135,-0.132
37.899,-0.134,-0.132
37.921,-0.134,-0.132
37.943,-0.135,-0.132
37.965,-0.134,-0.133
37.987,-0.134,-0.132
38.009,-0.134,-0.133
38.031,-0.134,-0.133
38.052,-0.135,-0.133
38.074,-0.134,-0.133
38.096,-0.134,-0.133
38.118,-0.134,-0.132
38.140,-0.134,-0.132
38.162,-0.135,-0.133
38.184,-0.135,-0.133
38.206,-0.135,-0.133
38.228,-0.135,-0.133
38.250,-0.135,-0.132
38.272,-0.135,-0.133
38.294,-0.135,-0.133
38.316,-0.136,-0.132
38.338,-0.135,-0.133
38.360,-0.136,-0.133
38.382,-0.136,-0.133
38.404,-0.136,-0.133
38.426,-0.136,-0.133
38.447,-0.136,-0.133
38.469,-0.136,-0.133
38.491,-0.136,-0.134
38.513,-0.136,-0.134
38.535,-0.137,-0.134
38.557,-0.137,-0.135
38.579,-0.136,-0.135
38.601,-0.136,-0.135
38.623,-0.137,-0.136
38.645,-0.137,-0.136
38.667,-0.137,-0.137
38.689,-0.137,-0.137
38.711,-0.137,-0.137
38.733,-0.137,-0.138
38.755,-0.137,-0.138
38.777,-0.137,-0.138
38.799,-0.137,-0.138
38.821,-0.137,-0.138
38.842,-0.137,-0.138
38.864,-0.137,-0.139
38.886,-0.137,-0.139
38.908,-0.137,-0.139
38.930,-0.137,-0.139
38.952,-0.137,-0.139
38.974,-0.137,-0.139
38.996,-0.137,-0.139
39.018,-0.137,-0.139
39.040,-0.137,-0.139
39.062,-0.137,-0.138
39.084,-0.137,-0.138
39.106,-0.136,-0.138
39.128,-0.137,-0.137
39.150,-0.137,-0.137
39.172,-0.136,-0.137
39.194,-0.137,-0.137
39.216,-0.137,-0.136
39.237,-0.137,-0.136
39.259,-0.137,-0.136
39.281,-0.137,-0.136
39.303,-0.137,-0.135
39.325,-0.137,-0.135
39.347,-0.137,-0.135
39.369,-0.137,-0.135
39.391,-0.137,-0.134
39.413,-0.137,-0.134
39.435,-0.137,-0.134
39.457,-0.137,-0.133
39.479,-0.137,-0.133
39.501,-0.136,-0.133
39.523,-0.136,-0.132
39.545,-0.136,-0.132
39.567,-0.136,-0.132
39.589,-0.136,-0.132
39.611,-0.136,-0.131
39.632,-0.136,-0.131
39.654,-0.136,-0.131
39.676,-0.136,-0.131
39.698,-0.136,-0.130
39.720,-0.135,-0.130
39.742,-0.136,-0.130
39.764,-0.135,-0.130
39.786,-0.135,-0.130
39.808,-0.135,-0.129
39.830,-0.135,-0.128
39.852,-0.134,-0.128
39.874,-0.135,-0.128
39.896,-0.135,-0.127
39.918,-0.135,-0.127
39.940,-0.135,-0.127
39.962,-0.134,-0.126
39.984,-0.134,-0.126
40.006,-0.134,-0.125
40.027,-0.134,-0.125
40.049,-0.134,-0.125
40.071,-0.134,-0.125
40.093,-0.134,-0.124
40.115,-0.134,-0.123
40.137,-0.134,-0.123
40.159,-0.134,-0.123
40.181,-0.134,-0.123
40.203,-0.133,-0.123
40.225,-0.133,-0.123
40.247,-0.134,-0.122
40.269,-0.134,-0.122
40.291,-0.134,-0.121
40.313,-0.134,-0.121
40.335,-0.134,-0.121
40.357,-0.134,-0.121
40.379,-0.134,-0.121
40.401,-0.134,-0.121
40.423,-0.134,-0.121
40.444,-0.134,-0.120
40.466,-0.134,-0.120
40.488,-0.135,-0.120
40.510,-0.134,-0.120
40.532,-0.134,-0.120
40.554,-0.134,-0.120
40.576,-0.135,-0.120
40.598,-0.135,-0.119
40.620,-0.135,-0.120
40.642,-0.135,-0.120
40.664,-0.135,-0.120
40.686,-0.135,-0.120
40.708,-0.135,-0.120
40.730,-0.135,-0.121
40.752,-0.135,-0.121
40.774,-0.135,-0.121
40.796,-0.135,-0.122
40.818,-0.135,-0.122
40.839,-0.134,-0.122
40.861,-0.135,-0.123
40.883,-0.134,-0.123
40.905,-0.134,-0.123
40.927,-0.134,-0.124
40.949,-0.135,-0.124
40.971,-0.135,-0.124
40.993,-0.135,-0.124
41.015,-0.135,-0.124
41.037,-0.135,-0.124
41.059,-0.135,-0.124
41.081,-0.135,-0.125
41.103,-0.135,-0.125
41.125,-0.135,-0.125
41.147,-0.135,-0.125
41.169,-0.135,-0.126
41.191,-0.135,-0.126
41.213,-0.135,-0.126
41.234,-0.134,-0.126
41.256,-0.135,-0.126
41.278,-0.135,-0.126
41.300,-0.135,-0.127
41.322,-0.135,-0.126
41.344,-0.135,-0.127
41.366,-0.135,-0.127
41.388,-0.135,-0.127
41.410,-0.135,-0.126
41.432,-0.135,-0.126
41.454,-0.135,-0.127
41.476,-0.135,-0.126
41.498,-0.135,-0.126
41.520,-0.135,-0.126
41.542,-0.135,-0.126
41.564,-0.135,-0.126
41.586,-0.135,-0.126
41.608,-0.134,-0.126
41.629,-0.135,-0.126
41.651,-0.135,-0.126
41.673,-0.134,-0.126
41.695,-0.134,-0.126
41.717,-0.135,-0.126
41.739,-0.135,-0.126
41.761,-0.135,-0.126
41.783,-0.135,-0.126
41.805,-0.135,-0.126
41.827,-0.135,-0.127
41.849,-0.135,-0.127
41.871,-0.135,-0.127
41.893,-0.134,-0.127
41.915,-0.134,-0.127
41.937,-0.135,-0.127
41.959,-0.135,-0.127
41.981,-0.134,-0.128
42.003,-0.135,-0.128
42.024,-0.135,-0.128
42.046,-0.135,-0.128
42.068,-0.135,-0.128
42.090,-0.135,-0.128
42.112,-0.134,-0.129
42.134,-0.135,-0.128
42.156,-0.135,-0.129
42.178,-0.135,-0.128
42.200,-0.135,-0.129
42.222,-0.135,-0.129
42.244,-0.135,-0.128
42.266,-0.135,-0.128
42.288,-0.135,-0.128
42.310,-0.135,-0.128
42.332,-0.135,-0.128
42.354,-0.136,-0.128
42.376,-0.135,-0.128
42.398,-0.135,-0.128
42.419,-0.135,-0.128
42.441,-0.135,-0.128
42.463,-0.135,-0.128
42.485,-0.136,-0.127
42.507,-0.136,-0.127
42.529,-0.135,-0.128
42.551,-0.136,-0.127
42.573,-0.136,-0.127
42.595,-0.136,-0.127
42.617,-0.136,-0.127
42.639,-0.136,-0.127
42.661,-0.135,-0.127
42.683,-0.135,-0.127
42.705,-0.136,-0.127
42.727,-0.136,-0.127
42.749,-0.136,-0.127
42.771,-0.135,-0.127
42.793,-0.136,-0.127
42.815,-0.136,-0.127
42.836,-0.135,-0.127
42.858,-0.135,-0.127
42.880,-0.135,-0.127
42.902,-0.135,-0.126
42.924,-0.135,-0.126
42.946,-0.135,-0.126
42.968,-0.135,-0.126
42.990,-0.135,-0.125
43.012,-0.135,-0.125
43.034,-0.135,-0.125
43.056,-0.135,-0.124
43.078,-0.135,-0.124
43.100,-0.135,-0.124
43.122,-0.135,-0.124
43.144,-0.135,-0.124
43.166,-0.135,-0.124
43.188,-0.134,-0.124
43.210,-0.134,-0.124
43.231,-0.135,-0.123
43.253,-0.134,-0.123
43.275,-0.134,-0.123
43.297,-0.134,-0.123
43.319,-0.134,-0.123
43.341,-0.134,-0.123
43.363,-0.134,-0.122
43.385,-0.134,-0.122
43.407,-0.134,-0.123
43.429,-0.134,-0.122
43.451,-0.134,-0.122
43.473,-0.134,-0.122
43.495,-0.134,-0.122
43.517,-0.134,-0.122
43.539,-0.134,-0.122
43.561,-0.135,-0.122
43.583,-0.134,-0.123
43.605,-0.135,-0.123
43.626,-0.135,-0.123
43.648,-0.135,-0.123
43.670,-0.135,-0.123
43.692,-0.135,-0.123
43.714,-0.135,-0.123
43.736,-0.135,-0.124
43.758,-0.135,-0.123
43.780,-0.135,-0.124
43.802,-0.136,-0.124
43.824,-0.136,-0.124
