,mass A,,
t,x,y,
0.000,-0.130,-4.863E-2
0.017,-0.130,-4.847E-2
0.033,-0.131,-4.829E-2
0.050,-0.131,-4.780E-2
0.067,-0.131,-4.753E-2
0.083,-0.131,-4.735E-2
0.100,-0.130,-4.705E-2
0.117,-0.130,-4.686E-2
0.133,-0.129,-4.679E-2
0.150,-0.128,-4.681E-2
0.167,-0.127,-4.698E-2
0.183,-0.126,-4.714E-2
0.200,-0.126,-4.735E-2
0.217,-0.126,-4.718E-2
0.233,-0.126,-4.710E-2
0.250,-0.126,-4.629E-2
0.267,-0.126,-4.567E-2
0.283,-0.126,-4.409E-2
0.300,-0.126,-4.281E-2
0.317,-0.126,-4.135E-2
0.333,-0.127,-4.059E-2
0.350,-0.127,-3.963E-2
0.367,-0.128,-3.945E-2
0.383,-0.128,-3.952E-2
0.400,-0.129,-4.018E-2
0.417,-0.129,-4.087E-2
0.433,-0.130,-4.199E-2
0.450,-0.131,-4.366E-2
0.467,-0.131,-4.531E-2
0.483,-0.132,-4.716E-2
0.500,-0.132,-4.887E-2
0.517,-0.132,-5.061E-2
0.533,-0.132,-5.206E-2
0.550,-0.132,-5.324E-2
0.567,-0.133,-5.355E-2
0.584,-0.133,-5.368E-2
0.600,-0.134,-5.356E-2
0.617,-0.134,-5.376E-2
0.634,-0.135,-5.386E-2
0.650,-0.135,-5.442E-2
0.667,-0.136,-5.459E-2
0.684,-0.136,-5.501E-2
0.700,-0.137,-5.569E-2
0.717,-0.137,-5.644E-2
0.734,-0.136,-5.690E-2
0.750,-0.136,-5.771E-2
0.767,-0.134,-5.846E-2
0.784,-0.133,-5.891E-2
0.800,-0.131,-5.906E-2
0.817,-0.130,-5.903E-2
0.834,-0.129,-5.903E-2
0.850,-0.128,-5.904E-2
0.867,-0.127,-5.910E-2
0.884,-0.127,-5.905E-2
0.900,-0.127,-5.906E-2
0.917,-0.126,-5.918E-2
0.934,-0.126,-5.976E-2
0.950,-0.125,-6.016E-2
0.967,-0.124,-6.089E-2
0.984,-0.123,-6.097E-2
1.000,-0.123,-6.153E-2
1.017,-0.123,-6.136E-2
1.034,-0.123,-6.135E-2
1.050,-0.123,-6.086E-2
1.067,-0.124,-6.056E-2
1.084,-0.124,-6.011E-2
1.100,-0.124,-5.958E-2
1.117,-0.124,-5.881E-2
1.134,-0.124,-5.834E-2
1.150,-0.124,-5.740E-2
1.167,-0.124,-5.686E-2
1.184,-0.124,-5.602E-2
1.200,-0.124,-5.581E-2
1.217,-0.124,-5.563E-2
1.234,-0.123,-5.579E-2
1.250,-0.123,-5.630E-2
1.267,-0.123,-5.679E-2
1.284,-0.123,-5.759E-2
1.300,-0.123,-5.791E-2
1.317,-0.123,-5.842E-2
1.334,-0.123,-5.849E-2
1.350,-0.122,-5.849E-2
1.367,-0.122,-5.797E-2
1.384,-0.122,-5.769E-2
1.400,-0.122,-5.686E-2
1.417,-0.122,-5.546E-2
1.434,-0.123,-5.369E-2
1.450,-0.123,-5.208E-2
1.467,-0.124,-5.062E-2
1.484,-0.124,-4.949E-2
1.500,-0.125,-4.858E-2
1.517,-0.125,-4.772E-2
1.534,-0.125,-4.694E-2
1.550,-0.125,-4.614E-2
1.567,-0.125,-4.569E-2
1.584,-0.125,-4.509E-2
1.600,-0.124,-4.446E-2
1.617,-0.124,-4.382E-2
1.634,-0.124,-4.329E-2
1.650,-0.123,-4.281E-2
1.667,-0.123,-4.251E-2
1.684,-0.123,-4.239E-2
1.700,-0.123,-4.236E-2
1.717,-0.124,-4.236E-2
1.734,-0.124,-4.247E-2
1.751,-0.124,-4.268E-2
1.767,-0.125,-4.287E-2
1.784,-0.125,-4.294E-2
1.801,-0.125,-4.310E-2
1.817,-0.125,-4.290E-2
1.834,-0.126,-4.252E-2
1.851,-0.126,-4.206E-2
1.867,-0.126,-4.182E-2
1.884,-0.126,-4.161E-2
1.901,-0.126,-4.190E-2
1.917,-0.126,-4.226E-2
1.934,-0.126,-4.279E-2
1.951,-0.125,-4.344E-2
1.967,-0.125,-4.443E-2
1.984,-0.124,-4.532E-2
2.001,-0.124,-4.627E-2
2.017,-0.124,-4.674E-2
2.034,-0.124,-4.700E-2
2.051,-0.124,-4.723E-2
2.067,-0.125,-4.689E-2
2.084,-0.125,-4.645E-2
2.101,-0.125,-4.594E-2
2.117,-0.125,-4.516E-2
2.134,-0.125,-4.434E-2
2.151,-0.125,-4.372E-2
2.167,-0.126,-4.290E-2
2.184,-0.127,-4.228E-2
2.201,-0.127,-4.142E-2
2.217,-0.128,-4.059E-2
2.234,-0.128,-3.961E-2
2.251,-0.128,-3.890E-2
2.267,-0.128,-3.794E-2
2.284,-0.128,-3.713E-2
2.301,-0.128,-3.623E-2
2.317,-0.128,-3.530E-2
2.334,-0.127,-3.463E-2
2.351,-0.127,-3.417E-2
2.367,-0.126,-3.378E-2
2.384,-0.126,-3.376E-2
2.401,-0.126,-3.355E-2
2.417,-0.126,-3.331E-2
2.434,-0.127,-3.291E-2
2.451,-0.127,-3.285E-2
2.467,-0.127,-3.285E-2
2.484,-0.127,-3.289E-2
2.501,-0.127,-3.300E-2
2.517,-0.127,-3.283E-2
2.534,-0.127,-3.326E-2
2.551,-0.127,-3.409E-2
2.567,-0.127,-3.532E-2
2.584,-0.126,-3.673E-2
2.601,-0.126,-3.830E-2
2.617,-0.126,-3.981E-2
2.634,-0.126,-4.127E-2
2.651,-0.127,-4.274E-2
2.667,-0.127,-4.411E-2
2.684,-0.127,-4.530E-2
2.701,-0.127,-4.651E-2
2.717,-0.126,-4.761E-2
2.734,-0.127,-4.784E-2
2.751,-0.127,-4.765E-2
2.767,-0.127,-4.732E-2
2.784,-0.128,-4.717E-2
2.801,-0.128,-4.702E-2
2.817,-0.128,-4.683E-2
2.834,-0.127,-4.658E-2
2.851,-0.127,-4.672E-2
2.868,-0.126,-4.691E-2
2.884,-0.126,-4.769E-2
2.901,-0.125,-4.849E-2
2.918,-0.125,-4.943E-2
2.934,-0.125,-5.032E-2
2.951,-0.125,-5.135E-2
2.968,-0.126,-5.176E-2
2.984,-0.126,-5.271E-2
3.001,-0.126,-5.365E-2
3.018,-0.126,-5.490E-2
3.034,-0.126,-5.627E-2
3.051,-0.126,-5.767E-2
3.068,-0.126,-5.900E-2
3.084,-0.126,-6.000E-2
3.101,-0.127,-6.094E-2
3.118,-0.127,-6.141E-2
3.134,-0.128,-6.213E-2
3.151,-0.128,-6.232E-2
3.168,-0.128,-6.287E-2
3.184,-0.128,-6.273E-2
3.201,-0.128,-6.230E-2
3.218,-0.128,-6.115E-2
3.234,-0.128,-5.996E-2
3.251,-0.128,-5.822E-2
3.268,-0.128,-5.682E-2
3.284,-0.127,-5.492E-2
3.301,-0.127,-5.367E-2
3.318,-0.126,-5.246E-2
3.334,-0.126,-5.140E-2
3.351,-0.126,-4.991E-2
3.368,-0.125,-4.871E-2
3.384,-0.125,-4.703E-2
3.401,-0.125,-4.562E-2
3.418,-0.125,-4.427E-2
3.434,-0.126,-4.284E-2
3.451,-0.126,-4.195E-2
3.468,-0.126,-4.100E-2
3.484,-0.127,-4.042E-2
3.501,-0.127,-3.985E-2
3.518,-0.127,-3.973E-2
3.534,-0.127,-3.953E-2
3.551,-0.128,-3.946E-2
3.568,-0.128,-3.956E-2
3.584,-0.128,-3.974E-2
3.601,-0.128,-3.998E-2
3.618,-0.128,-4.035E-2
3.634,-0.128,-4.093E-2
3.651,-0.128,-4.163E-2
3.668,-0.128,-4.241E-2
3.684,-0.128,-4.332E-2
3.701,-0.128,-4.457E-2
3.718,-0.127,-4.582E-2
3.734,-0.127,-4.652E-2
3.751,-0.127,-4.714E-2
3.768,-0.127,-4.764E-2
3.784,-0.127,-4.821E-2
3.801,-0.127,-4.880E-2
3.818,-0.128,-4.944E-2
3.834,-0.128,-5.018E-2
3.851,-0.128,-5.074E-2
3.868,-0.128,-5.113E-2
3.884,-0.128,-5.130E-2
3.901,-0.129,-5.171E-2
3.918,-0.128,-5.204E-2
3.934,-0.128,-5.264E-2
3.951,-0.128,-5.325E-2
3.968,-0.128,-5.370E-2
3.984,-0.128,-5.359E-2
4.001,-0.129,-5.342E-2
4.018,-0.129,-5.287E-2
4.035,-0.130,-5.258E-2
4.051,-0.131,-5.207E-2
4.068,-0.131,-5.163E-2
4.085,-0.132,-5.121E-2
4.101,-0.132,-5.100E-2
4.118,-0.133,-5.088E-2
4.135,-0.133,-5.089E-2
4.151,-0.133,-5.083E-2
4.168,-0.133,-5.082E-2
4.185,-0.133,-5.087E-2
4.201,-0.133,-5.097E-2
4.218,-0.132,-5.105E-2
4.235,-0.131,-5.121E-2
4.251,-0.130,-5.116E-2
4.268,-0.130,-5.107E-2
4.285,-0.129,-5.079E-2
4.301,-0.128,-5.050E-2
4.318,-0.128,-5.016E-2
4.335,-0.127,-4.999E-2
4.351,-0.127,-4.948E-2
4.368,-0.126,-4.919E-2
4.385,-0.126,-4.869E-2
4.401,-0.126,-4.833E-2
4.418,-0.126,-4.822E-2
4.435,-0.125,-4.855E-2
4.451,-0.125,-4.898E-2
4.468,-0.125,-4.971E-2
4.485,-0.125,-5.046E-2
4.501,-0.125,-5.132E-2
4.518,-0.125,-5.203E-2
4.535,-0.126,-5.263E-2
4.551,-0.126,-5.329E-2
4.568,-0.126,-5.428E-2
4.585,-0.126,-5.530E-2
4.601,-0.126,-5.632E-2
4.618,-0.126,-5.658E-2
4.635,-0.127,-5.613E-2
4.651,-0.127,-5.510E-2
4.668,-0.127,-5.412E-2
4.685,-0.127,-5.302E-2
4.701,-0.127,-5.190E-2
4.718,-0.127,-5.074E-2
4.735,-0.126,-4.995E-2
4.751,-0.126,-4.890E-2
4.768,-0.126,-4.779E-2
4.785,-0.126,-4.678E-2
4.801,-0.126,-4.571E-2
4.818,-0.125,-4.457E-2
4.835,-0.125,-4.318E-2
4.851,-0.126,-4.149E-2
4.868,-0.126,-3.999E-2
4.885,-0.126,-3.871E-2
4.901,-0.127,-3.761E-2
4.918,-0.127,-3.673E-2
4.935,-0.128,-3.558E-2
4.951,-0.129,-3.472E-2
4.968,-0.130,-3.429E-2
4.985,-0.131,-3.420E-2
5.001,-0.131,-3.467E-2
5.018,-0.131,-3.523E-2
5.035,-0.131,-3.597E-2
5.051,-0.131,-3.659E-2
5.068,-0.130,-3.702E-2
5.085,-0.130,-3.720E-2
5.101,-0.129,-3.703E-2
5.118,-0.129,-3.689E-2
5.135,-0.128,-3.682E-2
5.152,-0.127,-3.708E-2
5.168,-0.127,-3.701E-2
5.185,-0.127,-3.710E-2
5.202,-0.127,-3.716E-2
5.218,-0.127,-3.733E-2
5.235,-0.127,-3.778E-2
5.252,-0.127,-3.825E-2
5.268,-0.127,-3.890E-2
5.285,-0.127,-3.934E-2
5.302,-0.127,-3.929E-2
5.318,-0.127,-3.884E-2
5.335,-0.127,-3.827E-2
5.352,-0.127,-3.763E-2
5.368,-0.127,-3.710E-2
5.385,-0.127,-3.706E-2
5.402,-0.127,-3.705E-2
5.418,-0.127,-3.735E-2
5.435,-0.126,-3.774E-2
5.452,-0.126,-3.823E-2
5.468,-0.126,-3.860E-2
5.485,-0.126,-3.926E-2
5.502,-0.126,-3.968E-2
5.518,-0.126,-3.998E-2
5.535,-0.126,-4.048E-2
5.552,-0.125,-4.107E-2
5.568,-0.125,-4.162E-2
5.585,-0.125,-4.208E-2
5.602,-0.124,-4.242E-2
5.618,-0.124,-4.272E-2
5.635,-0.125,-4.296E-2
5.652,-0.125,-4.297E-2
5.668,-0.126,-4.278E-2
5.685,-0.126,-4.249E-2
5.702,-0.126,-4.273E-2
5.718,-0.126,-4.291E-2
5.735,-0.126,-4.318E-2
5.752,-0.125,-4.368E-2
5.768,-0.125,-4.414E-2
5.785,-0.125,-4.467E-2
5.802,-0.126,-4.524E-2
5.818,-0.126,-4.587E-2
5.835,-0.126,-4.647E-2
5.852,-0.127,-4.688E-2
5.868,-0.127,-4.704E-2
5.885,-0.127,-4.743E-2
5.902,-0.127,-4.794E-2
5.918,-0.127,-4.843E-2
5.935,-0.127,-4.890E-2
5.952,-0.127,-4.916E-2
5.968,-0.127,-4.933E-2
5.985,-0.127,-4.947E-2
6.002,-0.128,-4.969E-2
6.018,-0.128,-5.008E-2
6.035,-0.127,-5.042E-2
6.052,-0.127,-5.070E-2
6.068,-0.127,-5.081E-2
6.085,-0.127,-5.087E-2
6.102,-0.127,-5.069E-2
6.118,-0.127,-5.058E-2
6.135,-0.127,-5.013E-2
6.152,-0.127,-5.000E-2
6.168,-0.127,-4.951E-2
6.185,-0.127,-4.927E-2
6.202,-0.128,-4.888E-2
6.218,-0.128,-4.852E-2
6.235,-0.128,-4.831E-2
6.252,-0.128,-4.833E-2
6.268,-0.128,-4.802E-2
6.285,-0.128,-4.775E-2
6.302,-0.128,-4.687E-2
6.319,-0.129,-4.590E-2
6.335,-0.129,-4.475E-2
6.352,-0.129,-4.370E-2
6.369,-0.129,-4.240E-2
6.385,-0.129,-4.103E-2
6.402,-0.129,-3.976E-2
6.419,-0.129,-3.849E-2
6.435,-0.128,-3.728E-2
6.452,-0.128,-3.572E-2
6.469,-0.127,-3.451E-2
6.485,-0.127,-3.322E-2
6.502,-0.126,-3.233E-2
6.519,-0.126,-3.137E-2
6.535,-0.125,-3.068E-2
6.552,-0.124,-2.995E-2
6.569,-0.124,-2.937E-2
6.585,-0.124,-2.872E-2
6.602,-0.124,-2.818E-2
6.619,-0.124,-2.742E-2
6.635,-0.124,-2.684E-2
6.652,-0.125,-2.589E-2
6.669,-0.126,-2.534E-2
6.685,-0.126,-2.458E-2
6.702,-0.127,-2.468E-2
6.719,-0.127,-2.488E-2
6.735,-0.128,-2.558E-2
6.752,-0.128,-2.656E-2
6.769,-0.128,-2.787E-2
6.785,-0.128,-2.905E-2
6.802,-0.128,-3.040E-2
6.819,-0.128,-3.175E-2
6.835,-0.128,-3.347E-2
6.852,-0.127,-3.517E-2
6.869,-0.126,-3.705E-2
6.885,-0.126,-3.885E-2
6.902,-0.125,-4.076E-2
6.919,-0.125,-4.241E-2
6.935,-0.125,-4.429E-2
6.952,-0.125,-4.600E-2
6.969,-0.126,-4.744E-2
6.985,-0.127,-4.880E-2
7.002,-0.128,-5.025E-2
7.019,-0.128,-5.169E-2
7.035,-0.128,-5.320E-2
7.052,-0.128,-5.426E-2
7.069,-0.128,-5.539E-2
7.085,-0.128,-5.648E-2
7.102,-0.128,-5.776E-2
7.119,-0.128,-5.905E-2
7.135,-0.127,-6.006E-2
7.152,-0.127,-6.062E-2
7.169,-0.126,-6.050E-2
7.185,-0.126,-5.971E-2
7.202,-0.126,-5.891E-2
7.219,-0.125,-5.765E-2
7.235,-0.125,-5.674E-2
7.252,-0.125,-5.517E-2
7.269,-0.124,-5.374E-2
7.285,-0.124,-5.198E-2
7.302,-0.124,-5.045E-2
7.319,-0.124,-4.891E-2
7.335,-0.124,-4.744E-2
7.352,-0.124,-4.572E-2
7.369,-0.124,-4.430E-2
7.385,-0.124,-4.282E-2
7.402,-0.124,-4.106E-2
7.419,-0.124,-3.928E-2
7.436,-0.125,-3.745E-2
7.452,-0.125,-3.563E-2
7.469,-0.126,-3.397E-2
7.486,-0.126,-3.240E-2
7.502,-0.127,-3.097E-2
7.519,-0.127,-3.010E-2
7.536,-0.128,-2.921E-2
7.552,-0.129,-2.882E-2
7.569,-0.129,-2.853E-2
7.586,-0.130,-2.860E-2
7.602,-0.131,-2.871E-2
7.619,-0.131,-2.929E-2
7.636,-0.131,-2.983E-2
7.652,-0.130,-3.091E-2
7.669,-0.130,-3.147E-2
7.686,-0.129,-3.248E-2
7.702,-0.128,-3.304E-2
7.719,-0.128,-3.379E-2
7.736,-0.128,-3.414E-2
7.752,-0.129,-3.467E-2
7.769,-0.129,-3.507E-2
7.786,-0.130,-3.583E-2
7.802,-0.131,-3.624E-2
7.819,-0.132,-3.690E-2
7.836,-0.133,-3.762E-2
7.852,-0.134,-3.857E-2
7.869,-0.134,-3.961E-2
7.886,-0.135,-4.071E-2
7.902,-0.135,-4.187E-2
7.919,-0.135,-4.272E-2
7.936,-0.135,-4.367E-2
7.952,-0.136,-4.450E-2
7.969,-0.136,-4.565E-2
7.986,-0.136,-4.656E-2
8.002,-0.136,-4.749E-2
8.019,-0.135,-4.820E-2
8.036,-0.135,-4.910E-2
8.052,-0.135,-4.986E-2
8.069,-0.134,-5.092E-2
8.086,-0.134,-5.219E-2
8.102,-0.133,-5.335E-2
8.119,-0.132,-5.460E-2
8.136,-0.131,-5.581E-2
8.152,-0.130,-5.667E-2
8.169,-0.130,-5.729E-2
8.186,-0.129,-5.791E-2
8.202,-0.129,-5.814E-2
8.219,-0.128,-5.854E-2
8.236,-0.128,-5.844E-2
8.252,-0.127,-5.821E-2
8.269,-0.127,-5.761E-2
8.286,-0.127,-5.714E-2
8.302,-0.126,-5.633E-2
8.319,-0.126,-5.603E-2
8.336,-0.126,-5.518E-2
8.352,-0.126,-5.433E-2
8.369,-0.126,-5.323E-2
8.386,-0.126,-5.237E-2
8.402,-0.125,-5.185E-2
8.419,-0.125,-5.165E-2
8.436,-0.125,-5.140E-2
8.452,-0.126,-5.116E-2
8.469,-0.126,-5.110E-2
8.486,-0.126,-5.112E-2
8.502,-0.126,-5.114E-2
8.519,-0.126,-5.117E-2
8.536,-0.126,-5.117E-2
8.552,-0.126,-5.084E-2
8.569,-0.127,-5.027E-2
8.586,-0.127,-4.963E-2
8.603,-0.128,-4.914E-2
8.619,-0.128,-4.906E-2
8.636,-0.129,-4.883E-2
8.653,-0.130,-4.907E-2
8.669,-0.130,-4.927E-2
8.686,-0.131,-4.982E-2
8.703,-0.131,-5.049E-2
8.719,-0.131,-5.163E-2
8.736,-0.130,-5.261E-2
8.753,-0.130,-5.382E-2
8.769,-0.130,-5.499E-2
8.786,-0.129,-5.628E-2
8.803,-0.129,-5.689E-2
8.819,-0.129,-5.747E-2
8.836,-0.129,-5.788E-2
8.853,-0.129,-5.802E-2
8.869,-0.130,-5.826E-2
8.886,-0.130,-5.846E-2
8.903,-0.131,-5.851E-2
8.919,-0.132,-5.853E-2
8.936,-0.132,-5.859E-2
8.953,-0.131,-5.858E-2
8.969,-0.131,-5.826E-2
8.986,-0.130,-5.769E-2
9.003,-0.129,-5.705E-2
9.019,-0.128,-5.649E-2
9.036,-0.127,-5.601E-2
9.053,-0.126,-5.571E-2
9.069,-0.126,-5.590E-2
9.086,-0.126,-5.594E-2
9.103,-0.126,-5.598E-2
9.119,-0.126,-5.625E-2
9.136,-0.126,-5.648E-2
9.153,-0.126,-5.703E-2
9.169,-0.126,-5.786E-2
9.186,-0.126,-5.863E-2
9.203,-0.126,-5.933E-2
9.219,-0.126,-5.998E-2
9.236,-0.126,-6.040E-2
9.253,-0.127,-6.068E-2
9.269,-0.127,-6.096E-2
9.286,-0.127,-6.150E-2
9.303,-0.128,-6.195E-2
9.319,-0.128,-6.320E-2
9.336,-0.128,-6.413E-2
9.353,-0.129,-6.526E-2
9.369,-0.129,-6.580E-2
9.386,-0.130,-6.623E-2
9.403,-0.130,-6.596E-2
9.419,-0.130,-6.630E-2
9.436,-0.129,-6.678E-2
9.453,-0.128,-6.721E-2
9.469,-0.127,-6.723E-2
9.486,-0.127,-6.683E-2
9.503,-0.126,-6.624E-2
9.519,-0.126,-6.550E-2
9.536,-0.126,-6.536E-2
9.553,-0.126,-6.474E-2
9.569,-0.127,-6.428E-2
9.586,-0.127,-6.374E-2
9.603,-0.127,-6.379E-2
9.619,-0.128,-6.374E-2
9.636,-0.128,-6.392E-2
9.653,-0.129,-6.388E-2
9.669,-0.129,-6.416E-2
9.686,-0.128,-6.422E-2
9.703,-0.128,-6.447E-2
9.720,-0.127,-6.456E-2
9.736,-0.127,-6.448E-2
9.753,-0.127,-6.391E-2
9.770,-0.128,-6.355E-2
9.786,-0.128,-6.320E-2
9.803,-0.128,-6.273E-2
9.820,-0.129,-6.216E-2
9.836,-0.129,-6.132E-2
9.853,-0.129,-6.075E-2
9.870,-0.129,-6.018E-2
9.886,-0.129,-5.980E-2
9.903,-0.129,-5.945E-2
9.920,-0.129,-5.921E-2
9.936,-0.130,-5.930E-2
9.953,-0.129,-5.925E-2
9.970,-0.129,-5.935E-2
9.986,-0.130,-5.931E-2
10.003,-0.130,-5.906E-2
10.020,-0.130,-5.894E-2
10.036,-0.131,-5.896E-2
10.053,-0.131,-5.879E-2
10.070,-0.131,-5.875E-2
10.086,-0.131,-5.884E-2
10.103,-0.130,-5.894E-2
10.120,-0.130,-5.918E-2
10.136,-0.129,-5.912E-2
10.153,-0.129,-5.911E-2
10.170,-0.128,-5.871E-2
10.186,-0.128,-5.854E-2
10.203,-0.127,-5.822E-2
10.220,-0.126,-5.783E-2
10.236,-0.126,-5.698E-2
10.253,-0.126,-5.594E-2
10.270,-0.126,-5.454E-2
10.286,-0.125,-5.306E-2
10.303,-0.125,-5.154E-2
10.320,-0.124,-4.979E-2
10.336,-0.124,-4.796E-2
10.353,-0.123,-4.629E-2
10.370,-0.123,-4.456E-2
10.386,-0.123,-4.279E-2
10.403,-0.123,-4.130E-2
10.420,-0.124,-3.981E-2
10.436,-0.124,-3.840E-2
10.453,-0.124,-3.739E-2
10.470,-0.125,-3.651E-2
10.486,-0.125,-3.602E-2
10.503,-0.125,-3.554E-2
10.520,-0.126,-3.512E-2
10.536,-0.126,-3.467E-2
10.553,-0.126,-3.440E-2
10.570,-0.127,-3.417E-2
10.586,-0.127,-3.421E-2
10.603,-0.127,-3.478E-2
10.620,-0.128,-3.535E-2
10.636,-0.129,-3.621E-2
10.653,-0.129,-3.689E-2
10.670,-0.130,-3.734E-2
10.686,-0.130,-3.766E-2
10.703,-0.130,-3.843E-2
10.720,-0.130,-3.902E-2
10.736,-0.130,-3.981E-2
10.753,-0.129,-4.036E-2
10.770,-0.129,-4.075E-2
10.786,-0.128,-4.085E-2
10.803,-0.127,-4.149E-2
10.820,-0.127,-4.192E-2
10.836,-0.126,-4.252E-2
10.853,-0.126,-4.275E-2
10.870,-0.126,-4.251E-2
10.887,-0.126,-4.187E-2
10.903,-0.126,-4.133E-2
10.920,-0.127,-4.057E-2
10.937,-0.127,-3.988E-2
10.953,-0.126,-3.934E-2
10.970,-0.126,-3.892E-2
10.987,-0.125,-3.837E-2
11.003,-0.125,-3.781E-2
11.020,-0.124,-3.731E-2
11.037,-0.124,-3.675E-2
11.053,-0.124,-3.664E-2
11.070,-0.124,-3.647E-2
11.087,-0.125,-3.636E-2
11.103,-0.126,-3.599E-2
11.120,-0.127,-3.561E-2
11.137,-0.127,-3.545E-2
11.153,-0.128,-3.512E-2
11.170,-0.129,-3.496E-2
11.187,-0.129,-3.492E-2
11.203,-0.129,-3.470E-2
11.220,-0.129,-3.426E-2
11.237,-0.129,-3.425E-2
11.253,-0.129,-3.413E-2
11.270,-0.129,-3.415E-2
11.287,-0.128,-3.420E-2
11.303,-0.128,-3.429E-2
11.320,-0.128,-3.432E-2
11.337,-0.128,-3.476E-2
11.353,-0.127,-3.546E-2
11.370,-0.127,-3.633E-2
11.387,-0.127,-3.677E-2
11.403,-0.127,-3.707E-2
11.420,-0.127,-3.700E-2
11.437,-0.127,-3.734E-2
11.453,-0.126,-3.784E-2
11.470,-0.126,-3.827E-2
11.487,-0.126,-3.874E-2
11.503,-0.126,-3.931E-2
11.520,-0.125,-4.002E-2
11.537,-0.125,-4.053E-2
11.553,-0.125,-4.138E-2
11.570,-0.125,-4.218E-2
11.587,-0.126,-4.309E-2
11.603,-0.126,-4.396E-2
11.620,-0.127,-4.484E-2
11.637,-0.127,-4.545E-2
11.653,-0.128,-4.615E-2
11.670,-0.128,-4.669E-2
11.687,-0.127,-4.747E-2
11.703,-0.127,-4.820E-2
11.720,-0.126,-4.887E-2
11.737,-0.126,-4.927E-2
11.753,-0.125,-5.002E-2
11.770,-0.124,-5.065E-2
11.787,-0.124,-5.132E-2
11.803,-0.124,-5.165E-2
11.820,-0.124,-5.129E-2
11.837,-0.125,-5.050E-2
11.853,-0.125,-4.998E-2
11.870,-0.125,-4.962E-2
11.887,-0.125,-4.946E-2
11.903,-0.125,-4.935E-2
11.920,-0.125,-4.935E-2
11.937,-0.124,-4.910E-2
11.953,-0.124,-4.880E-2
11.970,-0.123,-4.825E-2
11.987,-0.122,-4.775E-2
12.004,-0.122,-4.712E-2
12.020,-0.121,-4.618E-2
12.037,-0.122,-4.488E-2
12.054,-0.122,-4.334E-2
12.070,-0.123,-4.167E-2
12.087,-0.123,-3.975E-2
12.104,-0.124,-3.807E-2
12.120,-0.125,-3.619E-2
12.137,-0.125,-3.459E-2
12.154,-0.125,-3.306E-2
12.170,-0.125,-3.158E-2
12.187,-0.125,-3.001E-2
12.204,-0.125,-2.816E-2
12.220,-0.125,-2.638E-2
12.237,-0.125,-2.504E-2
12.254,-0.126,-2.381E-2
12.270,-0.126,-2.307E-2
12.287,-0.126,-2.196E-2
12.304,-0.126,-2.106E-2
12.320,-0.126,-2.076E-2
12.337,-0.126,-2.070E-2
12.354,-0.126,-2.112E-2
12.370,-0.126,-2.165E-2
12.387,-0.126,-2.252E-2
12.404,-0.125,-2.323E-2
12.420,-0.125,-2.423E-2
12.437,-0.125,-2.540E-2
12.454,-0.125,-2.682E-2
12.470,-0.125,-2.836E-2
12.487,-0.126,-2.968E-2
12.504,-0.126,-3.142E-2
12.520,-0.126,-3.308E-2
12.537,-0.126,-3.518E-2
12.554,-0.126,-3.722E-2
12.570,-0.126,-3.911E-2
12.587,-0.126,-4.063E-2
12.604,-0.127,-4.212E-2
12.620,-0.127,-4.325E-2
12.637,-0.127,-4.442E-2
12.654,-0.127,-4.536E-2
12.670,-0.127,-4.614E-2
12.687,-0.127,-4.624E-2
12.704,-0.128,-4.626E-2
12.720,-0.127,-4.596E-2
12.737,-0.127,-4.535E-2
12.754,-0.128,-4.466E-2
12.770,-0.128,-4.386E-2
12.787,-0.128,-4.312E-2
12.804,-0.128,-4.184E-2
12.820,-0.128,-4.078E-2
12.837,-0.128,-3.952E-2
12.854,-0.127,-3.841E-2
12.870,-0.127,-3.665E-2
12.887,-0.127,-3.517E-2
12.904,-0.127,-3.335E-2
12.920,-0.126,-3.157E-2
12.937,-0.126,-2.963E-2
12.954,-0.125,-2.761E-2
12.970,-0.126,-2.530E-2
12.987,-0.126,-2.307E-2
13.004,-0.127,-2.088E-2
13.020,-0.128,-1.884E-2
13.037,-0.129,-1.708E-2
13.054,-0.130,-1.560E-2
13.070,-0.130,-1.495E-2
13.087,-0.131,-1.418E-2
13.104,-0.131,-1.419E-2
13.120,-0.131,-1.402E-2
13.137,-0.130,-1.431E-2
13.154,-0.130,-1.481E-2
13.171,-0.129,-1.556E-2
13.187,-0.129,-1.668E-2
13.204,-0.130,-1.808E-2
13.221,-0.129,-1.955E-2
13.237,-0.129,-2.133E-2
13.254,-0.128,-2.309E-2
13.271,-0.128,-2.453E-2
13.287,-0.128,-2.608E-2
13.304,-0.128,-2.752E-2
13.321,-0.128,-2.879E-2
13.337,-0.128,-3.052E-2
13.354,-0.129,-3.226E-2
13.371,-0.129,-3.392E-2
13.387,-0.130,-3.545E-2
13.404,-0.130,-3.740E-2
13.421,-0.131,-3.883E-2
13.437,-0.131,-4.053E-2
13.454,-0.131,-4.196E-2
13.471,-0.131,-4.406E-2
13.487,-0.131,-4.566E-2
13.504,-0.131,-4.762E-2
13.521,-0.130,-4.918E-2
13.537,-0.130,-5.079E-2
13.554,-0.130,-5.174E-2
13.571,-0.129,-5.247E-2
13.587,-0.128,-5.254E-2
13.604,-0.128,-5.308E-2
13.621,-0.127,-5.331E-2
13.637,-0.126,-5.426E-2
13.654,-0.125,-5.531E-2
13.671,-0.124,-5.662E-2
13.687,-0.123,-5.816E-2
13.704,-0.123,-5.985E-2
13.721,-0.122,-6.158E-2
13.737,-0.121,-6.311E-2
13.754,-0.120,-6.459E-2
13.771,-0.120,-6.569E-2
13.787,-0.119,-6.650E-2
13.804,-0.119,-6.663E-2
13.821,-0.120,-6.644E-2
13.837,-0.120,-6.599E-2
13.854,-0.120,-6.494E-2
13.871,-0.121,-6.369E-2
13.887,-0.121,-6.220E-2
13.904,-0.122,-6.052E-2
13.921,-0.122,-5.927E-2
13.937,-0.122,-5.814E-2
13.954,-0.123,-5.663E-2
13.971,-0.123,-5.459E-2
13.987,-0.123,-5.221E-2
14.004,-0.123,-4.971E-2
14.021,-0.123,-4.727E-2
14.037,-0.123,-4.482E-2
14.054,-0.123,-4.245E-2
14.071,-0.123,-4.013E-2
14.087,-0.123,-3.807E-2
14.104,-0.123,-3.627E-2
14.121,-0.123,-3.468E-2
14.137,-0.124,-3.316E-2
14.154,-0.124,-3.198E-2
14.171,-0.124,-3.110E-2
14.187,-0.124,-3.042E-2
14.204,-0.124,-2.993E-2
14.221,-0.124,-2.959E-2
14.237,-0.124,-2.912E-2
14.254,-0.124,-2.865E-2
14.271,-0.125,-2.804E-2
14.288,-0.125,-2.731E-2
14.304,-0.126,-2.666E-2
14.321,-0.127,-2.588E-2
14.338,-0.128,-2.536E-2
14.354,-0.129,-2.477E-2
14.371,-0.129,-2.450E-2
14.388,-0.130,-2.419E-2
14.404,-0.130,-2.421E-2
14.421,-0.131,-2.448E-2
14.438,-0.131,-2.504E-2
14.454,-0.131,-2.553E-2
14.471,-0.131,-2.622E-2
14.488,-0.130,-2.670E-2
14.504,-0.129,-2.759E-2
14.521,-0.129,-2.838E-2
14.538,-0.128,-2.920E-2
14.554,-0.127,-3.019E-2
14.571,-0.127,-3.098E-2
14.588,-0.127,-3.188E-2
14.604,-0.127,-3.272E-2
14.621,-0.127,-3.330E-2
14.638,-0.127,-3.406E-2
14.654,-0.128,-3.512E-2
14.671,-0.128,-3.612E-2
14.688,-0.128,-3.734E-2
14.704,-0.129,-3.837E-2
14.721,-0.129,-3.939E-2
14.738,-0.129,-4.031E-2
14.754,-0.129,-4.151E-2
14.771,-0.129,-4.278E-2
14.788,-0.128,-4.405E-2
14.804,-0.128,-4.463E-2
14.821,-0.127,-4.501E-2
14.838,-0.127,-4.500E-2
14.854,-0.127,-4.479E-2
14.871,-0.127,-4.417E-2
14.888,-0.127,-4.344E-2
14.904,-0.128,-4.274E-2
14.921,-0.128,-4.249E-2
14.938,-0.128,-4.217E-2
14.954,-0.129,-4.200E-2
14.971,-0.129,-4.208E-2
14.988,-0.128,-4.255E-2
15.004,-0.128,-4.286E-2
15.021,-0.128,-4.335E-2
15.038,-0.127,-4.404E-2
15.054,-0.127,-4.478E-2
15.071,-0.127,-4.535E-2
15.088,-0.127,-4.588E-2
15.104,-0.127,-4.605E-2
15.121,-0.127,-4.604E-2
15.138,-0.128,-4.597E-2
15.154,-0.129,-4.592E-2
15.171,-0.130,-4.581E-2
15.188,-0.130,-4.581E-2
15.204,-0.131,-4.589E-2
15.221,-0.132,-4.590E-2
15.238,-0.132,-4.600E-2
15.254,-0.132,-4.601E-2
15.271,-0.132,-4.619E-2
15.288,-0.132,-4.633E-2
15.304,-0.132,-4.648E-2
15.321,-0.132,-4.621E-2
15.338,-0.131,-4.623E-2
15.354,-0.131,-4.599E-2
15.371,-0.130,-4.604E-2
15.388,-0.130,-4.598E-2
15.404,-0.129,-4.560E-2
15.421,-0.128,-4.495E-2
15.438,-0.127,-4.459E-2
15.455,-0.127,-4.401E-2
15.471,-0.126,-4.340E-2
15.488,-0.126,-4.267E-2
15.505,-0.125,-4.195E-2
15.521,-0.125,-4.089E-2
15.538,-0.124,-3.955E-2
15.555,-0.124,-3.814E-2
15.571,-0.124,-3.675E-2
15.588,-0.124,-3.539E-2
15.605,-0.124,-3.430E-2
15.621,-0.124,-3.392E-2
15.638,-0.123,-3.393E-2
15.655,-0.123,-3.462E-2
15.671,-0.123,-3.541E-2
15.688,-0.123,-3.648E-2
15.705,-0.123,-3.759E-2
15.721,-0.123,-3.927E-2
15.738,-0.123,-4.116E-2
15.755,-0.124,-4.315E-2
15.771,-0.124,-4.492E-2
15.788,-0.125,-4.674E-2
15.805,-0.126,-4.859E-2
15.821,-0.126,-5.134E-2
15.838,-0.126,-5.396E-2
15.855,-0.126,-5.637E-2
15.871,-0.126,-5.862E-2
15.888,-0.127,-6.028E-2
15.905,-0.127,-6.135E-2
15.921,-0.127,-6.199E-2
15.938,-0.128,-6.261E-2
15.955,-0.128,-6.278E-2
15.971,-0.129,-6.267E-2
15.988,-0.130,-6.258E-2
16.005,-0.130,-6.286E-2
16.021,-0.130,-6.301E-2
16.038,-0.130,-6.317E-2
16.055,-0.129,-6.327E-2
16.071,-0.129,-6.345E-2
16.088,-0.128,-6.340E-2
16.105,-0.128,-6.355E-2
16.121,-0.127,-6.368E-2
16.138,-0.127,-6.392E-2
16.155,-0.127,-6.438E-2
16.171,-0.126,-6.501E-2
16.188,-0.127,-6.530E-2
16.205,-0.127,-6.548E-2
16.221,-0.128,-6.549E-2
16.238,-0.128,-6.567E-2
16.255,-0.128,-6.558E-2
16.271,-0.129,-6.593E-2
16.288,-0.129,-6.606E-2
16.305,-0.129,-6.615E-2
16.321,-0.129,-6.583E-2
16.338,-0.129,-6.542E-2
16.355,-0.130,-6.451E-2
16.371,-0.130,-6.353E-2
16.388,-0.130,-6.231E-2
16.405,-0.131,-6.093E-2
16.421,-0.131,-5.967E-2
16.438,-0.131,-5.844E-2
16.455,-0.131,-5.710E-2
16.471,-0.130,-5.582E-2
16.488,-0.130,-5.478E-2
16.505,-0.130,-5.380E-2
16.521,-0.130,-5.311E-2
16.538,-0.129,-5.242E-2
16.555,-0.128,-5.188E-2
16.572,-0.127,-5.109E-2
16.588,-0.126,-5.046E-2
16.605,-0.126,-4.977E-2
16.622,-0.125,-4.926E-2
16.638,-0.125,-4.884E-2
16.655,-0.124,-4.832E-2
16.672,-0.125,-4.826E-2
16.688,-0.125,-4.785E-2
16.705,-0.126,-4.824E-2
16.722,-0.126,-4.859E-2
16.738,-0.127,-4.924E-2
16.755,-0.128,-4.943E-2
16.772,-0.128,-4.975E-2
16.788,-0.128,-5.066E-2
16.805,-0.128,-5.195E-2
16.822,-0.127,-5.324E-2
16.838,-0.127,-5.452E-2
16.855,-0.126,-5.574E-2
16.872,-0.125,-5.638E-2
16.888,-0.124,-5.703E-2
16.905,-0.124,-5.688E-2
16.922,-0.125,-5.656E-2
16.938,-0.125,-5.595E-2
16.955,-0.126,-5.552E-2
16.972,-0.127,-5.512E-2
16.988,-0.127,-5.536E-2
17.005,-0.127,-5.599E-2
17.022,-0.127,-5.706E-2
17.038,-0.127,-5.810E-2
17.055,-0.128,-5.870E-2
17.072,-0.128,-5.947E-2
17.088,-0.128,-5.974E-2
17.105,-0.128,-6.021E-2
17.122,-0.128,-6.059E-2
17.138,-0.128,-6.111E-2
17.155,-0.127,-6.146E-2
17.172,-0.127,-6.220E-2
17.188,-0.128,-6.204E-2
17.205,-0.128,-6.190E-2
17.222,-0.128,-6.207E-2
17.238,-0.128,-6.241E-2
17.255,-0.127,-6.249E-2
17.272,-0.127,-6.272E-2
17.288,-0.126,-6.287E-2
17.305,-0.126,-6.320E-2
17.322,-0.126,-6.369E-2
17.338,-0.126,-6.459E-2
17.355,-0.126,-6.542E-2
17.372,-0.127,-6.605E-2
17.388,-0.127,-6.653E-2
17.405,-0.127,-6.677E-2
17.422,-0.127,-6.688E-2
17.438,-0.127,-6.678E-2
17.455,-0.127,-6.642E-2
17.472,-0.126,-6.589E-2
17.488,-0.126,-6.509E-2
17.505,-0.125,-6.412E-2
17.522,-0.125,-6.263E-2
17.538,-0.125,-6.132E-2
17.555,-0.126,-5.982E-2
17.572,-0.126,-5.862E-2
17.588,-0.126,-5.723E-2
17.605,-0.126,-5.581E-2
17.622,-0.126,-5.412E-2
17.638,-0.126,-5.287E-2
17.655,-0.125,-5.151E-2
17.672,-0.125,-5.037E-2
17.688,-0.125,-4.917E-2
17.705,-0.125,-4.832E-2
17.722,-0.125,-4.745E-2
17.739,-0.126,-4.658E-2
17.755,-0.126,-4.569E-2
17.772,-0.126,-4.465E-2
17.789,-0.126,-4.349E-2
17.805,-0.127,-4.229E-2
17.822,-0.127,-4.093E-2
17.839,-0.128,-3.945E-2
17.855,-0.129,-3.762E-2
17.872,-0.130,-3.607E-2
17.889,-0.131,-3.458E-2
17.905,-0.131,-3.372E-2
17.922,-0.132,-3.310E-2
17.939,-0.132,-3.267E-2
17.955,-0.132,-3.211E-2
17.972,-0.132,-3.208E-2
17.989,-0.132,-3.230E-2
18.005,-0.132,-3.280E-2
18.022,-0.131,-3.325E-2
18.039,-0.130,-3.420E-2
18.055,-0.129,-3.547E-2
18.072,-0.129,-3.653E-2
18.089,-0.129,-3.757E-2
18.105,-0.129,-3.882E-2
18.122,-0.129,-4.010E-2
18.139,-0.129,-4.129E-2
18.155,-0.129,-4.238E-2
18.172,-0.129,-4.344E-2
18.189,-0.129,-4.440E-2
18.205,-0.129,-4.516E-2
18.222,-0.130,-4.550E-2
18.239,-0.130,-4.568E-2
18.255,-0.130,-4.612E-2
18.272,-0.130,-4.658E-2
18.289,-0.130,-4.734E-2
18.305,-0.129,-4.804E-2
18.322,-0.129,-4.872E-2
18.339,-0.128,-4.982E-2
18.355,-0.128,-5.070E-2
18.372,-0.128,-5.184E-2
18.389,-0.127,-5.288E-2
18.405,-0.126,-5.386E-2
18.422,-0.126,-5.454E-2
18.439,-0.125,-5.536E-2
18.455,-0.125,-5.560E-2
18.472,-0.124,-5.514E-2
18.489,-0.124,-5.407E-2
18.505,-0.124,-5.256E-2
18.522,-0.124,-5.017E-2
18.539,-0.125,-4.763E-2
18.555,-0.125,-4.509E-2
18.572,-0.125,-4.250E-2
18.589,-0.126,-3.996E-2
18.605,-0.126,-3.747E-2
18.622,-0.126,-3.497E-2
18.639,-0.126,-3.299E-2
18.655,-0.127,-3.099E-2
18.672,-0.127,-2.945E-2
18.689,-0.127,-2.818E-2
18.705,-0.126,-2.709E-2
18.722,-0.126,-2.618E-2
18.739,-0.125,-2.536E-2
18.755,-0.125,-2.425E-2
18.772,-0.125,-2.280E-2
18.789,-0.126,-2.145E-2
18.805,-0.126,-1.994E-2
18.822,-0.127,-1.861E-2
18.839,-0.127,-1.739E-2
18.856,-0.127,-1.704E-2
18.872,-0.127,-1.637E-2
18.889,-0.127,-1.631E-2
18.906,-0.127,-1.598E-2
18.922,-0.126,-1.645E-2
18.939,-0.126,-1.645E-2
18.956,-0.125,-1.705E-2
18.972,-0.125,-1.747E-2
18.989,-0.124,-1.850E-2
19.006,-0.124,-1.909E-2
19.022,-0.123,-2.005E-2
19.039,-0.123,-2.033E-2
19.056,-0.123,-2.089E-2
19.072,-0.123,-2.125E-2
19.089,-0.123,-2.176E-2
19.106,-0.123,-2.207E-2
19.122,-0.123,-2.270E-2
19.139,-0.123,-2.313E-2
19.156,-0.123,-2.372E-2
19.172,-0.123,-2.473E-2
19.189,-0.124,-2.576E-2
19.206,-0.124,-2.722E-2
19.222,-0.124,-2.866E-2
19.239,-0.125,-3.038E-2
19.256,-0.125,-3.190E-2
19.272,-0.125,-3.356E-2
19.289,-0.125,-3.507E-2
19.306,-0.125,-3.630E-2
19.322,-0.125,-3.744E-2
19.339,-0.125,-3.824E-2
19.356,-0.126,-3.900E-2
19.372,-0.126,-3.970E-2
19.389,-0.126,-4.046E-2
19.406,-0.125,-4.063E-2
19.422,-0.126,-4.094E-2
19.439,-0.126,-4.059E-2
19.456,-0.126,-4.003E-2
19.472,-0.125,-3.906E-2
19.489,-0.125,-3.848E-2
19.506,-0.124,-3.794E-2
19.522,-0.123,-3.792E-2
19.539,-0.123,-3.768E-2
19.556,-0.122,-3.759E-2
19.572,-0.121,-3.709E-2
19.589,-0.121,-3.690E-2
19.606,-0.121,-3.590E-2
19.622,-0.121,-3.504E-2
19.639,-0.121,-3.343E-2
19.656,-0.122,-3.230E-2
19.672,-0.123,-3.104E-2
19.689,-0.124,-3.039E-2
19.706,-0.125,-3.013E-2
19.722,-0.126,-3.047E-2
19.739,-0.127,-3.110E-2
19.756,-0.127,-3.230E-2
19.772,-0.127,-3.355E-2
19.789,-0.127,-3.501E-2
19.806,-0.128,-3.652E-2
19.822,-0.128,-3.805E-2
19.839,-0.128,-3.951E-2
19.856,-0.127,-4.096E-2
19.872,-0.127,-4.233E-2
19.889,-0.127,-4.345E-2
19.906,-0.126,-4.430E-2
19.922,-0.126,-4.499E-2
19.939,-0.126,-4.567E-2
19.956,-0.127,-4.669E-2
19.972,-0.127,-4.790E-2
19.989,-0.127,-4.902E-2
20.006,-0.127,-5.009E-2
20.023,-0.127,-5.137E-2
20.039,-0.127,-5.304E-2
20.056,-0.127,-5.473E-2
20.073,-0.127,-5.619E-2
20.089,-0.126,-5.741E-2
20.106,-0.126,-5.793E-2
20.123,-0.126,-5.799E-2
20.139,-0.126,-5.775E-2
20.156,-0.127,-5.723E-2
20.173,-0.127,-5.673E-2
20.189,-0.127,-5.600E-2
20.206,-0.127,-5.557E-2
20.223,-0.128,-5.515E-2
20.239,-0.127,-5.512E-2
20.256,-0.127,-5.535E-2
20.273,-0.126,-5.583E-2
20.289,-0.126,-5.603E-2
20.306,-0.126,-5.636E-2
20.323,-0.126,-5.629E-2
20.339,-0.126,-5.649E-2
20.356,-0.125,-5.653E-2
20.373,-0.125,-5.654E-2
20.389,-0.124,-5.624E-2
20.406,-0.123,-5.613E-2
20.423,-0.123,-5.553E-2
20.439,-0.122,-5.498E-2
20.456,-0.122,-5.380E-2
20.473,-0.122,-5.262E-2
20.489,-0.122,-5.148E-2
20.506,-0.123,-5.043E-2
20.523,-0.123,-4.924E-2
20.539,-0.123,-4.867E-2
20.556,-0.123,-4.809E-2
20.573,-0.123,-4.762E-2
20.589,-0.123,-4.686E-2
20.606,-0.123,-4.645E-2
20.623,-0.123,-4.628E-2
20.639,-0.122,-4.624E-2
20.656,-0.121,-4.632E-2
20.673,-0.121,-4.632E-2
20.689,-0.120,-4.626E-2
20.706,-0.119,-4.616E-2
20.723,-0.119,-4.609E-2
20.739,-0.119,-4.580E-2
20.756,-0.119,-4.512E-2
20.773,-0.120,-4.431E-2
20.789,-0.121,-4.337E-2
20.806,-0.122,-4.252E-2
20.823,-0.123,-4.179E-2
20.839,-0.123,-4.157E-2
20.856,-0.124,-4.171E-2
20.873,-0.124,-4.225E-2
20.889,-0.124,-4.285E-2
20.906,-0.124,-4.352E-2
20.923,-0.124,-4.423E-2
20.939,-0.124,-4.497E-2
20.956,-0.123,-4.564E-2
20.973,-0.123,-4.619E-2
20.989,-0.123,-4.653E-2
21.006,-0.124,-4.646E-2
21.023,-0.125,-4.615E-2
21.039,-0.126,-4.603E-2
21.056,-0.127,-4.566E-2
21.073,-0.127,-4.559E-2
21.089,-0.128,-4.551E-2
21.106,-0.127,-4.586E-2
21.123,-0.127,-4.588E-2
21.140,-0.127,-4.582E-2
21.156,-0.126,-4.544E-2
21.173,-0.126,-4.551E-2
21.190,-0.127,-4.533E-2
21.206,-0.127,-4.517E-2
21.223,-0.128,-4.472E-2
21.240,-0.129,-4.451E-2
21.256,-0.130,-4.436E-2
21.273,-0.130,-4.488E-2
21.290,-0.130,-4.550E-2
21.306,-0.129,-4.653E-2
21.323,-0.129,-4.717E-2
21.340,-0.129,-4.789E-2
21.356,-0.128,-4.831E-2
21.373,-0.128,-4.854E-2
21.390,-0.128,-4.807E-2
21.406,-0.129,-4.738E-2
21.423,-0.130,-4.714E-2
21.440,-0.131,-4.709E-2
21.456,-0.132,-4.702E-2
21.473,-0.133,-4.722E-2
21.490,-0.134,-4.799E-2
21.506,-0.134,-4.889E-2
21.523,-0.134,-5.006E-2
21.540,-0.133,-5.124E-2
21.556,-0.132,-5.251E-2
21.573,-0.131,-5.401E-2
21.590,-0.131,-5.541E-2
21.606,-0.130,-5.654E-2
21.623,-0.129,-5.750E-2
21.640,-0.129,-5.843E-2
21.656,-0.129,-5.925E-2
21.673,-0.129,-6.010E-2
21.690,-0.129,-6.093E-2
21.706,-0.128,-6.167E-2
21.723,-0.128,-6.217E-2
21.740,-0.128,-6.266E-2
21.756,-0.128,-6.323E-2
21.773,-0.128,-6.357E-2
21.790,-0.127,-6.380E-2
21.806,-0.127,-6.374E-2
21.823,-0.127,-6.314E-2
21.840,-0.127,-6.241E-2
21.856,-0.128,-6.173E-2
21.873,-0.129,-6.094E-2
21.890,-0.129,-6.058E-2
21.906,-0.130,-6.028E-2
21.923,-0.129,-6.032E-2
21.940,-0.129,-6.049E-2
21.956,-0.128,-6.099E-2
21.973,-0.128,-6.130E-2
21.990,-0.127,-6.173E-2
22.006,-0.127,-6.163E-2
22.023,-0.127,-6.157E-2
22.040,-0.127,-6.096E-2
22.056,-0.126,-6.049E-2
22.073,-0.126,-5.961E-2
22.090,-0.126,-5.873E-2
22.106,-0.126,-5.763E-2
22.123,-0.126,-5.719E-2
22.140,-0.126,-5.646E-2
22.156,-0.126,-5.618E-2
22.173,-0.126,-5.567E-2
22.190,-0.126,-5.556E-2
22.206,-0.126,-5.524E-2
22.223,-0.125,-5.513E-2
22.240,-0.125,-5.455E-2
22.256,-0.124,-5.413E-2
22.273,-0.124,-5.311E-2
22.290,-0.123,-5.236E-2
22.307,-0.123,-5.154E-2
22.323,-0.123,-5.144E-2
22.340,-0.123,-5.103E-2
22.357,-0.123,-5.134E-2
22.373,-0.123,-5.126E-2
22.390,-0.124,-5.177E-2
22.407,-0.125,-5.221E-2
22.423,-0.126,-5.312E-2
22.440,-0.127,-5.383E-2
22.457,-0.127,-5.512E-2
22.473,-0.128,-5.631E-2
22.490,-0.128,-5.763E-2
22.507,-0.128,-5.901E-2
22.523,-0.128,-6.039E-2
22.540,-0.128,-6.168E-2
22.557,-0.128,-6.263E-2
22.573,-0.128,-6.327E-2
22.590,-0.128,-6.361E-2
22.607,-0.128,-6.391E-2
22.623,-0.128,-6.394E-2
22.640,-0.128,-6.368E-2
22.657,-0.128,-6.349E-2
22.673,-0.128,-6.333E-2
22.690,-0.128,-6.367E-2
22.707,-0.127,-6.379E-2
22.723,-0.127,-6.391E-2
22.740,-0.126,-6.413E-2
22.757,-0.126,-6.470E-2
22.773,-0.125,-6.541E-2
22.790,-0.125,-6.609E-2
22.807,-0.124,-6.645E-2
22.823,-0.124,-6.653E-2
22.840,-0.124,-6.668E-2
22.857,-0.124,-6.687E-2
22.873,-0.123,-6.724E-2
22.890,-0.123,-6.780E-2
22.907,-0.123,-6.819E-2
22.923,-0.123,-6.837E-2
22.940,-0.123,-6.856E-2
22.957,-0.123,-6.822E-2
22.973,-0.123,-6.784E-2
22.990,-0.123,-6.721E-2
23.007,-0.123,-6.630E-2
23.023,-0.123,-6.515E-2
23.040,-0.122,-6.378E-2
23.057,-0.122,-6.252E-2
23.073,-0.122,-6.134E-2
23.090,-0.121,-6.024E-2
23.107,-0.121,-5.924E-2
23.123,-0.121,-5.829E-2
23.140,-0.121,-5.680E-2
23.157,-0.122,-5.580E-2
23.173,-0.122,-5.474E-2
23.190,-0.123,-5.422E-2
23.207,-0.123,-5.374E-2
23.223,-0.123,-5.333E-2
23.240,-0.123,-5.301E-2
23.257,-0.123,-5.288E-2
23.273,-0.123,-5.277E-2
23.290,-0.123,-5.224E-2
23.307,-0.123,-5.152E-2
23.323,-0.123,-5.077E-2
23.340,-0.124,-4.969E-2
23.357,-0.124,-4.867E-2
23.373,-0.125,-4.771E-2
23.390,-0.126,-4.683E-2
23.407,-0.126,-4.624E-2
23.424,-0.127,-4.603E-2
23.440,-0.127,-4.616E-2
23.457,-0.127,-4.656E-2
23.474,-0.127,-4.719E-2
23.490,-0.127,-4.783E-2
23.507,-0.127,-4.849E-2
23.524,-0.127,-4.913E-2
23.540,-0.127,-4.956E-2
23.557,-0.127,-5.000E-2
23.574,-0.127,-5.013E-2
23.590,-0.127,-5.035E-2
23.607,-0.127,-5.039E-2
23.624,-0.127,-5.028E-2
23.640,-0.128,-4.992E-2
23.657,-0.128,-4.947E-2
23.674,-0.128,-4.889E-2
23.690,-0.129,-4.826E-2
23.707,-0.129,-4.772E-2
23.724,-0.129,-4.709E-2
23.740,-0.129,-4.678E-2
23.757,-0.129,-4.656E-2
23.774,-0.129,-4.658E-2
23.790,-0.129,-4.642E-2
23.807,-0.129,-4.659E-2
23.824,-0.129,-4.660E-2
23.840,-0.129,-4.685E-2
23.857,-0.129,-4.695E-2
23.874,-0.129,-4.723E-2
23.890,-0.129,-4.720E-2
23.907,-0.130,-4.762E-2
23.924,-0.130,-4.781E-2
23.940,-0.130,-4.819E-2
23.957,-0.131,-4.865E-2
23.974,-0.131,-4.921E-2
23.990,-0.131,-4.918E-2
24.007,-0.131,-4.943E-2
24.024,-0.131,-4.912E-2
24.040,-0.131,-4.892E-2
24.057,-0.130,-4.818E-2
24.074,-0.129,-4.741E-2
24.090,-0.129,-4.609E-2
24.107,-0.129,-4.530E-2
24.124,-0.128,-4.440E-2
24.140,-0.128,-4.385E-2
24.157,-0.128,-4.342E-2
24.174,-0.128,-4.336E-2
24.190,-0.128,-4.331E-2
24.207,-0.128,-4.322E-2
24.224,-0.127,-4.312E-2
24.240,-0.127,-4.362E-2
24.257,-0.126,-4.419E-2
24.274,-0.125,-4.496E-2
24.290,-0.125,-4.577E-2
24.307,-0.125,-4.692E-2
24.324,-0.125,-4.809E-2
24.340,-0.125,-4.942E-2
24.357,-0.125,-5.055E-2
24.374,-0.125,-5.203E-2
24.390,-0.126,-5.319E-2
24.407,-0.127,-5.453E-2
24.424,-0.127,-5.578E-2
24.440,-0.128,-5.759E-2
24.457,-0.128,-5.903E-2
24.474,-0.128,-6.089E-2
24.490,-0.128,-6.232E-2
24.507,-0.128,-6.379E-2
24.524,-0.128,-6.514E-2
24.540,-0.128,-6.646E-2
24.557,-0.127,-6.781E-2
24.574,-0.127,-6.906E-2
24.591,-0.127,-7.006E-2
24.607,-0.127,-7.076E-2
24.624,-0.127,-7.156E-2
24.641,-0.126,-7.215E-2
24.657,-0.126,-7.341E-2
24.674,-0.126,-7.448E-2
24.691,-0.126,-7.639E-2
24.707,-0.126,-7.759E-2
24.724,-0.126,-7.894E-2
24.741,-0.126,-7.922E-2
24.757,-0.127,-7.933E-2
24.774,-0.127,-7.851E-2
24.791,-0.127,-7.756E-2
24.807,-0.127,-7.638E-2
24.824,-0.127,-7.566E-2
24.841,-0.127,-7.454E-2
24.857,-0.126,-7.388E-2
24.874,-0.126,-7.271E-2
24.891,-0.126,-7.183E-2
24.907,-0.126,-7.061E-2
24.924,-0.127,-6.952E-2
24.941,-0.127,-6.852E-2
24.957,-0.127,-6.798E-2
24.974,-0.127,-6.758E-2
24.991,-0.127,-6.714E-2
25.007,-0.127,-6.691E-2
25.024,-0.127,-6.665E-2
25.041,-0.126,-6.594E-2
25.057,-0.126,-6.516E-2
25.074,-0.125,-6.412E-2
25.091,-0.124,-6.320E-2
25.107,-0.123,-6.192E-2
25.124,-0.122,-6.058E-2
25.141,-0.122,-5.874E-2
25.157,-0.122,-5.695E-2
25.174,-0.123,-5.496E-2
25.191,-0.123,-5.337E-2
25.207,-0.124,-5.179E-2
25.224,-0.124,-5.060E-2
25.241,-0.124,-4.955E-2
25.257,-0.124,-4.918E-2
25.274,-0.124,-4.903E-2
25.291,-0.124,-4.926E-2
25.307,-0.124,-4.963E-2
25.324,-0.124,-5.035E-2
25.341,-0.124,-5.120E-2
25.357,-0.124,-5.224E-2
25.374,-0.125,-5.310E-2
25.391,-0.125,-5.408E-2
25.407,-0.126,-5.514E-2
25.424,-0.127,-5.598E-2
25.441,-0.128,-5.671E-2
25.457,-0.128,-5.736E-2
25.474,-0.129,-5.829E-2
25.491,-0.129,-5.926E-2
25.507,-0.130,-5.998E-2
25.524,-0.130,-6.061E-2
25.541,-0.130,-6.151E-2
25.557,-0.131,-6.262E-2
25.574,-0.131,-6.382E-2
25.591,-0.131,-6.503E-2
25.607,-0.131,-6.629E-2
25.624,-0.131,-6.754E-2
25.641,-0.131,-6.885E-2
25.657,-0.130,-7.018E-2
25.674,-0.130,-7.165E-2
25.691,-0.129,-7.322E-2
25.708,-0.129,-7.458E-2
25.724,-0.128,-7.626E-2
25.741,-0.127,-7.813E-2
25.758,-0.127,-7.972E-2
25.774,-0.128,-7.979E-2
25.791,-0.128,-7.951E-2
25.808,-0.129,-7.868E-2
25.824,-0.129,-7.806E-2
25.841,-0.130,-7.709E-2
25.858,-0.130,-7.649E-2
25.874,-0.131,-7.574E-2
25.891,-0.131,-7.591E-2
25.908,-0.131,-7.538E-2
25.924,-0.132,-7.517E-2
25.941,-0.132,-7.397E-2
25.958,-0.132,-7.304E-2
25.974,-0.132,-7.141E-2
25.991,-0.131,-7.025E-2
26.008,-0.131,-6.850E-2
26.024,-0.131,-6.753E-2
26.041,-0.130,-6.615E-2
26.058,-0.130,-6.503E-2
26.074,-0.130,-6.357E-2
26.091,-0.129,-6.247E-2
26.108,-0.129,-6.131E-2
26.124,-0.128,-5.970E-2
26.141,-0.128,-5.834E-2
26.158,-0.128,-5.665E-2
26.174,-0.128,-5.527E-2
26.191,-0.128,-5.410E-2
26.208,-0.128,-5.321E-2
26.224,-0.127,-5.254E-2
26.241,-0.127,-5.225E-2
26.258,-0.127,-5.231E-2
26.274,-0.128,-5.235E-2
26.291,-0.127,-5.283E-2
26.308,-0.127,-5.323E-2
26.324,-0.127,-5.421E-2
26.341,-0.127,-5.500E-2
26.358,-0.126,-5.601E-2
26.374,-0.125,-5.709E-2
26.391,-0.125,-5.808E-2
26.408,-0.124,-5.868E-2
26.424,-0.123,-5.892E-2
26.441,-0.122,-5.876E-2
26.458,-0.122,-5.851E-2
26.474,-0.121,-5.768E-2
26.491,-0.121,-5.693E-2
26.508,-0.120,-5.590E-2
26.524,-0.121,-5.490E-2
26.541,-0.121,-5.382E-2
26.558,-0.121,-5.305E-2
26.574,-0.120,-5.251E-2
26.591,-0.120,-5.219E-2
26.608,-0.120,-5.230E-2
26.624,-0.120,-5.200E-2
26.641,-0.121,-5.189E-2
26.658,-0.121,-5.175E-2
26.674,-0.121,-5.208E-2
26.691,-0.121,-5.223E-2
26.708,-0.122,-5.278E-2
26.724,-0.122,-5.267E-2
26.741,-0.123,-5.241E-2
26.758,-0.123,-5.169E-2
26.774,-0.124,-5.090E-2
26.791,-0.125,-5.022E-2
26.808,-0.126,-4.999E-2
26.824,-0.127,-4.980E-2
26.841,-0.127,-5.007E-2
26.858,-0.128,-5.043E-2
26.875,-0.128,-5.140E-2
26.891,-0.128,-5.196E-2
26.908,-0.128,-5.251E-2
26.925,-0.128,-5.310E-2
26.941,-0.127,-5.427E-2
26.958,-0.127,-5.543E-2
26.975,-0.127,-5.655E-2
26.991,-0.126,-5.792E-2
27.008,-0.126,-5.921E-2
27.025,-0.126,-6.053E-2
27.041,-0.126,-6.252E-2
27.058,-0.126,-6.462E-2
27.075,-0.127,-6.648E-2
27.091,-0.127,-6.793E-2
27.108,-0.128,-6.896E-2
27.125,-0.128,-7.024E-2
27.141,-0.128,-7.162E-2
27.158,-0.128,-7.325E-2
27.175,-0.128,-7.471E-2
27.191,-0.128,-7.593E-2
27.208,-0.128,-7.669E-2
27.225,-0.128,-7.730E-2
27.241,-0.128,-7.783E-2
27.258,-0.127,-7.810E-2
27.275,-0.127,-7.823E-2
27.291,-0.126,-7.803E-2
27.308,-0.126,-7.768E-2
27.325,-0.125,-7.716E-2
27.341,-0.125,-7.673E-2
27.358,-0.124,-7.624E-2
27.375,-0.124,-7.544E-2
27.391,-0.123,-7.437E-2
27.408,-0.124,-7.395E-2
27.425,-0.123,-7.306E-2
27.441,-0.123,-7.276E-2
27.458,-0.123,-7.293E-2
27.475,-0.124,-7.360E-2
27.491,-0.124,-7.379E-2
27.508,-0.124,-7.477E-2
27.525,-0.124,-7.544E-2
27.541,-0.124,-7.613E-2
27.558,-0.124,-7.640E-2
27.575,-0.124,-7.679E-2
27.591,-0.124,-7.697E-2
27.608,-0.124,-7.677E-2
27.625,-0.125,-7.615E-2
27.641,-0.125,-7.519E-2
27.658,-0.125,-7.464E-2
27.675,-0.126,-7.425E-2
27.691,-0.126,-7.418E-2
27.708,-0.126,-7.420E-2
27.725,-0.125,-7.452E-2
27.741,-0.125,-7.470E-2
27.758,-0.125,-7.435E-2
27.775,-0.124,-7.387E-2
27.791,-0.123,-7.321E-2
27.808,-0.123,-7.264E-2
27.825,-0.122,-7.147E-2
27.841,-0.121,-7.007E-2
27.858,-0.121,-6.824E-2
27.875,-0.121,-6.644E-2
27.891,-0.120,-6.466E-2
27.908,-0.120,-6.253E-2
27.925,-0.120,-6.024E-2
27.941,-0.120,-5.778E-2
27.958,-0.121,-5.567E-2
27.975,-0.121,-5.378E-2
27.992,-0.122,-5.185E-2
28.008,-0.122,-5.009E-2
28.025,-0.122,-4.888E-2
28.042,-0.121,-4.774E-2
28.058,-0.121,-4.723E-2
28.075,-0.121,-4.686E-2
28.092,-0.121,-4.682E-2
28.108,-0.121,-4.687E-2
28.125,-0.121,-4.689E-2
28.142,-0.122,-4.642E-2
28.158,-0.123,-4.595E-2
28.175,-0.124,-4.549E-2
28.192,-0.124,-4.550E-2
28.208,-0.125,-4.539E-2
28.225,-0.125,-4.581E-2
28.242,-0.125,-4.625E-2
28.258,-0.125,-4.706E-2
28.275,-0.125,-4.817E-2
28.292,-0.125,-4.957E-2
28.308,-0.125,-5.087E-2
28.325,-0.124,-5.206E-2
28.342,-0.124,-5.354E-2
28.358,-0.123,-5.463E-2
28.375,-0.123,-5.492E-2
28.392,-0.123,-5.507E-2
28.408,-0.123,-5.461E-2
28.425,-0.123,-5.377E-2
28.442,-0.123,-5.267E-2
28.458,-0.123,-5.169E-2
28.475,-0.123,-5.042E-2
28.492,-0.123,-4.941E-2
28.508,-0.124,-4.834E-2
28.525,-0.124,-4.742E-2
28.542,-0.124,-4.650E-2
28.558,-0.124,-4.612E-2
28.575,-0.123,-4.574E-2
28.592,-0.123,-4.558E-2
28.608,-0.123,-4.522E-2
28.625,-0.123,-4.495E-2
28.642,-0.123,-4.451E-2
28.658,-0.123,-4.396E-2
28.675,-0.123,-4.294E-2
28.692,-0.123,-4.202E-2
28.708,-0.123,-4.091E-2
28.725,-0.123,-3.982E-2
28.742,-0.123,-3.868E-2
28.758,-0.123,-3.786E-2
28.775,-0.124,-3.694E-2
28.792,-0.124,-3.637E-2
28.808,-0.124,-3.576E-2
28.825,-0.124,-3.572E-2
28.842,-0.124,-3.578E-2
28.858,-0.124,-3.628E-2
28.875,-0.124,-3.697E-2
28.892,-0.124,-3.776E-2
28.908,-0.125,-3.847E-2
28.925,-0.125,-3.931E-2
28.942,-0.125,-4.034E-2
28.958,-0.125,-4.161E-2
28.975,-0.125,-4.290E-2
28.992,-0.125,-4.427E-2
29.008,-0.125,-4.561E-2
29.025,-0.125,-4.656E-2
29.042,-0.125,-4.752E-2
29.058,-0.126,-4.844E-2
29.075,-0.126,-4.933E-2
29.092,-0.127,-5.005E-2
29.108,-0.127,-5.027E-2
29.125,-0.128,-5.045E-2
29.142,-0.128,-5.031E-2
29.159,-0.128,-5.002E-2
29.175,-0.127,-4.954E-2
29.192,-0.127,-4.893E-2
29.209,-0.127,-4.801E-2
29.225,-0.126,-4.744E-2
29.242,-0.125,-4.673E-2
29.259,-0.125,-4.630E-2
29.275,-0.124,-4.592E-2
29.292,-0.124,-4.562E-2
29.309,-0.123,-4.536E-2
29.325,-0.123,-4.512E-2
29.342,-0.123,-4.461E-2
29.359,-0.123,-4.399E-2
29.375,-0.123,-4.347E-2
29.392,-0.123,-4.304E-2
29.409,-0.123,-4.248E-2
29.425,-0.124,-4.209E-2
29.442,-0.124,-4.172E-2
29.459,-0.124,-4.135E-2
29.475,-0.124,-4.138E-2
29.492,-0.124,-4.139E-2
29.509,-0.124,-4.113E-2
29.525,-0.125,-4.070E-2
29.542,-0.125,-4.046E-2
29.559,-0.126,-4.006E-2
29.575,-0.127,-3.981E-2
29.592,-0.128,-3.943E-2
29.609,-0.129,-3.942E-2
29.625,-0.129,-3.962E-2
29.642,-0.129,-4.033E-2
29.659,-0.129,-4.091E-2
29.675,-0.128,-4.173E-2
29.692,-0.128,-4.225E-2
29.709,-0.128,-4.290E-2
29.725,-0.128,-4.317E-2
29.742,-0.128,-4.395E-2
29.759,-0.128,-4.469E-2
29.775,-0.128,-4.540E-2
29.792,-0.129,-4.600E-2
29.809,-0.129,-4.678E-2
29.825,-0.129,-4.781E-2
29.842,-0.129,-4.917E-2
29.859,-0.128,-5.035E-2
29.875,-0.128,-5.158E-2
29.892,-0.128,-5.253E-2
29.909,-0.128,-5.308E-2
29.925,-0.128,-5.343E-2
29.942,-0.128,-5.350E-2
29.959,-0.128,-5.303E-2
29.975,-0.128,-5.223E-2
29.992,-0.129,-5.159E-2
30.009,-0.129,-5.094E-2
30.025,-0.130,-5.052E-2
30.042,-0.130,-5.009E-2
30.059,-0.130,-4.955E-2
30.075,-0.130,-4.913E-2
30.092,-0.130,-4.865E-2
30.109,-0.130,-4.814E-2
30.125,-0.130,-4.751E-2
30.142,-0.129,-4.694E-2
30.159,-0.129,-4.651E-2
30.175,-0.129,-4.622E-2
30.192,-0.129,-4.596E-2
30.209,-0.128,-4.592E-2
30.225,-0.127,-4.607E-2
30.242,-0.126,-4.685E-2
30.259,-0.125,-4.755E-2
30.276,-0.124,-4.868E-2
30.292,-0.123,-4.952E-2
30.309,-0.123,-5.024E-2
30.326,-0.123,-5.055E-2
30.342,-0.122,-5.106E-2
30.359,-0.122,-5.131E-2
30.376,-0.122,-5.179E-2
30.392,-0.123,-5.205E-2
30.409,-0.123,-5.264E-2
30.426,-0.123,-5.298E-2
30.442,-0.122,-5.377E-2
30.459,-0.122,-5.387E-2
30.476,-0.122,-5.417E-2
30.492,-0.122,-5.417E-2
30.509,-0.122,-5.431E-2
30.526,-0.122,-5.370E-2
30.542,-0.122,-5.310E-2
30.559,-0.122,-5.204E-2
30.576,-0.122,-5.118E-2
30.592,-0.122,-5.011E-2
30.609,-0.123,-4.944E-2
30.626,-0.123,-4.846E-2
30.642,-0.123,-4.782E-2
30.659,-0.123,-4.733E-2
30.676,-0.123,-4.755E-2
30.692,-0.124,-4.761E-2
30.709,-0.124,-4.843E-2
30.726,-0.124,-4.907E-2
30.742,-0.124,-5.026E-2
30.759,-0.124,-5.104E-2
30.776,-0.124,-5.224E-2
30.792,-0.124,-5.280E-2
30.809,-0.125,-5.356E-2
30.826,-0.125,-5.375E-2
30.842,-0.126,-5.400E-2
30.859,-0.127,-5.409E-2
30.876,-0.128,-5.455E-2
30.892,-0.129,-5.473E-2
30.909,-0.129,-5.515E-2
30.926,-0.130,-5.556E-2
30.942,-0.130,-5.572E-2
30.959,-0.130,-5.560E-2
30.976,-0.131,-5.505E-2
30.992,-0.131,-5.468E-2
31.009,-0.130,-5.387E-2
31.026,-0.130,-5.372E-2
31.042,-0.130,-5.359E-2
31.059,-0.129,-5.403E-2
31.076,-0.130,-5.448E-2
31.092,-0.130,-5.570E-2
31.109,-0.129,-5.670E-2
31.126,-0.129,-5.851E-2
31.142,-0.129,-6.008E-2
31.159,-0.128,-6.201E-2
31.176,-0.128,-6.353E-2
31.192,-0.128,-6.541E-2
31.209,-0.128,-6.672E-2
31.226,-0.128,-6.796E-2
31.242,-0.128,-6.857E-2
31.259,-0.128,-6.907E-2
31.276,-0.128,-6.918E-2
31.292,-0.128,-6.942E-2
31.309,-0.128,-6.918E-2
31.326,-0.128,-6.879E-2
31.342,-0.127,-6.826E-2
31.359,-0.127,-6.772E-2
31.376,-0.126,-6.692E-2
31.392,-0.126,-6.638E-2
31.409,-0.125,-6.548E-2
31.426,-0.124,-6.450E-2
31.443,-0.124,-6.296E-2
31.459,-0.123,-6.126E-2
31.476,-0.123,-5.908E-2
31.493,-0.123,-5.664E-2
31.509,-0.122,-5.381E-2
31.526,-0.123,-5.128E-2
31.543,-0.123,-4.910E-2
31.559,-0.123,-4.723E-2
31.576,-0.123,-4.558E-2
31.593,-0.124,-4.441E-2
31.609,-0.124,-4.327E-2
31.626,-0.124,-4.257E-2
31.643,-0.124,-4.190E-2
31.659,-0.124,-4.154E-2
31.676,-0.124,-4.118E-2
31.693,-0.125,-4.112E-2
31.709,-0.125,-4.102E-2
31.726,-0.125,-4.149E-2
31.743,-0.125,-4.207E-2
31.759,-0.125,-4.291E-2
31.776,-0.125,-4.358E-2
31.793,-0.126,-4.418E-2
31.809,-0.126,-4.464E-2
31.826,-0.127,-4.512E-2
31.843,-0.127,-4.566E-2
31.859,-0.128,-4.620E-2
31.876,-0.128,-4.688E-2
31.893,-0.128,-4.750E-2
31.909,-0.128,-4.778E-2
31.926,-0.129,-4.753E-2
31.943,-0.129,-4.751E-2
31.959,-0.129,-4.726E-2
31.976,-0.128,-4.734E-2
31.993,-0.128,-4.760E-2
32.009,-0.127,-4.797E-2
32.026,-0.127,-4.834E-2
32.043,-0.127,-4.952E-2
32.059,-0.127,-5.087E-2
32.076,-0.127,-5.231E-2
32.093,-0.128,-5.391E-2
32.109,-0.128,-5.572E-2
32.126,-0.129,-5.724E-2
32.143,-0.129,-5.885E-2
32.159,-0.130,-6.026E-2
32.176,-0.130,-6.154E-2
32.193,-0.130,-6.309E-2
32.209,-0.130,-6.453E-2
32.226,-0.130,-6.545E-2
32.243,-0.130,-6.591E-2
32.259,-0.130,-6.584E-2
32.276,-0.131,-6.564E-2
32.293,-0.132,-6.545E-2
32.309,-0.132,-6.502E-2
32.326,-0.133,-6.445E-2
32.343,-0.134,-6.383E-2
32.359,-0.134,-6.328E-2
32.376,-0.133,-6.260E-2
32.393,-0.133,-6.220E-2
32.409,-0.132,-6.207E-2
32.426,-0.131,-6.212E-2
32.443,-0.129,-6.265E-2
32.459,-0.128,-6.303E-2
32.476,-0.126,-6.354E-2
32.493,-0.125,-6.371E-2
32.509,-0.124,-6.392E-2
32.526,-0.124,-6.360E-2
32.543,-0.123,-6.343E-2
32.560,-0.123,-6.295E-2
32.576,-0.123,-6.202E-2
32.593,-0.124,-6.058E-2
32.610,-0.125,-5.937E-2
32.626,-0.125,-5.819E-2
32.643,-0.125,-5.717E-2
32.660,-0.124,-5.617E-2
32.676,-0.124,-5.496E-2
32.693,-0.123,-5.385E-2
32.710,-0.123,-5.258E-2
32.726,-0.122,-5.099E-2
32.743,-0.122,-4.952E-2
32.760,-0.123,-4.826E-2
32.776,-0.124,-4.755E-2
32.793,-0.124,-4.719E-2
32.810,-0.125,-4.730E-2
32.826,-0.125,-4.764E-2
32.843,-0.125,-4.825E-2
32.860,-0.125,-4.911E-2
32.876,-0.124,-4.968E-2
32.893,-0.124,-5.015E-2
32.910,-0.124,-5.057E-2
32.926,-0.123,-5.107E-2
32.943,-0.123,-5.146E-2
32.960,-0.123,-5.237E-2
32.976,-0.123,-5.294E-2
32.993,-0.124,-5.313E-2
33.010,-0.125,-5.294E-2
33.026,-0.125,-5.286E-2
33.043,-0.126,-5.269E-2
33.060,-0.127,-5.297E-2
33.076,-0.126,-5.354E-2
33.093,-0.126,-5.408E-2
33.110,-0.125,-5.469E-2
33.126,-0.125,-5.527E-2
33.143,-0.124,-5.562E-2
33.160,-0.124,-5.582E-2
33.176,-0.123,-5.604E-2
33.193,-0.123,-5.599E-2
33.210,-0.123,-5.614E-2
33.226,-0.123,-5.595E-2
33.243,-0.124,-5.592E-2
33.260,-0.124,-5.561E-2
33.276,-0.125,-5.565E-2
33.293,-0.125,-5.560E-2
33.310,-0.126,-5.608E-2
33.326,-0.126,-5.667E-2
33.343,-0.125,-5.772E-2
33.360,-0.125,-5.830E-2
33.376,-0.126,-5.896E-2
33.393,-0.126,-5.909E-2
33.410,-0.127,-5.924E-2
33.426,-0.127,-5.913E-2
33.443,-0.128,-5.912E-2
33.460,-0.128,-5.863E-2
33.476,-0.129,-5.846E-2
33.493,-0.129,-5.809E-2
33.510,-0.129,-5.803E-2
33.526,-0.129,-5.777E-2
33.543,-0.128,-5.773E-2
33.560,-0.128,-5.778E-2
33.576,-0.127,-5.792E-2
33.593,-0.127,-5.763E-2
33.610,-0.126,-5.719E-2
33.626,-0.126,-5.639E-2
33.643,-0.126,-5.553E-2
33.660,-0.126,-5.408E-2
33.676,-0.125,-5.276E-2
33.693,-0.125,-5.153E-2
33.710,-0.125,-5.024E-2
33.727,-0.125,-4.913E-2
33.743,-0.125,-4.811E-2
33.760,-0.124,-4.702E-2
33.777,-0.124,-4.586E-2
33.793,-0.124,-4.483E-2
33.810,-0.124,-4.405E-2
33.827,-0.124,-4.346E-2
33.843,-0.124,-4.292E-2
33.860,-0.125,-4.280E-2
33.877,-0.125,-4.286E-2
33.893,-0.125,-4.317E-2
33.910,-0.125,-4.352E-2
33.927,-0.125,-4.416E-2
33.943,-0.124,-4.455E-2
33.960,-0.124,-4.538E-2
33.977,-0.123,-4.593E-2
33.993,-0.123,-4.659E-2
34.010,-0.123,-4.680E-2
34.027,-0.123,-4.733E-2
34.043,-0.123,-4.741E-2
34.060,-0.124,-4.804E-2
34.077,-0.124,-4.836E-2
34.093,-0.125,-4.914E-2
34.110,-0.126,-4.962E-2
34.127,-0.127,-5.074E-2
34.143,-0.127,-5.174E-2
34.160,-0.127,-5.353E-2
34.177,-0.127,-5.541E-2
34.193,-0.127,-5.743E-2
34.210,-0.127,-5.895E-2
34.227,-0.126,-5.998E-2
34.243,-0.126,-6.044E-2
34.260,-0.126,-6.122E-2
34.277,-0.126,-6.123E-2
34.293,-0.126,-6.085E-2
34.310,-0.126,-5.995E-2
34.327,-0.127,-5.861E-2
34.343,-0.127,-5.752E-2
34.360,-0.128,-5.695E-2
34.377,-0.128,-5.649E-2
34.393,-0.129,-5.621E-2
34.410,-0.128,-5.578E-2
34.427,-0.128,-5.575E-2
34.443,-0.127,-5.582E-2
34.460,-0.126,-5.645E-2
34.477,-0.125,-5.743E-2
34.493,-0.124,-5.925E-2
34.510,-0.122,-6.108E-2
34.527,-0.121,-6.299E-2
34.543,-0.120,-6.472E-2
34.560,-0.119,-6.644E-2
34.577,-0.119,-6.730E-2
34.593,-0.120,-6.726E-2
34.610,-0.120,-6.576E-2
34.627,-0.121,-6.512E-2
34.643,-0.122,-6.403E-2
34.660,-0.122,-6.364E-2
34.677,-0.123,-6.297E-2
34.693,-0.123,-6.263E-2
34.710,-0.123,-6.203E-2
34.727,-0.123,-6.162E-2
34.743,-0.123,-6.083E-2
34.760,-0.124,-6.029E-2
34.777,-0.124,-5.957E-2
34.793,-0.124,-5.867E-2
34.810,-0.124,-5.766E-2
34.827,-0.124,-5.678E-2
34.844,-0.124,-5.548E-2
34.860,-0.124,-5.457E-2
34.877,-0.124,-5.334E-2
34.894,-0.124,-5.222E-2
34.910,-0.124,-5.094E-2
34.927,-0.125,-5.006E-2
34.944,-0.125,-4.943E-2
34.960,-0.126,-4.922E-2
34.977,-0.126,-4.911E-2
34.994,-0.127,-4.959E-2
35.010,-0.127,-5.018E-2
35.027,-0.128,-5.102E-2
35.044,-0.128,-5.200E-2
35.060,-0.128,-5.334E-2
35.077,-0.128,-5.448E-2
35.094,-0.128,-5.537E-2
35.110,-0.129,-5.586E-2
35.127,-0.129,-5.610E-2
35.144,-0.129,-5.624E-2
35.160,-0.129,-5.626E-2
35.177,-0.129,-5.627E-2
35.194,-0.129,-5.659E-2
35.210,-0.129,-5.715E-2
35.227,-0.128,-5.770E-2
35.244,-0.127,-5.851E-2
35.260,-0.126,-5.944E-2
35.277,-0.125,-6.041E-2
35.294,-0.125,-6.129E-2
35.310,-0.125,-6.149E-2
35.327,-0.124,-6.187E-2
35.344,-0.124,-6.262E-2
35.360,-0.123,-6.355E-2
35.377,-0.123,-6.444E-2
35.394,-0.122,-6.516E-2
35.410,-0.122,-6.521E-2
35.427,-0.122,-6.502E-2
35.444,-0.122,-6.442E-2
35.460,-0.122,-6.377E-2
35.477,-0.122,-6.312E-2
35.494,-0.122,-6.256E-2
35.510,-0.122,-6.185E-2
35.527,-0.122,-6.081E-2
35.544,-0.122,-5.959E-2
35.560,-0.122,-5.820E-2
35.577,-0.122,-5.700E-2
35.594,-0.122,-5.591E-2
35.610,-0.122,-5.520E-2
35.627,-0.122,-5.464E-2
35.644,-0.122,-5.467E-2
35.660,-0.123,-5.487E-2
35.677,-0.123,-5.548E-2
35.694,-0.123,-5.584E-2
35.710,-0.124,-5.640E-2
35.727,-0.124,-5.673E-2
35.744,-0.124,-5.740E-2
35.760,-0.124,-5.776E-2
35.777,-0.124,-5.834E-2
35.794,-0.124,-5.824E-2
35.810,-0.124,-5.819E-2
35.827,-0.124,-5.793E-2
35.844,-0.124,-5.803E-2
35.860,-0.124,-5.788E-2
35.877,-0.124,-5.758E-2
35.894,-0.125,-5.698E-2
35.910,-0.125,-5.654E-2
35.927,-0.126,-5.609E-2
35.944,-0.126,-5.598E-2
35.960,-0.126,-5.600E-2
35.977,-0.126,-5.659E-2
35.994,-0.126,-5.688E-2
36.011,-0.126,-5.710E-2
36.027,-0.126,-5.725E-2
36.044,-0.126,-5.736E-2
36.061,-0.126,-5.737E-2
36.077,-0.126,-5.717E-2
36.094,-0.127,-5.658E-2
36.111,-0.127,-5.639E-2
36.127,-0.127,-5.613E-2
36.144,-0.127,-5.590E-2
36.161,-0.127,-5.517E-2
36.177,-0.127,-5.464E-2
36.194,-0.127,-5.389E-2
36.211,-0.127,-5.313E-2
36.227,-0.127,-5.236E-2
36.244,-0.127,-5.176E-2
36.261,-0.127,-5.093E-2
36.277,-0.127,-5.007E-2
36.294,-0.127,-4.919E-2
36.311,-0.127,-4.854E-2
36.327,-0.127,-4.805E-2
36.344,-0.127,-4.789E-2
36.361,-0.127,-4.771E-2
36.377,-0.128,-4.791E-2
36.394,-0.128,-4.799E-2
36.411,-0.128,-4.855E-2
36.427,-0.128,-4.904E-2
36.444,-0.128,-4.995E-2
36.461,-0.127,-5.040E-2
36.477,-0.127,-5.070E-2
36.494,-0.127,-5.088E-2
36.511,-0.127,-5.115E-2
36.527,-0.127,-5.148E-2
36.544,-0.128,-5.248E-2
36.561,-0.129,-5.309E-2
36.577,-0.129,-5.401E-2
36.594,-0.130,-5.474E-2
36.611,-0.130,-5.591E-2
36.627,-0.130,-5.690E-2
36.644,-0.129,-5.818E-2
36.661,-0.129,-5.923E-2
36.677,-0.129,-6.049E-2
36.694,-0.129,-6.160E-2
36.711,-0.129,-6.253E-2
36.727,-0.128,-6.280E-2
36.744,-0.128,-6.282E-2
36.761,-0.128,-6.273E-2
36.777,-0.128,-6.281E-2
36.794,-0.129,-6.292E-2
36.811,-0.129,-6.300E-2
36.827,-0.130,-6.307E-2
36.844,-0.130,-6.349E-2
36.861,-0.130,-6.386E-2
36.877,-0.129,-6.416E-2
36.894,-0.129,-6.458E-2
36.911,-0.128,-6.467E-2
36.927,-0.128,-6.454E-2
36.944,-0.128,-6.417E-2
36.961,-0.127,-6.315E-2
36.977,-0.127,-6.163E-2
36.994,-0.128,-5.996E-2
37.011,-0.128,-5.838E-2
37.027,-0.128,-5.722E-2
37.044,-0.128,-5.599E-2
37.061,-0.129,-5.519E-2
37.077,-0.129,-5.454E-2
37.094,-0.129,-5.456E-2
37.111,-0.129,-5.438E-2
37.128,-0.128,-5.477E-2
37.144,-0.128,-5.498E-2
37.161,-0.128,-5.590E-2
37.178,-0.127,-5.651E-2
37.194,-0.127,-5.736E-2
37.211,-0.126,-5.773E-2
37.228,-0.126,-5.841E-2
37.244,-0.126,-5.914E-2
37.261,-0.126,-6.046E-2
37.278,-0.126,-6.168E-2
37.294,-0.127,-6.288E-2
37.311,-0.128,-6.387E-2
37.328,-0.128,-6.495E-2
37.344,-0.128,-6.596E-2
37.361,-0.129,-6.742E-2
37.378,-0.129,-6.896E-2
37.394,-0.129,-7.048E-2
37.411,-0.128,-7.186E-2
37.428,-0.128,-7.347E-2
37.444,-0.128,-7.461E-2
37.461,-0.128,-7.540E-2
37.478,-0.128,-7.576E-2
37.494,-0.128,-7.652E-2
37.511,-0.127,-7.706E-2
37.528,-0.127,-7.801E-2
37.544,-0.127,-7.895E-2
37.561,-0.126,-8.004E-2
37.578,-0.126,-8.096E-2
37.594,-0.126,-8.183E-2
37.611,-0.126,-8.191E-2
37.628,-0.126,-8.196E-2
37.644,-0.126,-8.148E-2
37.661,-0.126,-8.106E-2
37.678,-0.126,-8.002E-2
37.694,-0.126,-7.938E-2
37.711,-0.125,-7.857E-2
37.728,-0.125,-7.831E-2
37.744,-0.125,-7.759E-2
37.761,-0.124,-7.661E-2
37.778,-0.124,-7.551E-2
37.794,-0.125,-7.482E-2
37.811,-0.125,-7.391E-2
37.828,-0.125,-7.354E-2
37.844,-0.125,-7.292E-2
37.861,-0.125,-7.254E-2
37.878,-0.125,-7.199E-2
37.894,-0.125,-7.185E-2
37.911,-0.125,-7.172E-2
37.928,-0.124,-7.180E-2
37.944,-0.124,-7.136E-2
37.961,-0.124,-7.114E-2
37.978,-0.124,-7.078E-2
37.994,-0.124,-6.995E-2
38.011,-0.124,-6.876E-2
38.028,-0.124,-6.762E-2
38.044,-0.124,-6.654E-2
38.061,-0.124,-6.591E-2
38.078,-0.124,-6.514E-2
38.094,-0.124,-6.479E-2
38.111,-0.124,-6.432E-2
38.128,-0.124,-6.402E-2
38.144,-0.124,-6.393E-2
38.161,-0.124,-6.361E-2
38.178,-0.124,-6.296E-2
38.194,-0.124,-6.220E-2
38.211,-0.124,-6.152E-2
38.228,-0.124,-6.095E-2
38.244,-0.123,-6.004E-2
38.261,-0.123,-5.914E-2
38.278,-0.123,-5.770E-2
38.295,-0.123,-5.688E-2
38.311,-0.124,-5.558E-2
38.328,-0.124,-5.443E-2
38.345,-0.124,-5.327E-2
38.361,-0.125,-5.234E-2
38.378,-0.125,-5.161E-2
38.395,-0.125,-5.110E-2
38.411,-0.125,-5.054E-2
38.428,-0.125,-4.987E-2
38.445,-0.125,-4.933E-2
38.461,-0.124,-4.860E-2
38.478,-0.124,-4.782E-2
38.495,-0.124,-4.684E-2
38.511,-0.124,-4.563E-2
38.528,-0.124,-4.464E-2
38.545,-0.123,-4.378E-2
38.561,-0.123,-4.325E-2
38.578,-0.123,-4.293E-2
38.595,-0.123,-4.286E-2
38.611,-0.123,-4.255E-2
38.628,-0.123,-4.286E-2
38.645,-0.123,-4.304E-2
38.661,-0.124,-4.342E-2
38.678,-0.124,-4.377E-2
38.695,-0.124,-4.429E-2
38.711,-0.124,-4.490E-2
38.728,-0.124,-4.575E-2
38.745,-0.124,-4.688E-2
38.761,-0.124,-4.785E-2
38.778,-0.124,-4.913E-2
38.795,-0.124,-5.016E-2
38.811,-0.125,-5.111E-2
38.828,-0.126,-5.145E-2
38.845,-0.127,-5.198E-2
38.861,-0.127,-5.231E-2
38.878,-0.128,-5.310E-2
38.895,-0.128,-5.362E-2
38.911,-0.129,-5.451E-2
38.928,-0.129,-5.507E-2
38.945,-0.129,-5.622E-2
38.961,-0.129,-5.669E-2
38.978,-0.129,-5.758E-2
38.995,-0.129,-5.807E-2
39.011,-0.129,-5.919E-2
39.028,-0.129,-5.988E-2
39.045,-0.129,-6.127E-2
39.061,-0.128,-6.246E-2
39.078,-0.128,-6.374E-2
39.095,-0.127,-6.460E-2
39.111,-0.127,-6.561E-2
39.128,-0.126,-6.631E-2
39.145,-0.126,-6.697E-2
39.161,-0.126,-6.693E-2
39.178,-0.126,-6.695E-2
39.195,-0.126,-6.653E-2
39.211,-0.126,-6.640E-2
39.228,-0.126,-6.567E-2
39.245,-0.127,-6.544E-2
39.261,-0.126,-6.522E-2
39.278,-0.126,-6.516E-2
39.295,-0.125,-6.484E-2
39.311,-0.125,-6.454E-2
39.328,-0.124,-6.362E-2
39.345,-0.124,-6.274E-2
39.361,-0.124,-6.137E-2
39.378,-0.124,-6.033E-2
39.395,-0.124,-5.947E-2
39.411,-0.124,-5.896E-2
39.428,-0.124,-5.834E-2
39.445,-0.125,-5.831E-2
39.462,-0.125,-5.849E-2
39.478,-0.125,-5.902E-2
39.495,-0.125,-5.955E-2
39.512,-0.126,-6.019E-2
39.528,-0.126,-6.081E-2
39.545,-0.126,-6.147E-2
39.562,-0.126,-6.211E-2
39.578,-0.126,-6.274E-2
39.595,-0.126,-6.310E-2
39.612,-0.127,-6.307E-2
39.628,-0.127,-6.286E-2
39.645,-0.128,-6.262E-2
39.662,-0.130,-6.223E-2
39.678,-0.131,-6.170E-2
39.695,-0.132,-6.126E-2
39.712,-0.132,-6.077E-2
39.728,-0.132,-6.078E-2
39.745,-0.132,-6.047E-2
39.762,-0.131,-6.025E-2
39.778,-0.130,-5.955E-2
39.795,-0.129,-5.902E-2
39.812,-0.128,-5.837E-2
39.828,-0.127,-5.771E-2
39.845,-0.125,-5.673E-2
39.862,-0.124,-5.550E-2
39.878,-0.124,-5.380E-2
39.895,-0.124,-5.224E-2
39.912,-0.125,-5.107E-2
39.928,-0.125,-5.011E-2
39.945,-0.126,-4.929E-2
39.962,-0.126,-4.860E-2
39.978,-0.127,-4.838E-2
39.995,-0.127,-4.837E-2
40.012,-0.127,-4.900E-2
40.028,-0.127,-4.992E-2
40.045,-0.127,-5.145E-2
40.062,-0.127,-5.285E-2
40.078,-0.127,-5.386E-2
40.095,-0.128,-5.452E-2
40.112,-0.129,-5.505E-2
40.128,-0.130,-5.574E-2
40.145,-0.130,-5.660E-2
40.162,-0.131,-5.736E-2
40.178,-0.131,-5.795E-2
40.195,-0.131,-5.838E-2
40.212,-0.132,-5.894E-2
40.228,-0.132,-5.945E-2
40.245,-0.132,-5.989E-2
40.262,-0.132,-6.055E-2
40.278,-0.132,-6.095E-2
40.295,-0.131,-6.189E-2
40.312,-0.131,-6.284E-2
40.328,-0.130,-6.420E-2
40.345,-0.129,-6.496E-2
40.362,-0.129,-6.570E-2
40.378,-0.128,-6.617E-2
40.395,-0.127,-6.729E-2
40.412,-0.126,-6.810E-2
40.428,-0.125,-6.909E-2
40.445,-0.124,-6.907E-2
40.462,-0.124,-6.871E-2
40.478,-0.124,-6.745E-2
40.495,-0.124,-6.620E-2
40.512,-0.125,-6.419E-2
40.528,-0.126,-6.284E-2
40.545,-0.126,-6.176E-2
40.562,-0.126,-6.099E-2
40.579,-0.126,-6.044E-2
40.595,-0.126,-5.984E-2
40.612,-0.126,-5.894E-2
40.629,-0.126,-5.804E-2
40.645,-0.125,-5.710E-2
40.662,-0.125,-5.626E-2
40.679,-0.125,-5.540E-2
40.695,-0.125,-5.424E-2
40.712,-0.125,-5.304E-2
40.729,-0.125,-5.198E-2
40.745,-0.125,-5.081E-2
40.762,-0.125,-4.939E-2
40.779,-0.125,-4.805E-2
40.795,-0.125,-4.716E-2
40.812,-0.125,-4.644E-2
40.829,-0.124,-4.614E-2
40.845,-0.123,-4.574E-2
40.862,-0.123,-4.538E-2
40.879,-0.122,-4.482E-2
40.895,-0.121,-4.451E-2
40.912,-0.121,-4.399E-2
40.929,-0.121,-4.383E-2
40.945,-0.122,-4.342E-2
40.962,-0.122,-4.288E-2
40.979,-0.123,-4.199E-2
40.995,-0.124,-4.151E-2
41.012,-0.124,-4.106E-2
41.029,-0.125,-4.115E-2
41.045,-0.125,-4.156E-2
41.062,-0.125,-4.235E-2
41.079,-0.125,-4.287E-2
41.095,-0.125,-4.331E-2
41.112,-0.125,-4.396E-2
41.129,-0.125,-4.450E-2
41.145,-0.125,-4.543E-2
41.162,-0.125,-4.607E-2
41.179,-0.125,-4.683E-2
41.195,-0.126,-4.705E-2
41.212,-0.127,-4.744E-2
41.229,-0.128,-4.775E-2
41.245,-0.129,-4.841E-2
41.262,-0.129,-4.911E-2
41.279,-0.129,-4.999E-2
41.295,-0.129,-5.106E-2
41.312,-0.129,-5.219E-2
41.329,-0.128,-5.324E-2
41.345,-0.128,-5.411E-2
41.362,-0.128,-5.508E-2
41.379,-0.129,-5.605E-2
41.395,-0.129,-5.688E-2
41.412,-0.130,-5.735E-2
41.429,-0.130,-5.803E-2
41.445,-0.131,-5.825E-2
41.462,-0.131,-5.882E-2
41.479,-0.131,-5.888E-2
41.495,-0.131,-5.906E-2
41.512,-0.131,-5.879E-2
41.529,-0.131,-5.840E-2
41.545,-0.130,-5.767E-2
41.562,-0.130,-5.686E-2
41.579,-0.129,-5.611E-2
41.595,-0.129,-5.535E-2
41.612,-0.128,-5.427E-2
41.629,-0.128,-5.330E-2
41.645,-0.128,-5.221E-2
41.662,-0.128,-5.143E-2
41.679,-0.128,-5.107E-2
41.695,-0.127,-5.094E-2
41.712,-0.127,-5.107E-2
41.729,-0.127,-5.100E-2
41.746,-0.127,-5.096E-2
41.762,-0.127,-5.086E-2
41.779,-0.127,-5.072E-2
41.796,-0.127,-5.034E-2
41.812,-0.127,-5.041E-2
41.829,-0.127,-5.001E-2
41.846,-0.126,-4.976E-2
41.862,-0.126,-4.941E-2
41.879,-0.127,-4.908E-2
41.896,-0.127,-4.890E-2
41.912,-0.127,-4.896E-2
41.929,-0.127,-4.928E-2
41.946,-0.128,-4.996E-2
41.962,-0.128,-5.096E-2
41.979,-0.128,-5.179E-2
41.996,-0.127,-5.285E-2
42.012,-0.127,-5.400E-2
42.029,-0.127,-5.535E-2
42.046,-0.127,-5.632E-2
42.062,-0.128,-5.716E-2
42.079,-0.128,-5.760E-2
42.096,-0.128,-5.817E-2
42.112,-0.128,-5.888E-2
42.129,-0.129,-5.984E-2
42.146,-0.129,-6.088E-2
42.162,-0.128,-6.236E-2
42.179,-0.128,-6.369E-2
42.196,-0.128,-6.536E-2
42.212,-0.128,-6.684E-2
42.229,-0.127,-6.794E-2
42.246,-0.127,-6.911E-2
42.262,-0.127,-6.982E-2
42.279,-0.128,-7.072E-2
42.296,-0.128,-7.117E-2
42.312,-0.128,-7.126E-2
42.329,-0.129,-7.084E-2
42.346,-0.130,-7.070E-2
42.362,-0.130,-7.086E-2
42.379,-0.130,-7.141E-2
42.396,-0.129,-7.155E-2
42.412,-0.128,-7.161E-2
42.429,-0.127,-7.132E-2
42.446,-0.126,-7.073E-2
42.462,-0.126,-6.980E-2
42.479,-0.126,-6.864E-2
42.496,-0.125,-6.686E-2
42.512,-0.125,-6.517E-2
42.529,-0.125,-6.323E-2
42.546,-0.125,-6.146E-2
42.562,-0.125,-5.941E-2
42.579,-0.125,-5.773E-2
42.596,-0.125,-5.572E-2
42.612,-0.126,-5.426E-2
42.629,-0.126,-5.302E-2
42.646,-0.125,-5.213E-2
42.662,-0.125,-5.143E-2
42.679,-0.125,-5.115E-2
42.696,-0.125,-5.099E-2
42.712,-0.124,-5.113E-2
42.729,-0.124,-5.108E-2
42.746,-0.124,-5.118E-2
42.762,-0.124,-5.120E-2
42.779,-0.125,-5.109E-2
42.796,-0.125,-5.052E-2
42.812,-0.126,-5.029E-2
42.829,-0.127,-5.021E-2
42.846,-0.127,-5.050E-2
42.863,-0.127,-5.087E-2
42.879,-0.127,-5.123E-2
42.896,-0.127,-5.191E-2
42.913,-0.127,-5.270E-2
42.929,-0.127,-5.356E-2
42.946,-0.127,-5.456E-2
42.963,-0.128,-5.554E-2
42.979,-0.127,-5.677E-2
42.996,-0.127,-5.821E-2
43.013,-0.127,-5.957E-2
43.029,-0.127,-6.129E-2
43.046,-0.127,-6.293E-2
43.063,-0.126,-6.471E-2
43.079,-0.126,-6.606E-2
43.096,-0.127,-6.719E-2
43.113,-0.127,-6.739E-2
43.129,-0.127,-6.773E-2
43.146,-0.127,-6.702E-2
43.163,-0.126,-6.657E-2
43.179,-0.126,-6.569E-2
43.196,-0.126,-6.532E-2
43.213,-0.126,-6.434E-2
43.229,-0.127,-6.395E-2
43.246,-0.127,-6.323E-2
43.263,-0.127,-6.285E-2
43.279,-0.126,-6.233E-2
43.296,-0.126,-6.241E-2
