,mass A,,
t,x,y,
0.000,-0.124,-4.804E-2
0.022,-0.124,-4.857E-2
0.043,-0.124,-4.943E-2
0.065,-0.125,-5.070E-2
0.086,-0.125,-5.244E-2
0.108,-0.124,-5.497E-2
0.129,-0.124,-5.810E-2
0.151,-0.123,-6.197E-2
0.172,-0.122,-6.584E-2
0.194,-0.121,-6.989E-2
0.215,-0.121,-7.393E-2
0.237,-0.120,-7.787E-2
0.258,-0.120,-8.121E-2
0.280,-0.120,-8.355E-2
0.302,-0.121,-8.529E-2
0.323,-0.122,-8.626E-2
0.345,-0.121,-8.625E-2
0.366,-0.122,-8.536E-2
0.388,-0.123,-8.416E-2
0.409,-0.123,-8.190E-2
0.431,-0.124,-7.902E-2
0.452,-0.123,-7.725E-2
0.474,-0.124,-7.532E-2
0.495,-0.123,-7.286E-2
0.517,-0.122,-7.118E-2
0.538,-0.122,-7.007E-2
0.560,-0.122,-6.880E-2
0.582,-0.122,-6.643E-2
0.603,-0.121,-6.592E-2
0.625,-0.121,-6.454E-2
0.646,-0.121,-6.358E-2
0.668,-0.121,-6.257E-2
0.689,-0.121,-6.165E-2
0.711,-0.122,-5.961E-2
0.732,-0.122,-5.865E-2
0.754,-0.124,-5.820E-2
0.775,-0.124,-5.803E-2
0.797,-0.124,-5.747E-2
0.818,-0.125,-5.697E-2
0.840,-0.125,-5.662E-2
0.862,-0.126,-5.651E-2
0.883,-0.126,-5.609E-2
0.905,-0.126,-5.643E-2
0.926,-0.127,-5.641E-2
0.948,-0.127,-5.646E-2
0.969,-0.126,-5.713E-2
0.991,-0.126,-5.753E-2
1.012,-0.126,-5.845E-2
1.034,-0.126,-5.932E-2
1.055,-0.126,-6.022E-2
1.077,-0.125,-6.115E-2
1.099,-0.125,-6.208E-2
1.120,-0.125,-6.333E-2
1.142,-0.124,-6.443E-2
1.163,-0.124,-6.605E-2
1.185,-0.123,-6.737E-2
1.206,-0.123,-6.864E-2
1.228,-0.123,-6.979E-2
1.249,-0.123,-7.101E-2
1.271,-0.122,-7.169E-2
1.292,-0.122,-7.213E-2
1.314,-0.122,-7.207E-2
1.335,-0.122,-7.208E-2
1.357,-0.122,-7.163E-2
1.379,-0.122,-7.119E-2
1.400,-0.122,-7.109E-2
1.422,-0.122,-7.010E-2
1.443,-0.121,-6.858E-2
1.465,-0.122,-6.831E-2
1.486,-0.122,-6.859E-2
1.508,-0.122,-6.891E-2
1.529,-0.123,-6.877E-2
1.551,-0.123,-6.803E-2
1.572,-0.124,-6.686E-2
1.594,-0.124,-6.546E-2
1.615,-0.124,-6.459E-2
1.637,-0.125,-6.463E-2
1.659,-0.125,-6.466E-2
1.680,-0.124,-6.402E-2
1.702,-0.124,-6.477E-2
1.723,-0.124,-6.760E-2
1.745,-0.123,-6.850E-2
1.766,-0.122,-6.836E-2
1.788,-0.121,-6.876E-2
1.809,-0.121,-6.969E-2
1.831,-0.120,-6.983E-2
1.852,-0.119,-6.928E-2
1.874,-0.119,-6.884E-2
1.895,-0.118,-6.802E-2
1.917,-0.118,-6.708E-2
1.939,-0.118,-6.668E-2
1.960,-0.118,-6.506E-2
1.982,-0.119,-6.546E-2
2.003,-0.120,-6.456E-2
2.025,-0.120,-6.357E-2
2.046,-0.121,-6.254E-2
2.068,-0.122,-6.115E-2
2.089,-0.123,-6.009E-2
2.111,-0.123,-5.876E-2
2.132,-0.124,-5.772E-2
2.154,-0.124,-5.704E-2
2.175,-0.124,-5.631E-2
2.197,-0.124,-5.621E-2
2.219,-0.124,-5.674E-2
2.240,-0.124,-5.749E-2
2.262,-0.124,-5.833E-2
2.283,-0.124,-5.949E-2
2.305,-0.124,-6.055E-2
2.326,-0.124,-6.158E-2
2.348,-0.125,-6.241E-2
2.369,-0.125,-6.330E-2
2.391,-0.126,-6.403E-2
2.412,-0.127,-6.478E-2
2.434,-0.128,-6.546E-2
2.455,-0.129,-6.591E-2
2.477,-0.130,-6.603E-2
2.499,-0.130,-6.618E-2
2.520,-0.131,-6.580E-2
2.542,-0.132,-6.636E-2
2.563,-0.132,-6.702E-2
2.585,-0.133,-6.750E-2
2.606,-0.133,-6.822E-2
2.628,-0.133,-6.840E-2
2.649,-0.133,-6.949E-2
2.671,-0.133,-6.899E-2
2.692,-0.133,-6.993E-2
2.714,-0.132,-6.993E-2
2.736,-0.131,-6.966E-2
2.757,-0.130,-7.022E-2
2.779,-0.129,-7.126E-2
2.800,-0.127,-7.028E-2
2.822,-0.126,-7.014E-2
2.843,-0.125,-6.986E-2
2.865,-0.123,-7.017E-2
2.886,-0.122,-7.104E-2
2.908,-0.121,-7.198E-2
2.929,-0.120,-7.289E-2
2.951,-0.120,-7.396E-2
2.972,-0.119,-7.444E-2
2.994,-0.120,-7.576E-2
3.016,-0.120,-7.630E-2
3.037,-0.122,-7.695E-2
3.059,-0.123,-7.713E-2
3.080,-0.123,-7.722E-2
3.102,-0.123,-7.718E-2
3.123,-0.124,-7.726E-2
3.145,-0.124,-7.760E-2
3.166,-0.125,-7.753E-2
3.188,-0.125,-7.707E-2
3.209,-0.125,-7.651E-2
3.231,-0.125,-7.610E-2
3.252,-0.125,-7.561E-2
3.274,-0.124,-7.511E-2
3.296,-0.124,-7.528E-2
3.317,-0.124,-7.521E-2
3.339,-0.123,-7.604E-2
3.360,-0.123,-7.708E-2
3.382,-0.122,-7.847E-2
3.403,-0.122,-7.970E-2
3.425,-0.121,-8.080E-2
3.446,-0.120,-8.218E-2
3.468,-0.120,-8.357E-2
3.489,-0.120,-8.474E-2
3.511,-0.119,-8.538E-2
3.532,-0.119,-8.580E-2
3.554,-0.119,-8.632E-2
3.576,-0.119,-8.644E-2
3.597,-0.120,-8.584E-2
3.619,-0.121,-8.651E-2
3.640,-0.122,-8.576E-2
3.662,-0.122,-8.463E-2
3.683,-0.123,-8.304E-2
3.705,-0.123,-8.197E-2
3.726,-0.124,-8.030E-2
3.748,-0.124,-7.887E-2
3.769,-0.125,-7.778E-2
3.791,-0.126,-7.644E-2
3.812,-0.126,-7.509E-2
3.834,-0.126,-7.362E-2
3.856,-0.127,-7.232E-2
3.877,-0.127,-7.145E-2
3.899,-0.127,-7.082E-2
3.920,-0.128,-7.052E-2
3.942,-0.128,-7.043E-2
3.963,-0.128,-7.038E-2
3.985,-0.128,-7.026E-2
4.006,-0.128,-7.007E-2
4.028,-0.128,-6.986E-2
4.049,-0.128,-6.916E-2
4.071,-0.128,-6.867E-2
4.092,-0.128,-6.831E-2
4.114,-0.128,-6.775E-2
4.136,-0.128,-6.751E-2
4.157,-0.127,-6.741E-2
4.179,-0.127,-6.705E-2
4.200,-0.127,-6.529E-2
4.222,-0.128,-6.496E-2
4.243,-0.126,-6.419E-2
4.265,-0.126,-6.668E-2
4.286,-0.126,-6.655E-2
4.308,-0.126,-6.650E-2
4.329,-0.126,-6.628E-2
4.351,-0.127,-6.225E-2
4.372,-0.126,-6.603E-2
4.394,-0.126,-6.570E-2
4.416,-0.126,-6.555E-2
4.437,-0.126,-6.537E-2
4.459,-0.126,-6.178E-2
4.480,-0.127,-6.193E-2
4.502,-0.126,-6.480E-2
4.523,-0.125,-6.496E-2
4.545,-0.127,-6.192E-2
4.566,-0.126,-6.165E-2
4.588,-0.126,-6.488E-2
4.609,-0.126,-6.481E-2
4.631,-0.127,-6.515E-2
4.653,-0.127,-6.574E-2
4.674,-0.127,-6.612E-2
4.696,-0.127,-6.645E-2
4.717,-0.127,-6.690E-2
4.739,-0.127,-6.761E-2
4.760,-0.127,-6.699E-2
4.782,-0.127,-6.939E-2
4.803,-0.127,-7.067E-2
4.825,-0.127,-7.209E-2
4.846,-0.127,-7.343E-2
4.868,-0.128,-7.469E-2
4.889,-0.128,-7.508E-2
4.911,-0.127,-7.528E-2
4.933,-0.126,-7.492E-2
4.954,-0.126,-7.435E-2
4.976,-0.126,-7.393E-2
4.997,-0.126,-7.384E-2
5.019,-0.126,-7.341E-2
5.040,-0.126,-7.305E-2
5.062,-0.127,-7.291E-2
5.083,-0.127,-7.290E-2
5.105,-0.127,-7.285E-2
5.126,-0.127,-7.259E-2
5.148,-0.127,-7.252E-2
5.169,-0.127,-7.259E-2
5.191,-0.127,-7.250E-2
5.213,-0.127,-7.281E-2
5.234,-0.127,-7.293E-2
5.256,-0.127,-7.329E-2
5.277,-0.127,-7.381E-2
5.299,-0.126,-7.438E-2
5.320,-0.127,-7.513E-2
5.342,-0.126,-7.578E-2
5.363,-0.126,-7.661E-2
5.385,-0.126,-7.744E-2
5.406,-0.126,-7.837E-2
5.428,-0.126,-7.908E-2
5.449,-0.126,-7.931E-2
5.471,-0.126,-7.995E-2
5.493,-0.126,-8.017E-2
5.514,-0.126,-8.031E-2
5.536,-0.126,-8.042E-2
5.557,-0.126,-8.059E-2
5.579,-0.126,-8.062E-2
5.600,-0.126,-8.074E-2
5.622,-0.126,-8.067E-2
5.643,-0.126,-8.074E-2
5.665,-0.126,-8.027E-2
5.686,-0.126,-8.019E-2
5.708,-0.126,-7.973E-2
5.729,-0.126,-7.980E-2
5.751,-0.126,-7.931E-2
5.773,-0.125,-7.854E-2
5.794,-0.126,-7.827E-2
5.816,-0.125,-7.766E-2
5.837,-0.126,-7.698E-2
5.859,-0.126,-7.622E-2
5.880,-0.126,-7.556E-2
5.902,-0.126,-7.461E-2
5.923,-0.126,-7.360E-2
5.945,-0.126,-7.216E-2
5.966,-0.126,-7.112E-2
5.988,-0.127,-7.033E-2
6.009,-0.127,-6.886E-2
6.031,-0.127,-6.751E-2
6.053,-0.128,-6.611E-2
6.074,-0.128,-6.468E-2
6.096,-0.128,-6.331E-2
6.117,-0.128,-6.201E-2
6.139,-0.129,-6.063E-2
6.160,-0.129,-5.933E-2
6.182,-0.129,-5.825E-2
6.203,-0.129,-5.701E-2
6.225,-0.129,-5.571E-2
6.246,-0.129,-5.480E-2
6.268,-0.129,-5.392E-2
6.289,-0.129,-5.304E-2
6.311,-0.129,-5.230E-2
6.333,-0.128,-5.174E-2
6.354,-0.128,-5.127E-2
6.376,-0.129,-5.118E-2
6.397,-0.129,-5.099E-2
6.419,-0.127,-5.039E-2
6.440,-0.127,-5.023E-2
6.462,-0.128,-5.106E-2
6.483,-0.128,-5.107E-2
6.505,-0.128,-5.110E-2
6.526,-0.128,-5.114E-2
6.548,-0.129,-5.127E-2
6.570,-0.129,-5.136E-2
6.591,-0.129,-5.171E-2
6.613,-0.130,-5.215E-2
6.634,-0.130,-5.279E-2
6.656,-0.131,-5.351E-2
6.677,-0.132,-5.399E-2
6.699,-0.133,-5.450E-2
6.720,-0.133,-5.470E-2
6.742,-0.134,-5.498E-2
6.763,-0.134,-5.512E-2
6.785,-0.135,-5.538E-2
6.806,-0.135,-5.617E-2
6.828,-0.135,-5.645E-2
6.850,-0.135,-5.819E-2
6.871,-0.136,-5.917E-2
6.893,-0.136,-6.006E-2
6.914,-0.137,-6.102E-2
6.936,-0.137,-6.198E-2
6.957,-0.136,-6.276E-2
6.979,-0.136,-6.356E-2
7.000,-0.136,-6.414E-2
7.022,-0.136,-6.459E-2
7.043,-0.138,-6.489E-2
7.065,-0.138,-6.532E-2
7.086,-0.137,-6.540E-2
7.108,-0.137,-6.544E-2
7.130,-0.137,-6.544E-2
7.151,-0.137,-6.553E-2
7.173,-0.137,-6.555E-2
7.194,-0.137,-6.555E-2
7.216,-0.138,-6.583E-2
7.237,-0.138,-6.546E-2
7.259,-0.138,-6.521E-2
7.280,-0.139,-6.299E-2
7.302,-0.139,-6.498E-2
7.323,-0.139,-6.328E-2
7.345,-0.138,-6.369E-2
7.366,-0.138,-6.404E-2
7.388,-0.137,-6.449E-2
7.410,-0.137,-6.505E-2
7.431,-0.136,-6.548E-2
7.453,-0.136,-6.555E-2
7.474,-0.136,-6.558E-2
7.496,-0.136,-6.545E-2
7.517,-0.135,-6.551E-2
7.539,-0.135,-6.575E-2
7.560,-0.135,-6.591E-2
7.582,-0.134,-6.595E-2
7.603,-0.134,-6.608E-2
7.625,-0.134,-6.596E-2
7.646,-0.134,-6.581E-2
7.668,-0.134,-6.556E-2
7.690,-0.134,-6.549E-2
7.711,-0.134,-6.550E-2
7.733,-0.134,-6.566E-2
7.754,-0.134,-6.605E-2
7.776,-0.134,-6.669E-2
7.797,-0.134,-6.712E-2
7.819,-0.134,-6.774E-2
7.840,-0.135,-6.836E-2
7.862,-0.134,-6.919E-2
7.883,-0.135,-6.960E-2
7.905,-0.135,-7.003E-2
7.926,-0.135,-7.046E-2
7.948,-0.135,-7.095E-2
7.970,-0.135,-7.133E-2
7.991,-0.135,-7.160E-2
8.013,-0.135,-7.193E-2
8.034,-0.135,-7.249E-2
8.056,-0.135,-7.296E-2
8.077,-0.135,-7.348E-2
8.099,-0.136,-7.405E-2
8.120,-0.136,-7.472E-2
8.142,-0.136,-7.528E-2
8.163,-0.136,-7.596E-2
8.185,-0.137,-7.634E-2
8.207,-0.137,-7.641E-2
8.228,-0.137,-7.617E-2
8.250,-0.137,-7.611E-2
8.271,-0.137,-7.592E-2
8.293,-0.138,-7.550E-2
8.314,-0.138,-7.506E-2
8.336,-0.138,-7.461E-2
8.357,-0.137,-7.398E-2
8.379,-0.137,-7.323E-2
8.400,-0.137,-7.236E-2
8.422,-0.137,-7.141E-2
8.443,-0.137,-7.021E-2
8.465,-0.137,-6.914E-2
8.487,-0.136,-6.791E-2
8.508,-0.136,-6.678E-2
8.530,-0.136,-6.569E-2
8.551,-0.136,-6.483E-2
8.573,-0.135,-6.409E-2
8.594,-0.135,-6.330E-2
8.616,-0.135,-6.246E-2
8.637,-0.135,-6.177E-2
8.659,-0.135,-6.116E-2
8.680,-0.135,-6.065E-2
8.702,-0.136,-6.035E-2
8.723,-0.136,-5.996E-2
8.745,-0.136,-5.904E-2
8.767,-0.136,-5.799E-2
8.788,-0.137,-5.683E-2
8.810,-0.137,-5.586E-2
8.831,-0.137,-5.510E-2
8.853,-0.137,-5.465E-2
8.874,-0.137,-5.448E-2
8.896,-0.138,-5.442E-2
8.917,-0.138,-5.453E-2
8.939,-0.138,-5.474E-2
8.960,-0.139,-5.539E-2
8.982,-0.139,-5.638E-2
9.003,-0.139,-5.770E-2
9.025,-0.138,-5.897E-2
9.047,-0.138,-6.023E-2
9.068,-0.138,-6.097E-2
9.090,-0.137,-6.139E-2
9.111,-0.137,-6.159E-2
9.133,-0.137,-6.159E-2
9.154,-0.136,-6.168E-2
9.176,-0.136,-6.179E-2
9.197,-0.135,-6.171E-2
9.219,-0.134,-6.152E-2
9.240,-0.134,-6.117E-2
9.262,-0.133,-6.082E-2
9.283,-0.132,-6.057E-2
9.305,-0.132,-5.995E-2
9.327,-0.132,-5.961E-2
9.348,-0.131,-5.915E-2
9.370,-0.131,-5.894E-2
9.391,-0.131,-5.846E-2
9.413,-0.131,-5.781E-2
9.434,-0.132,-5.698E-2
9.456,-0.132,-5.611E-2
9.477,-0.133,-5.534E-2
9.499,-0.133,-5.491E-2
9.520,-0.133,-5.450E-2
9.542,-0.134,-5.414E-2
9.563,-0.134,-5.384E-2
9.585,-0.134,-5.368E-2
9.607,-0.135,-5.346E-2
9.628,-0.135,-5.341E-2
9.650,-0.136,-5.362E-2
9.671,-0.136,-5.406E-2
9.693,-0.137,-5.443E-2
9.714,-0.137,-5.504E-2
9.736,-0.137,-5.572E-2
9.757,-0.137,-5.652E-2
9.779,-0.137,-5.739E-2
9.800,-0.137,-5.818E-2
9.822,-0.138,-5.910E-2
9.843,-0.138,-6.021E-2
9.865,-0.138,-6.134E-2
9.887,-0.138,-6.255E-2
9.908,-0.138,-6.387E-2
9.930,-0.138,-6.524E-2
9.951,-0.138,-6.659E-2
9.973,-0.137,-6.799E-2
9.994,-0.137,-6.961E-2
10.016,-0.137,-7.111E-2
10.037,-0.137,-7.240E-2
10.059,-0.137,-7.351E-2
10.080,-0.136,-7.440E-2
10.102,-0.136,-7.524E-2
10.124,-0.136,-7.599E-2
10.145,-0.135,-7.647E-2
10.167,-0.134,-7.705E-2
10.188,-0.133,-7.745E-2
10.210,-0.132,-7.777E-2
10.231,-0.131,-7.774E-2
10.253,-0.130,-7.731E-2
10.274,-0.129,-7.673E-2
10.296,-0.129,-7.624E-2
10.317,-0.128,-7.581E-2
10.339,-0.128,-7.569E-2
10.360,-0.127,-7.552E-2
10.382,-0.128,-7.549E-2
10.404,-0.128,-7.548E-2
10.425,-0.128,-7.548E-2
10.447,-0.128,-7.549E-2
10.468,-0.128,-7.540E-2
10.490,-0.128,-7.492E-2
10.511,-0.128,-7.449E-2
10.533,-0.129,-7.396E-2
10.554,-0.129,-7.356E-2
10.576,-0.129,-7.324E-2
10.597,-0.129,-7.295E-2
10.619,-0.129,-7.288E-2
10.640,-0.129,-7.298E-2
10.662,-0.129,-7.315E-2
10.684,-0.129,-7.310E-2
10.705,-0.129,-7.285E-2
10.727,-0.129,-7.229E-2
10.748,-0.130,-7.152E-2
10.770,-0.130,-7.068E-2
10.791,-0.130,-7.006E-2
10.813,-0.131,-6.931E-2
10.834,-0.131,-6.877E-2
10.856,-0.131,-6.840E-2
10.877,-0.131,-6.819E-2
10.899,-0.132,-6.812E-2
10.920,-0.132,-6.767E-2
10.942,-0.132,-6.666E-2
10.964,-0.133,-6.541E-2
10.985,-0.133,-6.438E-2
11.007,-0.134,-6.332E-2
11.028,-0.134,-6.259E-2
11.050,-0.134,-6.209E-2
11.071,-0.135,-6.154E-2
11.093,-0.135,-6.132E-2
11.114,-0.135,-6.139E-2
11.136,-0.135,-6.160E-2
11.157,-0.135,-6.213E-2
11.179,-0.135,-6.271E-2
11.200,-0.135,-6.319E-2
11.222,-0.134,-6.382E-2
11.244,-0.134,-6.447E-2
11.265,-0.134,-6.531E-2
11.287,-0.134,-6.596E-2
11.308,-0.133,-6.665E-2
11.330,-0.134,-6.690E-2
11.351,-0.134,-6.688E-2
11.373,-0.134,-6.681E-2
11.394,-0.134,-6.694E-2
11.416,-0.134,-6.726E-2
11.437,-0.134,-6.782E-2
11.459,-0.134,-6.743E-2
11.480,-0.133,-6.672E-2
11.502,-0.133,-6.570E-2
11.524,-0.133,-6.453E-2
11.545,-0.133,-6.345E-2
11.567,-0.133,-6.247E-2
11.588,-0.134,-6.138E-2
11.610,-0.134,-6.033E-2
11.631,-0.135,-5.952E-2
11.653,-0.135,-5.898E-2
11.674,-0.135,-5.875E-2
11.696,-0.135,-5.865E-2
11.717,-0.136,-5.862E-2
11.739,-0.136,-5.876E-2
11.760,-0.136,-5.832E-2
11.782,-0.137,-5.814E-2
11.804,-0.137,-5.799E-2
11.825,-0.138,-5.787E-2
11.847,-0.138,-5.805E-2
11.868,-0.139,-5.843E-2
11.890,-0.139,-5.856E-2
11.911,-0.140,-5.873E-2
11.933,-0.141,-5.893E-2
11.954,-0.142,-5.907E-2
11.976,-0.143,-5.907E-2
11.997,-0.144,-5.914E-2
12.019,-0.145,-5.923E-2
12.041,-0.145,-5.946E-2
12.062,-0.145,-5.971E-2
12.084,-0.145,-6.005E-2
12.105,-0.145,-6.025E-2
12.127,-0.145,-6.046E-2
12.148,-0.145,-6.079E-2
12.170,-0.144,-6.057E-2
12.191,-0.143,-6.028E-2
12.213,-0.143,-5.993E-2
12.234,-0.142,-5.951E-2
12.256,-0.141,-5.898E-2
12.277,-0.140,-5.871E-2
12.299,-0.140,-5.833E-2
12.321,-0.139,-5.831E-2
12.342,-0.138,-5.859E-2
12.364,-0.137,-5.913E-2
12.385,-0.136,-5.979E-2
12.407,-0.136,-6.036E-2
12.428,-0.136,-6.086E-2
12.450,-0.136,-6.158E-2
12.471,-0.137,-6.224E-2
12.493,-0.137,-6.227E-2
12.514,-0.138,-6.165E-2
12.536,-0.138,-6.090E-2
12.557,-0.139,-6.022E-2
12.579,-0.139,-5.951E-2
12.601,-0.139,-5.900E-2
12.622,-0.140,-5.886E-2
12.644,-0.140,-5.906E-2
12.665,-0.140,-5.956E-2
12.687,-0.140,-6.005E-2
12.708,-0.140,-6.068E-2
12.730,-0.140,-6.141E-2
12.751,-0.140,-6.200E-2
12.773,-0.140,-6.234E-2
12.794,-0.141,-6.259E-2
12.816,-0.141,-6.286E-2
12.837,-0.141,-6.309E-2
12.859,-0.142,-6.350E-2
12.881,-0.142,-6.409E-2
12.902,-0.142,-6.490E-2
12.924,-0.142,-6.580E-2
12.945,-0.142,-6.687E-2
12.967,-0.141,-6.801E-2
12.988,-0.140,-6.938E-2
13.010,-0.139,-7.060E-2
13.031,-0.138,-7.178E-2
13.053,-0.137,-7.325E-2
13.074,-0.136,-7.463E-2
13.096,-0.136,-7.596E-2
13.117,-0.135,-7.670E-2
13.139,-0.135,-7.710E-2
13.161,-0.136,-7.734E-2
13.182,-0.136,-7.752E-2
13.204,-0.136,-7.691E-2
13.225,-0.137,-7.613E-2
13.247,-0.137,-7.529E-2
13.268,-0.137,-7.486E-2
13.290,-0.137,-7.412E-2
13.311,-0.137,-7.333E-2
13.333,-0.137,-7.266E-2
13.354,-0.137,-7.199E-2
13.376,-0.137,-7.156E-2
13.397,-0.137,-7.122E-2
13.419,-0.137,-7.082E-2
13.441,-0.137,-7.069E-2
13.462,-0.137,-7.038E-2
13.484,-0.137,-7.007E-2
13.505,-0.136,-6.975E-2
13.527,-0.136,-6.943E-2
13.548,-0.136,-6.907E-2
13.570,-0.136,-6.854E-2
13.591,-0.135,-6.806E-2
13.613,-0.135,-6.748E-2
13.634,-0.135,-6.684E-2
13.656,-0.135,-6.613E-2
13.678,-0.135,-6.535E-2
13.699,-0.135,-6.455E-2
13.721,-0.135,-6.383E-2
13.742,-0.135,-6.304E-2
13.764,-0.136,-6.233E-2
13.785,-0.136,-6.158E-2
13.807,-0.136,-6.099E-2
13.828,-0.136,-6.046E-2
13.850,-0.136,-6.009E-2
13.871,-0.137,-5.975E-2
13.893,-0.137,-5.945E-2
13.914,-0.137,-5.929E-2
13.936,-0.136,-5.903E-2
13.958,-0.136,-5.898E-2
13.979,-0.136,-5.894E-2
14.001,-0.136,-5.900E-2
14.022,-0.136,-5.913E-2
14.044,-0.135,-5.940E-2
14.065,-0.135,-5.954E-2
14.087,-0.135,-5.978E-2
14.108,-0.135,-5.995E-2
14.130,-0.135,-6.023E-2
14.151,-0.134,-6.047E-2
14.173,-0.135,-6.077E-2
14.194,-0.135,-6.119E-2
14.216,-0.135,-6.157E-2
14.238,-0.135,-6.184E-2
14.259,-0.135,-6.191E-2
14.281,-0.135,-6.181E-2
14.302,-0.135,-6.161E-2
14.324,-0.135,-6.131E-2
14.345,-0.135,-6.086E-2
14.367,-0.135,-6.039E-2
14.388,-0.135,-6.007E-2
14.410,-0.135,-5.977E-2
14.431,-0.135,-5.938E-2
14.453,-0.135,-5.917E-2
14.474,-0.134,-5.896E-2
14.496,-0.134,-5.867E-2
14.518,-0.134,-5.852E-2
14.539,-0.134,-5.853E-2
14.561,-0.134,-5.850E-2
14.582,-0.134,-5.839E-2
14.604,-0.135,-5.814E-2
14.625,-0.135,-5.775E-2
14.647,-0.135,-5.721E-2
14.668,-0.135,-5.662E-2
14.690,-0.135,-5.607E-2
14.711,-0.136,-5.556E-2
14.733,-0.136,-5.514E-2
14.754,-0.136,-5.491E-2
14.776,-0.137,-5.472E-2
14.798,-0.137,-5.462E-2
14.819,-0.137,-5.457E-2
14.841,-0.138,-5.470E-2
14.862,-0.138,-5.478E-2
14.884,-0.138,-5.502E-2
14.905,-0.138,-5.534E-2
14.927,-0.138,-5.597E-2
14.948,-0.138,-5.648E-2
14.970,-0.137,-5.724E-2
14.991,-0.137,-5.806E-2
15.013,-0.137,-5.887E-2
15.034,-0.136,-5.963E-2
15.056,-0.136,-6.033E-2
15.078,-0.136,-6.106E-2
15.099,-0.136,-6.189E-2
15.121,-0.136,-6.264E-2
15.142,-0.135,-6.336E-2
15.164,-0.135,-6.391E-2
15.185,-0.135,-6.430E-2
15.207,-0.135,-6.475E-2
15.228,-0.135,-6.515E-2
15.250,-0.135,-6.531E-2
15.271,-0.134,-6.563E-2
15.293,-0.134,-6.583E-2
15.314,-0.134,-6.613E-2
15.336,-0.134,-6.639E-2
15.358,-0.133,-6.670E-2
15.379,-0.133,-6.688E-2
15.401,-0.133,-6.703E-2
15.422,-0.133,-6.708E-2
15.444,-0.133,-6.716E-2
15.465,-0.133,-6.709E-2
15.487,-0.133,-6.699E-2
15.508,-0.133,-6.676E-2
15.530,-0.133,-6.661E-2
15.551,-0.133,-6.651E-2
15.573,-0.133,-6.644E-2
15.595,-0.133,-6.659E-2
15.616,-0.134,-6.665E-2
15.638,-0.134,-6.675E-2
15.659,-0.134,-6.691E-2
15.681,-0.134,-6.698E-2
15.702,-0.133,-6.737E-2
15.724,-0.133,-6.778E-2
15.745,-0.133,-6.818E-2
15.767,-0.132,-6.875E-2
15.788,-0.132,-6.931E-2
15.810,-0.132,-6.993E-2
15.831,-0.131,-7.056E-2
15.853,-0.131,-7.122E-2
15.875,-0.131,-7.169E-2
15.896,-0.131,-7.222E-2
15.918,-0.131,-7.250E-2
15.939,-0.131,-7.262E-2
15.961,-0.131,-7.235E-2
15.982,-0.132,-7.204E-2
16.004,-0.132,-7.200E-2
16.025,-0.132,-7.161E-2
16.047,-0.132,-7.142E-2
16.068,-0.132,-7.132E-2
16.090,-0.132,-7.114E-2
16.111,-0.131,-7.099E-2
16.133,-0.131,-7.089E-2
16.155,-0.131,-7.091E-2
16.176,-0.131,-7.078E-2
16.198,-0.130,-7.074E-2
16.219,-0.130,-7.067E-2
16.241,-0.130,-7.030E-2
16.262,-0.130,-6.998E-2
16.284,-0.130,-6.973E-2
16.305,-0.130,-6.943E-2
16.327,-0.130,-6.905E-2
16.348,-0.130,-6.870E-2
16.370,-0.130,-6.833E-2
16.391,-0.130,-6.804E-2
16.413,-0.130,-6.769E-2
16.435,-0.130,-6.741E-2
16.456,-0.130,-6.706E-2
16.478,-0.131,-6.677E-2
16.499,-0.131,-6.633E-2
16.521,-0.131,-6.599E-2
16.542,-0.131,-6.577E-2
16.564,-0.131,-6.551E-2
16.585,-0.131,-6.545E-2
16.607,-0.131,-6.544E-2
16.628,-0.132,-6.540E-2
16.650,-0.132,-6.537E-2
16.671,-0.132,-6.546E-2
16.693,-0.132,-6.557E-2
16.715,-0.132,-6.584E-2
16.736,-0.132,-6.613E-2
16.758,-0.132,-6.645E-2
16.779,-0.132,-6.692E-2
16.801,-0.132,-6.748E-2
16.822,-0.132,-6.815E-2
16.844,-0.132,-6.898E-2
16.865,-0.132,-6.987E-2
16.887,-0.132,-7.063E-2
16.908,-0.132,-7.112E-2
16.930,-0.132,-7.147E-2
16.951,-0.132,-7.175E-2
16.973,-0.132,-7.210E-2
16.995,-0.132,-7.253E-2
17.016,-0.132,-7.282E-2
17.038,-0.132,-7.306E-2
17.059,-0.132,-7.349E-2
17.081,-0.132,-7.380E-2
17.102,-0.132,-7.407E-2
17.124,-0.132,-7.440E-2
17.145,-0.132,-7.468E-2
17.167,-0.133,-7.496E-2
17.188,-0.133,-7.546E-2
17.210,-0.133,-7.581E-2
17.231,-0.133,-7.603E-2
17.253,-0.133,-7.621E-2
17.275,-0.133,-7.625E-2
17.296,-0.133,-7.624E-2
17.318,-0.133,-7.625E-2
17.339,-0.133,-7.618E-2
17.361,-0.133,-7.617E-2
17.382,-0.133,-7.616E-2
17.404,-0.133,-7.622E-2
17.425,-0.133,-7.620E-2
17.447,-0.133,-7.621E-2
17.468,-0.133,-7.629E-2
17.490,-0.133,-7.628E-2
17.512,-0.133,-7.647E-2
17.533,-0.133,-7.670E-2
17.555,-0.133,-7.692E-2
17.576,-0.133,-7.719E-2
17.598,-0.133,-7.739E-2
17.619,-0.133,-7.770E-2
17.641,-0.133,-7.816E-2
17.662,-0.133,-7.869E-2
17.684,-0.132,-7.921E-2
17.705,-0.132,-7.988E-2
17.727,-0.132,-8.062E-2
17.748,-0.132,-8.102E-2
17.770,-0.131,-8.142E-2
17.792,-0.131,-8.154E-2
17.813,-0.131,-8.162E-2
17.835,-0.131,-8.147E-2
17.856,-0.130,-8.114E-2
17.878,-0.130,-8.063E-2
17.899,-0.130,-8.009E-2
17.921,-0.130,-7.971E-2
17.942,-0.130,-7.902E-2
17.964,-0.130,-7.843E-2
17.985,-0.130,-7.767E-2
18.007,-0.130,-7.673E-2
18.028,-0.130,-7.596E-2
18.050,-0.130,-7.518E-2
18.072,-0.130,-7.461E-2
18.093,-0.130,-7.409E-2
18.115,-0.130,-7.373E-2
18.136,-0.130,-7.357E-2
18.158,-0.129,-7.377E-2
18.179,-0.129,-7.409E-2
18.201,-0.129,-7.470E-2
18.222,-0.129,-7.524E-2
18.244,-0.129,-7.589E-2
18.265,-0.128,-7.623E-2
18.287,-0.128,-7.664E-2
18.308,-0.128,-7.692E-2
18.330,-0.129,-7.726E-2
18.352,-0.129,-7.764E-2
18.373,-0.129,-7.752E-2
18.395,-0.129,-7.716E-2
18.416,-0.129,-7.680E-2
18.438,-0.129,-7.655E-2
18.459,-0.129,-7.648E-2
18.481,-0.129,-7.654E-2
18.502,-0.130,-7.662E-2
18.524,-0.130,-7.680E-2
18.545,-0.130,-7.688E-2
18.567,-0.130,-7.645E-2
18.588,-0.130,-7.567E-2
18.610,-0.129,-7.508E-2
18.632,-0.129,-7.476E-2
18.653,-0.129,-7.462E-2
18.675,-0.129,-7.460E-2
18.696,-0.129,-7.463E-2
18.718,-0.128,-7.474E-2
18.739,-0.128,-7.481E-2
18.761,-0.128,-7.490E-2
18.782,-0.128,-7.494E-2
18.804,-0.128,-7.493E-2
18.825,-0.128,-7.485E-2
18.847,-0.128,-7.497E-2
18.868,-0.128,-7.508E-2
18.890,-0.128,-7.532E-2
18.912,-0.128,-7.558E-2
18.933,-0.129,-7.585E-2
18.955,-0.128,-7.622E-2
18.976,-0.128,-7.667E-2
18.998,-0.129,-7.730E-2
19.019,-0.128,-7.796E-2
19.041,-0.129,-7.859E-2
19.062,-0.129,-7.930E-2
19.084,-0.129,-7.982E-2
19.105,-0.129,-8.028E-2
19.127,-0.129,-8.080E-2
19.149,-0.129,-8.111E-2
19.170,-0.129,-8.158E-2
19.192,-0.130,-8.189E-2
19.213,-0.130,-8.217E-2
19.235,-0.130,-8.234E-2
19.256,-0.130,-8.256E-2
19.278,-0.130,-8.282E-2
19.299,-0.129,-8.256E-2
19.321,-0.129,-8.222E-2
19.342,-0.129,-8.186E-2
19.364,-0.128,-8.163E-2
19.385,-0.127,-8.134E-2
19.407,-0.127,-8.072E-2
19.429,-0.126,-7.992E-2
19.450,-0.126,-7.912E-2
19.472,-0.126,-7.838E-2
19.493,-0.125,-7.806E-2
19.515,-0.125,-7.787E-2
19.536,-0.125,-7.775E-2
19.558,-0.125,-7.795E-2
19.579,-0.126,-7.825E-2
19.601,-0.126,-7.863E-2
19.622,-0.126,-7.851E-2
19.644,-0.126,-7.791E-2
19.665,-0.126,-7.711E-2
19.687,-0.126,-7.623E-2
19.709,-0.126,-7.544E-2
19.730,-0.126,-7.497E-2
19.752,-0.126,-7.457E-2
19.773,-0.126,-7.436E-2
19.795,-0.126,-7.422E-2
19.816,-0.126,-7.427E-2
19.838,-0.126,-7.437E-2
19.859,-0.127,-7.464E-2
19.881,-0.127,-7.506E-2
19.902,-0.127,-7.532E-2
19.924,-0.127,-7.534E-2
19.945,-0.127,-7.481E-2
19.967,-0.127,-7.402E-2
19.989,-0.127,-7.323E-2
20.010,-0.127,-7.243E-2
20.032,-0.128,-7.197E-2
20.053,-0.128,-7.157E-2
20.075,-0.128,-7.144E-2
20.096,-0.129,-7.125E-2
20.118,-0.129,-7.072E-2
20.139,-0.129,-7.000E-2
20.161,-0.130,-6.915E-2
20.182,-0.130,-6.836E-2
20.204,-0.131,-6.757E-2
20.225,-0.131,-6.721E-2
20.247,-0.131,-6.701E-2
20.269,-0.131,-6.683E-2
20.290,-0.131,-6.665E-2
20.312,-0.131,-6.665E-2
20.333,-0.132,-6.684E-2
20.355,-0.132,-6.737E-2
20.376,-0.132,-6.800E-2
20.398,-0.132,-6.858E-2
20.419,-0.132,-6.922E-2
20.441,-0.132,-6.977E-2
20.462,-0.131,-7.014E-2
20.484,-0.131,-7.054E-2
20.505,-0.131,-7.082E-2
20.527,-0.131,-7.086E-2
20.549,-0.130,-7.091E-2
20.570,-0.130,-7.080E-2
20.592,-0.130,-7.041E-2
20.613,-0.130,-6.991E-2
20.635,-0.130,-6.943E-2
20.656,-0.130,-6.910E-2
20.678,-0.131,-6.894E-2
20.699,-0.131,-6.894E-2
20.721,-0.131,-6.893E-2
20.742,-0.131,-6.902E-2
20.764,-0.131,-6.914E-2
20.785,-0.131,-6.906E-2
20.807,-0.131,-6.887E-2
20.829,-0.132,-6.839E-2
20.850,-0.132,-6.753E-2
20.872,-0.132,-6.664E-2
20.893,-0.132,-6.553E-2
20.915,-0.133,-6.493E-2
20.936,-0.133,-6.455E-2
20.958,-0.134,-6.465E-2
20.979,-0.134,-6.506E-2
21.001,-0.134,-6.561E-2
21.022,-0.134,-6.641E-2
21.044,-0.134,-6.744E-2
21.066,-0.134,-6.849E-2
21.087,-0.134,-6.941E-2
21.109,-0.134,-7.001E-2
21.130,-0.134,-7.063E-2
21.152,-0.134,-7.108E-2
21.173,-0.134,-7.151E-2
21.195,-0.134,-7.171E-2
21.216,-0.133,-7.172E-2
21.238,-0.133,-7.160E-2
21.259,-0.133,-7.151E-2
21.281,-0.133,-7.118E-2
21.302,-0.132,-7.073E-2
21.324,-0.132,-7.006E-2
21.346,-0.132,-6.966E-2
21.367,-0.131,-6.946E-2
21.389,-0.131,-6.943E-2
21.410,-0.131,-6.944E-2
21.432,-0.130,-6.918E-2
21.453,-0.130,-6.919E-2
21.475,-0.130,-6.910E-2
21.496,-0.130,-6.909E-2
21.518,-0.130,-6.898E-2
21.539,-0.130,-6.875E-2
21.561,-0.130,-6.828E-2
21.582,-0.130,-6.786E-2
21.604,-0.130,-6.735E-2
21.626,-0.131,-6.699E-2
21.647,-0.131,-6.676E-2
21.669,-0.131,-6.673E-2
21.690,-0.131,-6.702E-2
21.712,-0.131,-6.748E-2
21.733,-0.131,-6.829E-2
21.755,-0.131,-6.916E-2
21.776,-0.131,-6.995E-2
21.798,-0.132,-7.070E-2
21.819,-0.132,-7.119E-2
21.841,-0.132,-7.168E-2
21.862,-0.132,-7.204E-2
21.884,-0.133,-7.239E-2
21.906,-0.133,-7.286E-2
21.927,-0.133,-7.339E-2
21.949,-0.133,-7.375E-2
21.970,-0.133,-7.425E-2
21.992,-0.133,-7.472E-2
22.013,-0.133,-7.495E-2
22.035,-0.132,-7.487E-2
22.056,-0.132,-7.462E-2
22.078,-0.132,-7.420E-2
22.099,-0.131,-7.393E-2
22.121,-0.131,-7.381E-2
22.142,-0.131,-7.377E-2
22.164,-0.131,-7.356E-2
22.186,-0.131,-7.337E-2
22.207,-0.131,-7.323E-2
22.229,-0.131,-7.297E-2
22.250,-0.131,-7.251E-2
22.272,-0.131,-7.194E-2
22.293,-0.131,-7.141E-2
22.315,-0.131,-7.066E-2
22.336,-0.132,-7.017E-2
22.358,-0.132,-6.978E-2
22.379,-0.132,-6.947E-2
22.401,-0.132,-6.914E-2
22.422,-0.132,-6.897E-2
22.444,-0.131,-6.904E-2
22.466,-0.131,-6.938E-2
22.487,-0.131,-6.977E-2
22.509,-0.131,-6.990E-2
22.530,-0.130,-7.011E-2
22.552,-0.130,-7.009E-2
22.573,-0.130,-6.996E-2
22.595,-0.130,-6.977E-2
22.616,-0.130,-6.944E-2
22.638,-0.131,-6.902E-2
22.659,-0.131,-6.852E-2
22.681,-0.130,-6.768E-2
22.702,-0.130,-6.696E-2
22.724,-0.130,-6.630E-2
22.746,-0.130,-6.560E-2
22.767,-0.130,-6.481E-2
22.789,-0.130,-6.403E-2
22.810,-0.130,-6.316E-2
22.832,-0.130,-6.200E-2
22.853,-0.131,-6.075E-2
22.875,-0.131,-5.962E-2
22.896,-0.131,-5.858E-2
22.918,-0.132,-5.750E-2
22.939,-0.132,-5.629E-2
22.961,-0.132,-5.563E-2
22.983,-0.132,-5.511E-2
23.004,-0.132,-5.461E-2
23.026,-0.132,-5.408E-2
23.047,-0.132,-5.369E-2
23.069,-0.132,-5.352E-2
23.090,-0.132,-5.339E-2
23.112,-0.132,-5.337E-2
23.133,-0.132,-5.344E-2
23.155,-0.132,-5.359E-2
23.176,-0.132,-5.379E-2
23.198,-0.131,-5.429E-2
23.219,-0.131,-5.499E-2
23.241,-0.131,-5.603E-2
23.263,-0.131,-5.708E-2
23.284,-0.130,-5.795E-2
23.306,-0.130,-5.874E-2
23.327,-0.131,-5.916E-2
23.349,-0.131,-5.962E-2
23.370,-0.131,-5.990E-2
23.392,-0.131,-6.008E-2
23.413,-0.131,-6.016E-2
23.435,-0.131,-6.017E-2
23.456,-0.131,-5.984E-2
23.478,-0.131,-5.961E-2
23.499,-0.132,-5.936E-2
23.521,-0.132,-5.921E-2
23.543,-0.131,-5.921E-2
23.564,-0.131,-5.928E-2
23.586,-0.131,-5.930E-2
23.607,-0.131,-5.949E-2
23.629,-0.131,-5.965E-2
23.650,-0.130,-5.977E-2
23.672,-0.130,-5.990E-2
23.693,-0.130,-6.010E-2
23.715,-0.130,-6.035E-2
23.736,-0.130,-6.076E-2
23.758,-0.130,-6.120E-2
23.779,-0.130,-6.188E-2
23.801,-0.130,-6.259E-2
23.823,-0.130,-6.330E-2
23.844,-0.130,-6.383E-2
23.866,-0.129,-6.416E-2
23.887,-0.129,-6.428E-2
23.909,-0.129,-6.432E-2
23.930,-0.129,-6.426E-2
23.952,-0.129,-6.409E-2
23.973,-0.129,-6.387E-2
23.995,-0.129,-6.354E-2
24.016,-0.129,-6.311E-2
24.038,-0.129,-6.258E-2
24.059,-0.129,-6.194E-2
24.081,-0.129,-6.112E-2
24.103,-0.129,-6.003E-2
24.124,-0.129,-5.892E-2
24.146,-0.130,-5.800E-2
24.167,-0.130,-5.738E-2
24.189,-0.130,-5.727E-2
24.210,-0.130,-5.736E-2
24.232,-0.130,-5.787E-2
24.253,-0.130,-5.839E-2
24.275,-0.130,-5.883E-2
24.296,-0.130,-5.936E-2
24.318,-0.130,-5.994E-2
24.339,-0.130,-6.074E-2
24.361,-0.130,-6.163E-2
24.383,-0.130,-6.247E-2
24.404,-0.129,-6.378E-2
24.426,-0.128,-6.535E-2
24.447,-0.128,-6.692E-2
24.469,-0.127,-6.828E-2
24.490,-0.127,-6.980E-2
24.512,-0.126,-7.113E-2
24.533,-0.126,-7.271E-2
24.555,-0.125,-7.412E-2
24.576,-0.124,-7.508E-2
24.598,-0.123,-7.511E-2
24.620,-0.122,-7.458E-2
24.641,-0.122,-7.329E-2
24.663,-0.121,-7.107E-2
24.684,-0.120,-6.886E-2
24.706,-0.120,-6.650E-2
24.727,-0.119,-6.464E-2
24.749,-0.119,-6.317E-2
24.770,-0.119,-6.192E-2
24.792,-0.120,-6.088E-2
24.813,-0.120,-6.056E-2
24.835,-0.119,-5.989E-2
24.856,-0.121,-5.872E-2
24.878,-0.123,-5.677E-2
24.900,-0.122,-5.677E-2
24.921,-0.123,-5.541E-2
24.943,-0.124,-5.311E-2
24.964,-0.124,-5.129E-2
24.986,-0.125,-5.015E-2
25.007,-0.125,-5.015E-2
25.029,-0.126,-5.069E-2
25.050,-0.127,-5.135E-2
25.072,-0.127,-5.284E-2
25.093,-0.126,-5.251E-2
25.115,-0.126,-5.409E-2
25.136,-0.128,-5.770E-2
25.158,-0.126,-6.068E-2
25.180,-0.126,-6.261E-2
25.201,-0.126,-6.249E-2
25.223,-0.125,-6.376E-2
25.244,-0.125,-6.489E-2
25.266,-0.126,-6.590E-2
25.287,-0.126,-6.678E-2
25.309,-0.127,-6.749E-2
25.330,-0.127,-6.766E-2
25.352,-0.127,-6.725E-2
25.373,-0.127,-6.679E-2
25.395,-0.127,-6.601E-2
25.416,-0.128,-6.516E-2
25.438,-0.128,-6.426E-2
25.460,-0.128,-6.326E-2
25.481,-0.128,-6.230E-2
25.503,-0.129,-6.141E-2
25.524,-0.129,-6.057E-2
25.546,-0.129,-6.027E-2
25.567,-0.129,-6.011E-2
25.589,-0.129,-6.013E-2
25.610,-0.129,-6.018E-2
25.632,-0.128,-6.060E-2
25.653,-0.128,-6.117E-2
25.675,-0.128,-6.200E-2
25.696,-0.127,-6.283E-2
25.718,-0.127,-6.371E-2
25.740,-0.126,-6.442E-2
25.761,-0.126,-6.518E-2
25.783,-0.126,-6.584E-2
25.804,-0.126,-6.625E-2
25.826,-0.126,-6.607E-2
25.847,-0.127,-6.541E-2
25.869,-0.127,-6.469E-2
25.890,-0.127,-6.377E-2
25.912,-0.128,-6.303E-2
25.933,-0.128,-6.230E-2
25.955,-0.129,-6.167E-2
25.976,-0.129,-6.133E-2
25.998,-0.130,-6.153E-2
26.020,-0.130,-6.192E-2
26.041,-0.130,-6.327E-2
26.063,-0.130,-6.537E-2
26.084,-0.130,-6.741E-2
26.106,-0.130,-6.900E-2
26.127,-0.130,-7.036E-2
26.149,-0.129,-7.146E-2
26.170,-0.129,-7.210E-2
26.192,-0.129,-7.213E-2
26.213,-0.128,-7.142E-2
26.235,-0.128,-7.032E-2
26.256,-0.128,-6.903E-2
26.278,-0.128,-6.729E-2
26.300,-0.129,-6.542E-2
26.321,-0.129,-6.354E-2
26.343,-0.130,-6.201E-2
26.364,-0.131,-6.078E-2
26.386,-0.131,-5.972E-2
26.407,-0.131,-5.879E-2
26.429,-0.132,-5.842E-2
26.450,-0.133,-5.820E-2
26.472,-0.134,-5.829E-2
26.493,-0.134,-5.896E-2
26.515,-0.134,-5.958E-2
26.537,-0.134,-6.082E-2
26.558,-0.133,-6.186E-2
26.580,-0.133,-6.341E-2
26.601,-0.132,-6.503E-2
26.623,-0.131,-6.733E-2
26.644,-0.130,-6.953E-2
26.666,-0.130,-7.173E-2
26.687,-0.129,-7.349E-2
26.709,-0.129,-7.497E-2
26.730,-0.129,-7.542E-2
26.752,-0.129,-7.447E-2
26.773,-0.128,-7.258E-2
26.795,-0.128,-7.087E-2
26.817,-0.128,-6.908E-2
26.838,-0.128,-6.754E-2
26.860,-0.129,-6.631E-2
26.881,-0.129,-6.558E-2
26.903,-0.130,-6.523E-2
26.924,-0.130,-6.499E-2
26.946,-0.131,-6.453E-2
26.967,-0.132,-6.406E-2
26.989,-0.132,-6.361E-2
27.010,-0.132,-6.322E-2
27.032,-0.132,-6.309E-2
27.053,-0.132,-6.332E-2
27.075,-0.132,-6.370E-2
27.097,-0.133,-6.434E-2
27.118,-0.133,-6.543E-2
27.140,-0.134,-6.703E-2
27.161,-0.133,-6.887E-2
27.183,-0.133,-7.153E-2
27.204,-0.133,-7.441E-2
27.226,-0.133,-7.711E-2
27.247,-0.133,-7.981E-2
27.269,-0.133,-8.247E-2
27.290,-0.133,-8.442E-2
27.312,-0.134,-8.636E-2
27.333,-0.134,-8.809E-2
27.355,-0.134,-8.940E-2
27.377,-0.135,-8.991E-2
27.398,-0.135,-8.962E-2
27.420,-0.135,-8.877E-2
27.441,-0.135,-8.719E-2
27.463,-0.135,-8.511E-2
27.484,-0.134,-8.289E-2
27.506,-0.133,-8.025E-2
27.527,-0.132,-7.713E-2
27.549,-0.132,-7.405E-2
27.570,-0.131,-7.089E-2
27.592,-0.130,-6.787E-2
27.613,-0.129,-6.521E-2
27.635,-0.129,-6.306E-2
27.657,-0.129,-6.089E-2
27.678,-0.129,-5.884E-2
27.700,-0.129,-5.692E-2
27.721,-0.129,-5.514E-2
27.743,-0.130,-5.296E-2
27.764,-0.130,-5.060E-2
27.786,-0.130,-4.827E-2
27.807,-0.130,-4.683E-2
27.829,-0.131,-4.593E-2
27.850,-0.131,-4.641E-2
27.872,-0.148,-4.780E-2
27.893,-0.162,-5.117E-2
27.915,-0.132,-5.330E-2
27.937,-0.133,-5.614E-2
27.958,-0.133,-6.045E-2
27.980,-0.134,-6.202E-2
28.001,-0.133,-6.926E-2
28.023,-0.131,-7.415E-2
28.044,-0.130,-8.029E-2
28.066,-0.130,-8.444E-2
28.087,-0.132,-8.909E-2
28.109,-0.135,-8.941E-2
28.130,-0.153,-8.990E-2
28.152,-0.134,-9.266E-2
28.173,-0.134,-9.143E-2
28.195,-0.133,-9.170E-2
28.217,-0.133,-9.086E-2
28.238,-0.133,-8.883E-2
28.260,-0.133,-8.673E-2
28.281,-0.133,-8.449E-2
28.303,-0.133,-8.239E-2
28.324,-0.132,-8.024E-2
28.346,-0.131,-7.798E-2
28.367,-0.131,-7.567E-2
28.389,-0.131,-7.366E-2
28.410,-0.130,-7.149E-2
28.432,-0.131,-6.940E-2
28.454,-0.131,-6.724E-2
28.475,-0.131,-6.494E-2
28.497,-0.132,-6.273E-2
28.518,-0.132,-6.083E-2
28.540,-0.133,-5.917E-2
28.561,-0.133,-5.798E-2
28.583,-0.134,-5.692E-2
28.604,-0.134,-5.604E-2
28.626,-0.134,-5.535E-2
28.647,-0.134,-5.502E-2
28.669,-0.135,-5.494E-2
28.690,-0.138,-5.368E-2
28.712,-0.149,-5.761E-2
28.734,-0.136,-6.127E-2
28.755,-0.147,-6.327E-2
28.777,-0.147,-6.664E-2
28.798,-0.147,-6.990E-2
28.820,-0.146,-7.284E-2
28.841,-0.133,-7.737E-2
28.863,-0.132,-7.869E-2
28.884,-0.131,-7.985E-2
28.906,-0.131,-8.012E-2
28.927,-0.131,-7.985E-2
28.949,-0.131,-7.912E-2
28.970,-0.130,-7.811E-2
28.992,-0.130,-7.713E-2
29.014,-0.130,-7.601E-2
29.035,-0.130,-7.473E-2
29.057,-0.129,-7.361E-2
29.078,-0.130,-7.301E-2
29.100,-0.129,-7.205E-2
29.121,-0.129,-7.113E-2
29.143,-0.130,-7.033E-2
29.164,-0.129,-6.942E-2
29.186,-0.129,-6.871E-2
29.207,-0.129,-6.767E-2
29.229,-0.129,-6.651E-2
29.250,-0.129,-6.531E-2
29.272,-0.129,-6.424E-2
29.294,-0.129,-6.310E-2
29.315,-0.129,-6.190E-2
29.337,-0.129,-6.114E-2
29.358,-0.129,-6.035E-2
29.380,-0.128,-5.946E-2
29.401,-0.128,-5.832E-2
29.423,-0.128,-5.735E-2
29.444,-0.128,-5.687E-2
29.466,-0.128,-5.651E-2
29.487,-0.129,-5.634E-2
29.509,-0.129,-5.624E-2
29.530,-0.129,-5.634E-2
29.552,-0.129,-5.639E-2
29.574,-0.129,-5.648E-2
29.595,-0.129,-5.670E-2
29.617,-0.129,-5.690E-2
29.638,-0.128,-5.731E-2
29.660,-0.128,-5.762E-2
29.681,-0.128,-5.803E-2
29.703,-0.128,-5.828E-2
29.724,-0.128,-5.868E-2
29.746,-0.128,-5.896E-2
29.767,-0.128,-5.891E-2
29.789,-0.129,-5.873E-2
29.810,-0.129,-5.864E-2
29.832,-0.130,-5.852E-2
29.854,-0.130,-5.858E-2
29.875,-0.131,-5.858E-2
29.897,-0.131,-5.865E-2
29.918,-0.132,-5.897E-2
29.940,-0.132,-5.993E-2
29.961,-0.133,-6.118E-2
29.983,-0.133,-6.272E-2
30.004,-0.133,-6.449E-2
30.026,-0.133,-6.592E-2
30.047,-0.133,-6.721E-2
30.069,-0.134,-6.948E-2
30.091,-0.136,-7.268E-2
30.112,-0.136,-7.412E-2
30.134,-0.135,-7.482E-2
30.155,-0.135,-7.416E-2
30.177,-0.134,-7.309E-2
30.198,-0.134,-7.258E-2
30.220,-0.134,-7.213E-2
30.241,-0.134,-7.170E-2
30.263,-0.136,-6.866E-2
30.284,-0.134,-6.979E-2
30.306,-0.133,-6.907E-2
30.327,-0.133,-7.069E-2
30.349,-0.133,-6.925E-2
30.371,-0.134,-6.780E-2
30.392,-0.135,-6.616E-2
30.414,-0.135,-6.273E-2
30.435,-0.135,-6.310E-2
30.457,-0.132,-6.206E-2
30.478,-0.134,-6.077E-2
30.500,-0.132,-6.098E-2
30.521,-0.132,-6.062E-2
30.543,-0.132,-5.863E-2
30.564,-0.132,-5.791E-2
30.586,-0.132,-5.757E-2
30.607,-0.131,-5.805E-2
30.629,-0.130,-5.756E-2
30.651,-0.131,-5.804E-2
30.672,-0.131,-5.822E-2
30.694,-0.131,-5.828E-2
30.715,-0.131,-5.840E-2
30.737,-0.131,-5.862E-2
30.758,-0.131,-5.871E-2
30.780,-0.131,-5.918E-2
30.801,-0.131,-5.958E-2
30.823,-0.131,-5.990E-2
30.844,-0.131,-6.038E-2
30.866,-0.132,-6.073E-2
30.887,-0.132,-6.136E-2
30.909,-0.133,-6.207E-2
30.931,-0.133,-6.219E-2
30.952,-0.133,-6.170E-2
30.974,-0.134,-6.069E-2
30.995,-0.134,-5.965E-2
31.017,-0.134,-5.865E-2
31.038,-0.134,-5.776E-2
31.060,-0.135,-5.703E-2
31.081,-0.135,-5.636E-2
31.103,-0.135,-5.554E-2
31.124,-0.135,-5.446E-2
31.146,-0.135,-5.303E-2
31.167,-0.135,-5.142E-2
31.189,-0.135,-4.933E-2
31.211,-0.135,-4.647E-2
31.232,-0.135,-4.547E-2
31.254,-0.134,-4.384E-2
31.275,-0.134,-4.312E-2
31.297,-0.134,-4.162E-2
31.318,-0.135,-4.119E-2
31.340,-0.134,-4.162E-2
31.361,-0.136,-4.102E-2
31.383,-0.136,-4.138E-2
31.404,-0.137,-4.223E-2
31.426,-0.137,-4.273E-2
31.447,-0.137,-4.344E-2
31.469,-0.137,-4.443E-2
31.491,-0.137,-4.579E-2
31.512,-0.137,-4.766E-2
31.534,-0.137,-4.773E-2
31.555,-0.137,-4.787E-2
31.577,-0.137,-4.773E-2
31.598,-0.136,-4.832E-2
31.620,-0.136,-4.928E-2
31.641,-0.135,-5.034E-2
31.663,-0.135,-5.150E-2
31.684,-0.135,-5.256E-2
31.706,-0.135,-5.341E-2
31.727,-0.135,-5.422E-2
31.749,-0.135,-5.486E-2
31.771,-0.135,-5.554E-2
31.792,-0.135,-5.615E-2
31.814,-0.135,-5.664E-2
31.835,-0.135,-5.723E-2
31.857,-0.136,-5.762E-2
31.878,-0.136,-5.806E-2
31.900,-0.137,-5.836E-2
31.921,-0.137,-5.853E-2
31.943,-0.138,-5.866E-2
31.964,-0.138,-5.888E-2
31.986,-0.139,-5.898E-2
32.008,-0.139,-5.919E-2
32.029,-0.140,-5.971E-2
32.051,-0.140,-6.023E-2
32.072,-0.140,-6.090E-2
32.094,-0.141,-6.146E-2
32.115,-0.141,-6.203E-2
32.137,-0.141,-6.269E-2
32.158,-0.141,-6.345E-2
32.180,-0.141,-6.425E-2
32.201,-0.141,-6.515E-2
32.223,-0.141,-6.599E-2
32.244,-0.141,-6.688E-2
32.266,-0.141,-6.752E-2
32.288,-0.141,-6.829E-2
32.309,-0.140,-6.887E-2
32.331,-0.140,-6.938E-2
32.352,-0.140,-6.967E-2
32.374,-0.140,-6.990E-2
32.395,-0.139,-6.985E-2
32.417,-0.139,-6.961E-2
32.438,-0.139,-6.907E-2
32.460,-0.138,-6.835E-2
32.481,-0.138,-6.766E-2
32.503,-0.138,-6.714E-2
32.524,-0.138,-6.674E-2
32.546,-0.138,-6.656E-2
32.568,-0.138,-6.626E-2
32.589,-0.137,-6.584E-2
32.611,-0.137,-6.527E-2
32.632,-0.137,-6.464E-2
32.654,-0.137,-6.417E-2
32.675,-0.137,-6.364E-2
32.697,-0.137,-6.298E-2
32.718,-0.137,-6.247E-2
32.740,-0.137,-6.195E-2
32.761,-0.137,-6.137E-2
32.783,-0.136,-6.078E-2
32.804,-0.136,-6.026E-2
32.826,-0.136,-5.975E-2
32.848,-0.136,-5.925E-2
32.869,-0.135,-5.895E-2
32.891,-0.135,-5.856E-2
32.912,-0.134,-5.829E-2
32.934,-0.134,-5.803E-2
32.955,-0.134,-5.780E-2
32.977,-0.133,-5.753E-2
32.998,-0.133,-5.732E-2
33.020,-0.133,-5.713E-2
33.041,-0.132,-5.695E-2
33.063,-0.132,-5.684E-2
33.084,-0.131,-5.669E-2
33.106,-0.131,-5.663E-2
33.128,-0.131,-5.646E-2
33.149,-0.131,-5.644E-2
33.171,-0.131,-5.648E-2
33.192,-0.130,-5.660E-2
33.214,-0.130,-5.673E-2
33.235,-0.130,-5.703E-2
33.257,-0.130,-5.744E-2
33.278,-0.130,-5.777E-2
33.300,-0.131,-5.814E-2
33.321,-0.131,-5.848E-2
33.343,-0.131,-5.877E-2
33.364,-0.132,-5.894E-2
33.386,-0.132,-5.913E-2
33.408,-0.132,-5.928E-2
33.429,-0.133,-5.933E-2
33.451,-0.133,-5.942E-2
33.472,-0.133,-5.982E-2
33.494,-0.134,-6.012E-2
33.515,-0.134,-6.045E-2
33.537,-0.134,-6.053E-2
33.558,-0.134,-6.077E-2
33.580,-0.134,-6.100E-2
33.601,-0.134,-6.126E-2
33.623,-0.134,-6.167E-2
33.644,-0.134,-6.209E-2
33.666,-0.134,-6.250E-2
33.688,-0.135,-6.278E-2
33.709,-0.135,-6.281E-2
33.731,-0.135,-6.287E-2
33.752,-0.135,-6.295E-2
33.774,-0.135,-6.294E-2
33.795,-0.135,-6.297E-2
33.817,-0.135,-6.310E-2
33.838,-0.135,-6.337E-2
33.860,-0.135,-6.370E-2
33.881,-0.135,-6.426E-2
33.903,-0.135,-6.484E-2
33.925,-0.135,-6.556E-2
33.946,-0.136,-6.640E-2
33.968,-0.136,-6.744E-2
33.989,-0.136,-6.860E-2
34.011,-0.136,-6.977E-2
34.032,-0.136,-7.112E-2
34.054,-0.137,-7.240E-2
34.075,-0.137,-7.378E-2
34.097,-0.137,-7.529E-2
34.118,-0.138,-7.674E-2
34.140,-0.138,-7.824E-2
34.161,-0.138,-7.958E-2
34.183,-0.139,-8.082E-2
34.205,-0.139,-8.160E-2
34.226,-0.139,-8.187E-2
34.248,-0.139,-8.194E-2
34.269,-0.139,-8.209E-2
34.291,-0.139,-8.220E-2
34.312,-0.139,-8.245E-2
34.334,-0.139,-8.259E-2
34.355,-0.140,-8.264E-2
34.377,-0.140,-8.292E-2
34.398,-0.140,-8.334E-2
34.420,-0.140,-8.368E-2
34.441,-0.140,-8.402E-2
34.463,-0.140,-8.443E-2
34.485,-0.140,-8.475E-2
34.506,-0.140,-8.528E-2
34.528,-0.140,-8.567E-2
34.549,-0.140,-8.614E-2
34.571,-0.139,-8.667E-2
34.592,-0.139,-8.718E-2
34.614,-0.140,-8.746E-2
34.635,-0.140,-8.792E-2
34.657,-0.140,-8.824E-2
34.678,-0.140,-8.859E-2
34.700,-0.141,-8.912E-2
34.721,-0.141,-8.969E-2
34.743,-0.141,-9.025E-2
34.765,-0.142,-9.085E-2
34.786,-0.142,-9.148E-2
34.808,-0.142,-9.225E-2
34.829,-0.141,-9.309E-2
34.851,-0.141,-9.403E-2
34.872,-0.140,-9.488E-2
34.894,-0.139,-9.568E-2
34.915,-0.138,-9.612E-2
34.937,-0.138,-9.650E-2
34.958,-0.137,-9.665E-2
34.980,-0.136,-9.704E-2
35.001,-0.136,-9.735E-2
35.023,-0.135,-9.761E-2
35.045,-0.135,-9.781E-2
35.066,-0.134,-9.807E-2
35.088,-0.134,-9.817E-2
35.109,-0.133,-9.818E-2
35.131,-0.132,-9.811E-2
35.152,-0.132,-9.786E-2
35.174,-0.131,-9.761E-2
35.195,-0.130,-9.737E-2
35.217,-0.130,-9.726E-2
35.238,-0.129,-9.720E-2
35.260,-0.128,-9.706E-2
35.281,-0.128,-9.687E-2
35.303,-0.127,-9.656E-2
35.325,-0.126,-9.606E-2
35.346,-0.126,-9.552E-2
35.368,-0.126,-9.466E-2
35.389,-0.126,-9.357E-2
35.411,-0.125,-9.227E-2
35.432,-0.125,-9.090E-2
35.454,-0.125,-8.952E-2
35.475,-0.125,-8.818E-2
35.497,-0.126,-8.672E-2
35.518,-0.126,-8.548E-2
35.540,-0.126,-8.427E-2
35.562,-0.126,-8.319E-2
35.583,-0.126,-8.204E-2
35.605,-0.127,-8.122E-2
35.626,-0.127,-8.067E-2
35.648,-0.127,-8.040E-2
35.669,-0.127,-8.038E-2
35.691,-0.127,-8.073E-2
35.712,-0.128,-8.089E-2
35.734,-0.127,-8.089E-2
35.755,-0.127,-8.099E-2
35.777,-0.127,-8.128E-2
35.798,-0.127,-8.166E-2
35.820,-0.127,-8.196E-2
35.842,-0.128,-8.214E-2
35.863,-0.128,-8.234E-2
35.885,-0.128,-8.234E-2
35.906,-0.129,-8.197E-2
35.928,-0.129,-8.136E-2
35.949,-0.130,-8.093E-2
35.971,-0.131,-8.054E-2
35.992,-0.132,-8.023E-2
36.014,-0.133,-7.980E-2
36.035,-0.134,-7.958E-2
36.057,-0.135,-7.942E-2
36.078,-0.135,-7.941E-2
36.100,-0.135,-7.950E-2
36.122,-0.136,-7.966E-2
36.143,-0.136,-7.991E-2
36.165,-0.137,-8.048E-2
36.186,-0.137,-8.113E-2
36.208,-0.137,-8.198E-2
36.229,-0.137,-8.289E-2
36.251,-0.137,-8.384E-2
36.272,-0.137,-8.468E-2
36.294,-0.137,-8.558E-2
36.315,-0.137,-8.660E-2
36.337,-0.138,-8.757E-2
36.358,-0.138,-8.853E-2
36.380,-0.139,-8.916E-2
36.402,-0.139,-8.969E-2
36.423,-0.140,-9.015E-2
36.445,-0.140,-9.060E-2
36.466,-0.140,-9.091E-2
36.488,-0.140,-9.109E-2
36.509,-0.140,-9.131E-2
36.531,-0.139,-9.166E-2
36.552,-0.139,-9.222E-2
36.574,-0.138,-9.294E-2
36.595,-0.137,-9.360E-2
36.617,-0.136,-9.445E-2
36.638,-0.134,-9.537E-2
36.660,-0.133,-9.598E-2
36.682,-0.133,-9.647E-2
36.703,-0.132,-9.676E-2
36.725,-0.132,-9.692E-2
36.746,-0.132,-9.688E-2
36.768,-0.132,-9.695E-2
36.789,-0.132,-9.682E-2
36.811,-0.132,-9.685E-2
36.832,-0.132,-9.678E-2
36.854,-0.132,-9.684E-2
36.875,-0.132,-9.662E-2
36.897,-0.132,-9.662E-2
36.918,-0.132,-9.662E-2
36.940,-0.132,-9.665E-2
36.962,-0.132,-9.672E-2
36.983,-0.132,-9.684E-2
37.005,-0.132,-9.695E-2
37.026,-0.133,-9.715E-2
37.048,-0.132,-9.719E-2
37.069,-0.133,-9.746E-2
37.091,-0.133,-9.766E-2
37.112,-0.132,-9.794E-2
37.134,-0.132,-9.817E-2
37.155,-0.132,-9.844E-2
37.177,-0.132,-9.853E-2
37.198,-0.132,-9.883E-2
37.220,-0.132,-9.889E-2
37.242,-0.132,-9.890E-2
37.263,-0.131,-9.892E-2
37.285,-0.131,-9.892E-2
37.306,-0.131,-9.880E-2
37.328,-0.131,-9.876E-2
37.349,-0.131,-9.873E-2
37.371,-0.131,-9.875E-2
37.392,-0.131,-9.870E-2
37.414,-0.131,-9.869E-2
37.435,-0.131,-9.866E-2
37.457,-0.131,-9.864E-2
37.479,-0.131,-9.859E-2
37.500,-0.132,-9.838E-2
37.522,-0.132,-9.836E-2
37.543,-0.132,-9.846E-2
37.565,-0.132,-9.845E-2
37.586,-0.132,-9.841E-2
37.608,-0.132,-9.853E-2
37.629,-0.132,-9.864E-2
37.651,-0.132,-9.865E-2
37.672,-0.132,-9.888E-2
37.694,-0.131,-9.906E-2
37.715,-0.131,-9.909E-2
37.737,-0.131,-9.929E-2
37.759,-0.131,-9.954E-2
37.780,-0.131,-9.965E-2
37.802,-0.131,-9.972E-2
37.823,-0.131,-9.978E-2
37.845,-0.131,-9.976E-2
37.866,-0.131,-9.981E-2
37.888,-0.131,-9.987E-2
37.909,-0.130,-9.984E-2
37.931,-0.130,-9.980E-2
37.952,-0.130,-9.984E-2
37.974,-0.130,-9.952E-2
37.995,-0.130,-9.916E-2
38.017,-0.130,-9.884E-2
38.039,-0.130,-9.854E-2
38.060,-0.129,-9.824E-2
38.082,-0.129,-9.802E-2
38.103,-0.129,-9.777E-2
38.125,-0.129,-9.757E-2
38.146,-0.129,-9.735E-2
38.168,-0.129,-9.714E-2
38.189,-0.130,-9.686E-2
38.211,-0.130,-9.665E-2
38.232,-0.130,-9.646E-2
38.254,-0.130,-9.622E-2
38.275,-0.130,-9.614E-2
38.297,-0.130,-9.606E-2
38.319,-0.130,-9.601E-2
38.340,-0.130,-9.586E-2
38.362,-0.130,-9.573E-2
38.383,-0.130,-9.562E-2
38.405,-0.130,-9.535E-2
38.426,-0.130,-9.490E-2
38.448,-0.130,-9.458E-2
38.469,-0.130,-9.427E-2
38.491,-0.131,-9.386E-2
38.512,-0.131,-9.354E-2
38.534,-0.131,-9.321E-2
38.555,-0.131,-9.296E-2
38.577,-0.131,-9.260E-2
38.599,-0.131,-9.240E-2
38.620,-0.131,-9.214E-2
38.642,-0.131,-9.187E-2
38.663,-0.131,-9.180E-2
38.685,-0.131,-9.169E-2
38.706,-0.131,-9.159E-2
38.728,-0.131,-9.162E-2
38.749,-0.131,-9.168E-2
38.771,-0.131,-9.185E-2
38.792,-0.131,-9.194E-2
38.814,-0.131,-9.208E-2
38.835,-0.131,-9.213E-2
38.857,-0.131,-9.229E-2
38.879,-0.131,-9.242E-2
38.900,-0.131,-9.257E-2
38.922,-0.131,-9.262E-2
38.943,-0.131,-9.283E-2
38.965,-0.131,-9.286E-2
38.986,-0.131,-9.291E-2
39.008,-0.131,-9.299E-2
39.029,-0.131,-9.305E-2
39.051,-0.131,-9.322E-2
39.072,-0.131,-9.342E-2
39.094,-0.131,-9.376E-2
39.115,-0.131,-9.400E-2
39.137,-0.131,-9.441E-2
39.159,-0.131,-9.471E-2
39.180,-0.130,-9.480E-2
39.202,-0.130,-9.495E-2
39.223,-0.130,-9.520E-2
39.245,-0.130,-9.519E-2
39.266,-0.130,-9.530E-2
39.288,-0.130,-9.527E-2
39.309,-0.130,-9.532E-2
39.331,-0.129,-9.531E-2
39.352,-0.129,-9.526E-2
39.374,-0.129,-9.528E-2
39.396,-0.129,-9.511E-2
39.417,-0.129,-9.485E-2
39.439,-0.129,-9.457E-2
39.460,-0.129,-9.429E-2
39.482,-0.129,-9.400E-2
39.503,-0.129,-9.384E-2
39.525,-0.129,-9.376E-2
39.546,-0.129,-9.367E-2
39.568,-0.129,-9.347E-2
39.589,-0.128,-9.329E-2
39.611,-0.128,-9.299E-2
39.632,-0.128,-9.279E-2
39.654,-0.128,-9.261E-2
39.676,-0.128,-9.238E-2
39.697,-0.128,-9.233E-2
39.719,-0.128,-9.232E-2
39.740,-0.128,-9.233E-2
39.762,-0.128,-9.227E-2
39.783,-0.127,-9.226E-2
39.805,-0.127,-9.210E-2
39.826,-0.127,-9.197E-2
39.848,-0.127,-9.172E-2
39.869,-0.127,-9.135E-2
39.891,-0.127,-9.100E-2
39.912,-0.127,-9.069E-2
39.934,-0.127,-9.022E-2
39.956,-0.127,-8.976E-2
39.977,-0.126,-8.930E-2
39.999,-0.126,-8.889E-2
40.020,-0.126,-8.843E-2
40.042,-0.126,-8.808E-2
40.063,-0.126,-8.764E-2
40.085,-0.126,-8.728E-2
40.106,-0.126,-8.680E-2
40.128,-0.126,-8.633E-2
40.149,-0.126,-8.591E-2
40.171,-0.126,-8.540E-2
40.192,-0.127,-8.491E-2
40.214,-0.127,-8.442E-2
40.236,-0.127,-8.388E-2
40.257,-0.127,-8.343E-2
40.279,-0.127,-8.268E-2
40.300,-0.127,-8.214E-2
40.322,-0.128,-8.144E-2
40.343,-0.128,-8.083E-2
40.365,-0.128,-8.030E-2
40.386,-0.128,-7.982E-2
40.408,-0.128,-7.940E-2
40.429,-0.129,-7.898E-2
40.451,-0.128,-7.881E-2
40.472,-0.128,-7.863E-2
40.494,-0.128,-7.861E-2
40.516,-0.128,-7.852E-2
40.537,-0.128,-7.857E-2
40.559,-0.128,-7.857E-2
40.580,-0.128,-7.875E-2
40.602,-0.128,-7.884E-2
40.623,-0.128,-7.897E-2
40.645,-0.128,-7.900E-2
40.666,-0.128,-7.905E-2
40.688,-0.128,-7.901E-2
40.709,-0.128,-7.915E-2
40.731,-0.128,-7.917E-2
40.752,-0.128,-7.927E-2
40.774,-0.128,-7.920E-2
40.796,-0.129,-7.923E-2
40.817,-0.129,-7.926E-2
40.839,-0.129,-7.929E-2
40.860,-0.129,-7.925E-2
40.882,-0.129,-7.924E-2
40.903,-0.129,-7.920E-2
40.925,-0.129,-7.913E-2
40.946,-0.129,-7.922E-2
40.968,-0.128,-7.937E-2
40.989,-0.128,-7.951E-2
41.011,-0.128,-7.976E-2
41.033,-0.128,-7.999E-2
41.054,-0.128,-8.027E-2
41.076,-0.127,-8.046E-2
41.097,-0.127,-8.058E-2
41.119,-0.127,-8.071E-2
41.140,-0.127,-8.087E-2
41.162,-0.127,-8.091E-2
41.183,-0.127,-8.104E-2
41.205,-0.126,-8.095E-2
41.226,-0.126,-8.086E-2
41.248,-0.126,-8.080E-2
41.269,-0.126,-8.062E-2
41.291,-0.126,-8.030E-2
41.313,-0.126,-8.005E-2
41.334,-0.127,-7.969E-2
41.356,-0.127,-7.919E-2
41.377,-0.127,-7.891E-2
41.399,-0.127,-7.855E-2
41.420,-0.127,-7.823E-2
41.442,-0.127,-7.810E-2
41.463,-0.127,-7.805E-2
41.485,-0.127,-7.800E-2
41.506,-0.127,-7.798E-2
41.528,-0.127,-7.813E-2
41.549,-0.127,-7.816E-2
41.571,-0.127,-7.819E-2
41.593,-0.127,-7.833E-2
41.614,-0.127,-7.827E-2
41.636,-0.127,-7.821E-2
41.657,-0.127,-7.830E-2
41.679,-0.127,-7.828E-2
41.700,-0.127,-7.829E-2
41.722,-0.127,-7.834E-2
41.743,-0.127,-7.811E-2
41.765,-0.127,-7.806E-2
41.786,-0.127,-7.799E-2
41.808,-0.127,-7.778E-2
41.829,-0.127,-7.762E-2
41.851,-0.127,-7.764E-2
41.873,-0.127,-7.761E-2
41.894,-0.127,-7.755E-2
41.916,-0.127,-7.759E-2
41.937,-0.127,-7.762E-2
41.959,-0.127,-7.756E-2
41.980,-0.127,-7.752E-2
42.002,-0.127,-7.733E-2
42.023,-0.128,-7.710E-2
42.045,-0.128,-7.690E-2
42.066,-0.128,-7.668E-2
42.088,-0.128,-7.646E-2
42.109,-0.128,-7.634E-2
42.131,-0.128,-7.612E-2
42.153,-0.128,-7.588E-2
42.174,-0.128,-7.562E-2
42.196,-0.128,-7.540E-2
42.217,-0.128,-7.503E-2
42.239,-0.128,-7.488E-2
42.260,-0.128,-7.455E-2
42.282,-0.128,-7.427E-2
42.303,-0.128,-7.414E-2
42.325,-0.128,-7.403E-2
42.346,-0.128,-7.379E-2
42.368,-0.128,-7.365E-2
42.389,-0.128,-7.345E-2
42.411,-0.128,-7.332E-2
42.433,-0.128,-7.331E-2
42.454,-0.128,-7.326E-2
42.476,-0.128,-7.317E-2
42.497,-0.128,-7.306E-2
42.519,-0.127,-7.303E-2
42.540,-0.127,-7.286E-2
42.562,-0.127,-7.263E-2
42.583,-0.127,-7.239E-2
42.605,-0.127,-7.213E-2
42.626,-0.127,-7.177E-2
42.648,-0.127,-7.154E-2
42.669,-0.127,-7.120E-2
42.691,-0.127,-7.085E-2
42.713,-0.128,-7.055E-2
42.734,-0.128,-7.030E-2
42.756,-0.128,-7.006E-2
42.777,-0.128,-6.990E-2
42.799,-0.128,-6.966E-2
42.820,-0.128,-6.959E-2
42.842,-0.128,-6.954E-2
42.863,-0.128,-6.940E-2
42.885,-0.128,-6.929E-2
42.906,-0.128,-6.919E-2
42.928,-0.128,-6.907E-2
