,mass A,,
t,x,y,
0.153,-0.112,-4.075E-2
0.170,-0.112,-3.918E-2
0.187,-0.112,-3.879E-2
0.204,-0.112,-3.884E-2
0.221,-0.111,-4.019E-2
0.238,-0.112,-4.261E-2
0.255,-0.111,-4.490E-2
0.272,-0.111,-4.832E-2
0.289,-0.111,-5.096E-2
0.306,-0.109,-5.543E-2
0.323,-0.109,-5.763E-2
0.340,-0.109,-5.950E-2
0.357,-0.110,-6.027E-2
0.374,-0.110,-5.824E-2
0.391,-0.110,-5.461E-2
0.408,-0.111,-4.995E-2
0.425,-0.111,-4.576E-2
0.442,-0.111,-4.240E-2
0.459,-0.112,-3.978E-2
0.476,-0.112,-3.839E-2
0.493,-0.112,-3.839E-2
0.510,-0.114,-3.835E-2
0.527,-0.114,-3.855E-2
0.544,-0.114,-3.922E-2
0.561,-0.114,-4.074E-2
0.578,-0.113,-4.389E-2
0.595,-0.112,-4.767E-2
0.612,-0.111,-5.087E-2
0.630,-0.112,-5.305E-2
0.647,-0.112,-5.434E-2
0.664,-0.112,-5.435E-2
0.681,-0.112,-5.348E-2
0.698,-0.112,-5.338E-2
0.715,-0.112,-5.324E-2
0.732,-0.114,-5.158E-2
0.749,-0.114,-4.942E-2
0.766,-0.115,-4.646E-2
0.783,-0.116,-4.219E-2
0.800,-0.116,-3.884E-2
0.817,-0.117,-3.691E-2
0.834,-0.118,-3.607E-2
0.851,-0.119,-3.566E-2
0.868,-0.119,-3.608E-2
0.885,-0.118,-3.730E-2
0.902,-0.118,-3.917E-2
0.919,-0.117,-4.103E-2
0.936,-0.116,-4.340E-2
0.953,-0.115,-4.591E-2
0.970,-0.114,-4.869E-2
0.987,-0.114,-5.071E-2
1.004,-0.115,-5.118E-2
1.021,-0.115,-4.898E-2
1.038,-0.116,-4.570E-2
1.055,-0.116,-4.273E-2
1.072,-0.116,-4.008E-2
1.089,-0.117,-3.828E-2
1.106,-0.118,-3.696E-2
1.123,-0.118,-3.608E-2
1.140,-0.118,-3.557E-2
1.157,-0.116,-3.564E-2
1.174,-0.117,-3.548E-2
1.191,-0.116,-3.560E-2
1.208,-0.114,-3.610E-2
1.225,-0.114,-3.707E-2
1.242,-0.114,-3.757E-2
1.259,-0.114,-3.705E-2
1.276,-0.114,-3.606E-2
1.293,-0.114,-3.479E-2
1.310,-0.114,-3.435E-2
1.327,-0.114,-3.357E-2
1.344,-0.113,-3.290E-2
1.361,-0.114,-3.247E-2
1.378,-0.113,-3.345E-2
1.395,-0.113,-3.463E-2
1.412,-0.113,-3.611E-2
1.429,-0.113,-3.832E-2
1.446,-0.113,-4.064E-2
1.463,-0.113,-4.246E-2
1.480,-0.113,-4.364E-2
1.497,-0.114,-4.428E-2
1.514,-0.114,-4.511E-2
1.531,-0.114,-4.630E-2
1.548,-0.114,-4.732E-2
1.565,-0.113,-4.882E-2
1.582,-0.112,-5.056E-2
1.599,-0.113,-5.114E-2
1.616,-0.112,-5.064E-2
1.633,-0.113,-4.936E-2
1.650,-0.113,-4.835E-2
1.667,-0.113,-4.736E-2
1.684,-0.114,-4.649E-2
1.701,-0.115,-4.571E-2
1.718,-0.115,-4.297E-2
1.735,-0.115,-4.037E-2
1.752,-0.115,-3.746E-2
1.769,-0.115,-3.561E-2
1.786,-0.116,-3.474E-2
1.803,-0.116,-3.546E-2
1.820,-0.117,-3.545E-2
1.837,-0.117,-3.628E-2
1.854,-0.118,-3.781E-2
1.872,-0.117,-4.115E-2
1.889,-0.116,-4.667E-2
1.906,-0.135,-5.975E-2
1.923,-0.121,-6.381E-2
1.940,-0.116,-6.152E-2
1.957,-0.117,-6.006E-2
1.974,-0.117,-5.798E-2
1.991,-0.117,-5.567E-2
2.008,-0.117,-5.295E-2
2.025,-0.117,-4.970E-2
2.042,-0.116,-4.541E-2
2.059,-0.116,-4.024E-2
2.076,-0.117,-3.590E-2
2.093,-0.117,-3.376E-2
2.110,-0.117,-3.292E-2
2.127,-0.118,-3.292E-2
2.144,-0.118,-3.307E-2
2.161,-0.118,-3.256E-2
2.178,-0.118,-3.273E-2
2.195,-0.117,-3.399E-2
2.212,-0.116,-3.663E-2
2.229,-0.115,-3.894E-2
2.246,-0.116,-4.244E-2
2.263,-0.114,-4.478E-2
2.280,-0.114,-4.901E-2
2.297,-0.114,-5.210E-2
2.314,-0.114,-5.464E-2
2.331,-0.114,-5.612E-2
2.348,-0.114,-5.697E-2
2.365,-0.115,-5.714E-2
2.382,-0.115,-5.731E-2
2.399,-0.116,-5.750E-2
2.416,-0.115,-5.806E-2
2.433,-0.116,-5.884E-2
2.450,-0.116,-5.847E-2
2.467,-0.115,-5.463E-2
2.484,-0.115,-4.919E-2
2.501,-0.114,-4.320E-2
2.518,-0.114,-3.848E-2
2.535,-0.114,-3.429E-2
2.552,-0.113,-3.283E-2
2.569,-0.113,-3.287E-2
2.586,-0.113,-3.406E-2
2.603,-0.111,-3.696E-2
2.620,-0.111,-4.117E-2
2.637,-0.110,-4.391E-2
2.654,-0.109,-4.536E-2
2.671,-0.110,-4.708E-2
2.688,-0.111,-4.799E-2
2.705,-0.111,-4.801E-2
2.722,-0.111,-4.835E-2
2.739,-0.110,-4.837E-2
2.756,-0.111,-4.768E-2
2.773,-0.111,-4.718E-2
2.790,-0.111,-4.634E-2
2.807,-0.111,-4.571E-2
2.824,-0.110,-4.605E-2
2.841,-0.110,-4.665E-2
2.858,-0.108,-4.837E-2
2.875,-0.109,-4.667E-2
2.892,-0.108,-5.196E-2
2.909,-0.109,-5.493E-2
2.926,-0.108,-5.940E-2
2.943,-0.109,-6.158E-2
2.960,-0.110,-6.019E-2
2.977,-0.110,-5.564E-2
2.994,-0.110,-5.089E-2
3.011,-0.110,-4.576E-2
3.028,-0.110,-4.227E-2
3.045,-0.111,-3.984E-2
3.062,-0.111,-3.762E-2
3.079,-0.112,-3.575E-2
3.097,-0.113,-3.397E-2
3.114,-0.113,-3.330E-2
3.131,-0.113,-3.296E-2
3.148,-0.114,-3.287E-2
3.165,-0.115,-3.241E-2
3.182,-0.115,-3.299E-2
3.199,-0.115,-3.383E-2
3.216,-0.114,-3.563E-2
3.233,-0.114,-3.922E-2
3.250,-0.112,-4.383E-2
3.267,-0.110,-4.909E-2
3.284,-0.110,-5.378E-2
3.301,-0.110,-5.859E-2
3.318,-0.110,-6.166E-2
3.335,-0.111,-6.208E-2
3.352,-0.112,-5.931E-2
3.369,-0.112,-5.467E-2
3.386,-0.112,-5.019E-2
3.403,-0.112,-4.759E-2
3.420,-0.112,-4.570E-2
3.437,-0.112,-4.477E-2
3.454,-0.112,-4.329E-2
3.471,-0.112,-4.252E-2
3.488,-0.112,-4.196E-2
3.505,-0.113,-4.105E-2
3.522,-0.113,-4.070E-2
3.539,-0.114,-4.026E-2
3.556,-0.115,-3.937E-2
3.573,-0.115,-3.922E-2
3.590,-0.116,-3.788E-2
3.607,-0.116,-3.643E-2
3.624,-0.116,-3.463E-2
3.641,-0.117,-3.259E-2
3.658,-0.117,-3.108E-2
3.675,-0.117,-3.034E-2
3.692,-0.116,-3.126E-2
3.709,-0.115,-3.144E-2
3.726,-0.116,-3.015E-2
3.743,-0.116,-2.917E-2
3.760,-0.117,-2.851E-2
3.777,-0.117,-2.912E-2
3.794,-0.117,-3.040E-2
3.811,-0.116,-3.294E-2
3.828,-0.117,-3.555E-2
3.845,-0.118,-3.709E-2
3.862,-0.117,-3.916E-2
3.879,-0.116,-4.187E-2
3.896,-0.115,-4.395E-2
3.913,-0.115,-4.529E-2
3.930,-0.115,-4.606E-2
3.947,-0.114,-4.575E-2
3.964,-0.113,-4.464E-2
3.981,-0.112,-4.348E-2
3.998,-0.112,-4.435E-2
4.015,-0.111,-4.380E-2
4.032,-0.110,-4.334E-2
4.049,-0.110,-4.391E-2
4.066,-0.110,-4.467E-2
4.083,-0.109,-4.746E-2
4.100,-0.108,-5.415E-2
4.117,-0.108,-5.938E-2
4.134,-0.108,-6.104E-2
4.151,-0.108,-5.886E-2
4.168,-0.108,-5.470E-2
4.185,-0.108,-5.093E-2
4.202,-0.108,-4.974E-2
4.219,-0.107,-5.031E-2
4.236,-0.107,-5.227E-2
4.253,-0.108,-5.464E-2
4.270,-0.109,-5.642E-2
4.287,-0.110,-5.612E-2
4.304,-0.111,-5.427E-2
4.321,-0.111,-5.203E-2
4.339,-0.111,-4.970E-2
4.356,-0.112,-4.800E-2
4.373,-0.112,-4.882E-2
4.390,-0.114,-5.339E-2
4.407,-0.112,-6.006E-2
4.424,-0.112,-6.033E-2
4.441,-0.112,-5.828E-2
4.458,-0.113,-5.333E-2
4.475,-0.112,-4.701E-2
4.492,-0.112,-4.291E-2
4.509,-0.113,-4.116E-2
4.526,-0.113,-4.110E-2
4.543,-0.113,-4.112E-2
4.560,-0.114,-4.156E-2
4.577,-0.113,-4.311E-2
4.594,-0.112,-4.781E-2
4.611,-0.111,-5.625E-2
4.628,-0.112,-6.379E-2
4.645,-0.112,-7.018E-2
4.662,-0.113,-6.566E-2
4.679,-0.113,-5.917E-2
4.696,-0.113,-5.207E-2
4.713,-0.114,-4.519E-2
4.730,-0.115,-3.967E-2
4.747,-0.116,-3.576E-2
4.764,-0.117,-3.300E-2
4.781,-0.118,-3.185E-2
4.798,-0.119,-3.108E-2
4.815,-0.119,-3.164E-2
4.832,-0.118,-3.384E-2
4.849,-0.118,-3.801E-2
4.866,-0.118,-4.209E-2
4.883,-0.117,-4.471E-2
4.900,-0.117,-4.733E-2
4.917,-0.116,-4.832E-2
4.934,-0.116,-4.850E-2
4.951,-0.115,-4.870E-2
4.968,-0.114,-5.078E-2
4.985,-0.113,-5.318E-2
5.002,-0.112,-5.766E-2
5.019,-0.112,-6.037E-2
5.036,-0.112,-5.950E-2
5.053,-0.112,-5.609E-2
5.070,-0.112,-5.214E-2
5.087,-0.112,-4.791E-2
5.104,-0.113,-4.364E-2
5.121,-0.114,-4.037E-2
5.138,-0.114,-3.830E-2
5.155,-0.115,-3.653E-2
5.172,-0.116,-3.488E-2
5.189,-0.116,-3.435E-2
5.206,-0.116,-3.478E-2
5.223,-0.116,-3.563E-2
5.240,-0.116,-3.648E-2
5.257,-0.117,-3.648E-2
5.274,-0.118,-3.654E-2
5.291,-0.118,-3.749E-2
5.308,-0.117,-3.999E-2
5.325,-0.117,-4.260E-2
5.342,-0.116,-4.541E-2
5.359,-0.115,-4.746E-2
5.376,-0.114,-5.016E-2
5.393,-0.114,-5.028E-2
5.410,-0.113,-4.531E-2
5.427,-0.114,-4.100E-2
5.444,-0.113,-3.970E-2
5.461,-0.114,-3.958E-2
5.478,-0.113,-4.017E-2
5.495,-0.112,-4.170E-2
5.512,-0.113,-4.428E-2
5.529,-0.114,-4.560E-2
5.546,-0.114,-4.661E-2
5.563,-0.113,-4.790E-2
5.581,-0.115,-4.680E-2
5.598,-0.115,-4.308E-2
5.615,-0.115,-3.972E-2
5.632,-0.115,-3.836E-2
5.649,-0.115,-3.965E-2
5.666,-0.114,-4.278E-2
5.683,-0.115,-4.506E-2
5.700,-0.115,-4.614E-2
5.717,-0.115,-4.704E-2
5.734,-0.115,-4.802E-2
5.751,-0.116,-4.906E-2
5.768,-0.117,-4.982E-2
5.785,-0.117,-5.096E-2
5.802,-0.117,-5.194E-2
5.819,-0.117,-5.305E-2
5.836,-0.118,-5.413E-2
5.853,-0.117,-5.550E-2
5.870,-0.117,-5.663E-2
5.887,-0.117,-5.641E-2
5.904,-0.117,-5.548E-2
5.921,-0.117,-5.371E-2
5.938,-0.115,-5.017E-2
5.955,-0.114,-4.705E-2
5.972,-0.115,-5.010E-2
5.989,-0.113,-5.382E-2
6.006,-0.113,-5.968E-2
6.023,-0.113,-6.129E-2
6.040,-0.115,-6.394E-2
6.057,-0.116,-6.369E-2
6.074,-0.117,-5.945E-2
6.091,-0.118,-5.480E-2
6.108,-0.118,-5.016E-2
6.125,-0.119,-4.600E-2
6.142,-0.119,-4.283E-2
6.159,-0.120,-3.969E-2
6.176,-0.120,-3.721E-2
6.193,-0.121,-3.516E-2
6.210,-0.122,-3.360E-2
6.227,-0.123,-3.286E-2
6.244,-0.123,-3.286E-2
6.261,-0.124,-3.379E-2
6.278,-0.123,-3.556E-2
6.295,-0.123,-3.738E-2
6.312,-0.123,-3.968E-2
6.329,-0.123,-4.105E-2
6.346,-0.123,-4.298E-2
6.363,-0.122,-4.475E-2
6.380,-0.123,-4.553E-2
6.397,-0.122,-4.691E-2
6.414,-0.123,-4.829E-2
6.431,-0.123,-4.927E-2
6.448,-0.122,-5.067E-2
6.465,-0.123,-5.114E-2
6.482,-0.123,-5.149E-2
6.499,-0.123,-5.107E-2
6.516,-0.124,-5.064E-2
6.533,-0.124,-4.999E-2
6.550,-0.123,-5.018E-2
6.567,-0.123,-5.012E-2
6.584,-0.122,-5.058E-2
6.601,-0.121,-5.138E-2
6.618,-0.123,-5.095E-2
6.635,-0.124,-5.057E-2
6.652,-0.124,-5.000E-2
6.669,-0.125,-4.998E-2
6.686,-0.125,-5.001E-2
6.703,-0.126,-5.041E-2
6.720,-0.125,-5.136E-2
6.737,-0.124,-5.267E-2
6.754,-0.125,-5.295E-2
6.771,-0.125,-5.373E-2
6.788,-0.125,-5.456E-2
6.805,-0.125,-5.453E-2
6.823,-0.127,-5.419E-2
6.840,-0.126,-5.459E-2
6.857,-0.126,-5.528E-2
6.874,-0.126,-5.602E-2
6.891,-0.126,-5.677E-2
6.908,-0.126,-5.766E-2
6.925,-0.125,-5.773E-2
6.942,-0.125,-5.733E-2
6.959,-0.124,-5.684E-2
6.976,-0.124,-5.645E-2
6.993,-0.123,-5.548E-2
7.010,-0.122,-5.324E-2
7.027,-0.122,-4.997E-2
7.044,-0.122,-4.628E-2
7.061,-0.122,-4.275E-2
7.078,-0.122,-4.111E-2
7.095,-0.121,-4.048E-2
7.112,-0.120,-4.046E-2
7.129,-0.120,-3.923E-2
7.146,-0.118,-3.789E-2
7.163,-0.119,-3.560E-2
7.180,-0.119,-3.392E-2
7.197,-0.119,-3.203E-2
7.214,-0.120,-3.111E-2
7.231,-0.120,-3.052E-2
7.248,-0.121,-3.020E-2
7.265,-0.121,-2.957E-2
7.282,-0.122,-2.956E-2
7.299,-0.123,-2.959E-2
7.316,-0.124,-3.049E-2
7.333,-0.124,-3.179E-2
7.350,-0.124,-3.411E-2
7.367,-0.123,-3.741E-2
7.384,-0.122,-4.147E-2
7.401,-0.120,-4.616E-2
7.418,-0.118,-5.140E-2
7.435,-0.116,-5.561E-2
7.452,-0.116,-5.925E-2
7.469,-0.118,-5.975E-2
7.486,-0.119,-5.932E-2
7.503,-0.118,-5.877E-2
7.520,-0.121,-5.783E-2
7.537,-0.121,-5.788E-2
7.554,-0.121,-5.836E-2
7.571,-0.120,-5.942E-2
7.588,-0.121,-5.970E-2
7.605,-0.120,-6.061E-2
7.622,-0.121,-6.058E-2
7.639,-0.121,-6.141E-2
7.656,-0.121,-6.190E-2
7.673,-0.121,-6.288E-2
7.690,-0.121,-6.279E-2
7.707,-0.121,-6.243E-2
7.724,-0.121,-6.151E-2
7.741,-0.122,-6.010E-2
7.758,-0.121,-5.954E-2
7.775,-0.122,-5.820E-2
7.792,-0.122,-5.685E-2
7.809,-0.122,-5.600E-2
7.826,-0.123,-5.509E-2
7.843,-0.122,-5.465E-2
7.860,-0.122,-5.382E-2
7.877,-0.121,-5.321E-2
7.894,-0.121,-5.235E-2
7.911,-0.122,-5.199E-2
7.928,-0.121,-5.225E-2
7.945,-0.119,-5.335E-2
7.962,-0.119,-5.418E-2
7.979,-0.120,-5.460E-2
7.996,-0.118,-5.475E-2
8.013,-0.120,-5.433E-2
8.030,-0.119,-5.365E-2
8.048,-0.120,-5.228E-2
8.065,-0.121,-5.004E-2
8.082,-0.121,-4.882E-2
8.099,-0.121,-4.832E-2
8.116,-0.121,-4.892E-2
8.133,-0.123,-4.876E-2
8.150,-0.124,-4.833E-2
8.167,-0.124,-4.831E-2
8.184,-0.124,-4.812E-2
8.201,-0.125,-4.767E-2
8.218,-0.125,-4.766E-2
8.235,-0.126,-4.780E-2
8.252,-0.125,-4.861E-2
8.269,-0.125,-5.013E-2
8.286,-0.124,-5.231E-2
8.303,-0.124,-5.421E-2
8.320,-0.123,-5.589E-2
8.337,-0.122,-5.686E-2
8.354,-0.122,-5.731E-2
8.371,-0.123,-5.740E-2
8.388,-0.122,-5.781E-2
8.405,-0.123,-5.777E-2
8.422,-0.123,-5.779E-2
8.439,-0.122,-5.728E-2
8.456,-0.121,-5.642E-2
8.473,-0.122,-5.463E-2
8.490,-0.121,-5.370E-2
8.507,-0.123,-5.097E-2
8.524,-0.124,-4.839E-2
8.541,-0.124,-4.647E-2
8.558,-0.124,-4.467E-2
8.575,-0.124,-4.358E-2
8.592,-0.124,-4.342E-2
8.609,-0.124,-4.299E-2
8.626,-0.126,-4.276E-2
8.643,-0.125,-4.272E-2
8.660,-0.124,-4.288E-2
8.677,-0.126,-4.284E-2
8.694,-0.125,-4.319E-2
8.711,-0.125,-4.317E-2
8.728,-0.126,-4.278E-2
8.745,-0.127,-4.281E-2
8.762,-0.126,-4.317E-2
8.779,-0.127,-4.273E-2
8.796,-0.128,-4.177E-2
8.813,-0.129,-4.142E-2
8.830,-0.129,-4.128E-2
8.847,-0.128,-4.166E-2
8.864,-0.128,-4.178E-2
8.881,-0.126,-4.247E-2
8.898,-0.124,-4.353E-2
8.915,-0.123,-4.452E-2
8.932,-0.121,-4.601E-2
8.949,-0.119,-4.777E-2
8.966,-0.118,-4.915E-2
8.983,-0.117,-4.984E-2
9.000,-0.118,-5.067E-2
9.017,-0.117,-5.200E-2
9.034,-0.116,-5.298E-2
9.051,-0.115,-5.380E-2
9.068,-0.116,-5.383E-2
9.085,-0.117,-5.328E-2
9.102,-0.118,-5.284E-2
9.119,-0.119,-5.153E-2
9.136,-0.120,-5.060E-2
9.153,-0.120,-4.957E-2
9.170,-0.121,-4.924E-2
9.187,-0.120,-4.968E-2
9.204,-0.119,-5.067E-2
9.221,-0.118,-5.279E-2
9.238,-0.118,-5.407E-2
9.255,-0.118,-5.374E-2
9.272,-0.119,-5.239E-2
9.290,-0.119,-5.101E-2
9.307,-0.120,-5.023E-2
9.324,-0.119,-5.050E-2
9.341,-0.120,-5.017E-2
9.358,-0.120,-5.015E-2
9.375,-0.120,-4.964E-2
9.392,-0.121,-4.917E-2
9.409,-0.121,-4.821E-2
9.426,-0.122,-4.686E-2
9.443,-0.123,-4.546E-2
9.460,-0.124,-4.419E-2
9.477,-0.124,-4.332E-2
9.494,-0.124,-4.046E-2
9.511,-0.126,-4.377E-2
9.528,-0.125,-4.452E-2
9.545,-0.125,-4.542E-2
9.562,-0.124,-4.681E-2
9.579,-0.123,-4.786E-2
9.596,-0.121,-4.970E-2
9.613,-0.119,-5.110E-2
9.630,-0.119,-5.107E-2
9.647,-0.119,-5.018E-2
9.664,-0.119,-4.871E-2
9.681,-0.119,-4.651E-2
9.698,-0.119,-4.515E-2
9.715,-0.121,-4.427E-2
9.732,-0.121,-4.329E-2
9.749,-0.121,-4.247E-2
9.766,-0.122,-4.242E-2
9.783,-0.122,-4.232E-2
9.800,-0.123,-4.233E-2
9.817,-0.123,-4.185E-2
9.834,-0.124,-4.145E-2
9.851,-0.126,-4.096E-2
9.868,-0.125,-4.173E-2
9.885,-0.125,-4.222E-2
9.902,-0.127,-4.238E-2
9.919,-0.127,-4.311E-2
9.936,-0.126,-4.492E-2
9.953,-0.126,-4.676E-2
9.970,-0.124,-4.908E-2
9.987,-0.123,-5.149E-2
10.004,-0.122,-5.366E-2
10.021,-0.122,-5.559E-2
10.038,-0.122,-5.697E-2
10.055,-0.122,-5.785E-2
10.072,-0.123,-5.836E-2
10.089,-0.123,-5.872E-2
10.106,-0.122,-5.911E-2
10.123,-0.123,-5.937E-2
10.140,-0.123,-5.963E-2
10.157,-0.126,-5.962E-2
10.174,-0.126,-5.961E-2
10.191,-0.126,-5.923E-2
10.208,-0.125,-5.859E-2
10.225,-0.126,-5.784E-2
10.242,-0.126,-5.738E-2
10.259,-0.125,-5.731E-2
10.276,-0.126,-5.777E-2
10.293,-0.124,-5.948E-2
10.310,-0.124,-6.141E-2
10.327,-0.123,-6.382E-2
10.344,-0.123,-6.624E-2
10.361,-0.123,-6.857E-2
10.378,-0.123,-7.051E-2
10.395,-0.123,-7.041E-2
10.412,-0.124,-6.824E-2
10.429,-0.125,-6.544E-2
10.446,-0.125,-6.326E-2
10.463,-0.125,-6.195E-2
10.480,-0.125,-6.087E-2
10.497,-0.126,-5.965E-2
10.514,-0.125,-5.856E-2
10.532,-0.125,-5.729E-2
10.549,-0.125,-5.593E-2
10.566,-0.125,-5.450E-2
10.583,-0.125,-5.275E-2
10.600,-0.125,-5.097E-2
10.617,-0.126,-4.837E-2
10.634,-0.126,-4.648E-2
10.651,-0.127,-4.489E-2
10.668,-0.127,-4.320E-2
10.685,-0.127,-4.197E-2
10.702,-0.126,-4.181E-2
10.719,-0.126,-4.144E-2
10.736,-0.124,-4.175E-2
10.753,-0.123,-4.201E-2
10.770,-0.123,-4.200E-2
10.787,-0.122,-4.247E-2
10.804,-0.120,-4.339E-2
10.821,-0.120,-4.409E-2
10.838,-0.122,-4.426E-2
10.855,-0.122,-4.459E-2
10.872,-0.123,-4.468E-2
10.889,-0.123,-4.518E-2
10.906,-0.123,-4.637E-2
10.923,-0.124,-4.688E-2
10.940,-0.124,-4.689E-2
10.957,-0.123,-4.725E-2
10.974,-0.124,-4.643E-2
10.991,-0.124,-4.611E-2
11.008,-0.123,-4.584E-2
11.025,-0.124,-4.504E-2
11.042,-0.124,-4.368E-2
11.059,-0.125,-4.269E-2
11.076,-0.125,-4.187E-2
11.093,-0.125,-4.090E-2
11.110,-0.126,-4.000E-2
11.127,-0.127,-3.915E-2
11.144,-0.126,-3.918E-2
11.161,-0.127,-3.925E-2
11.178,-0.127,-3.955E-2
11.195,-0.127,-3.999E-2
11.212,-0.127,-4.044E-2
11.229,-0.126,-4.140E-2
11.246,-0.128,-4.185E-2
11.263,-0.128,-4.216E-2
11.280,-0.128,-4.320E-2
11.297,-0.129,-4.413E-2
11.314,-0.129,-4.489E-2
11.331,-0.129,-4.533E-2
11.348,-0.131,-4.397E-2
11.365,-0.132,-4.268E-2
11.382,-0.134,-4.182E-2
11.399,-0.135,-4.111E-2
11.416,-0.136,-4.071E-2
11.433,-0.137,-4.176E-2
11.450,-0.140,-3.986E-2
11.467,-0.136,-4.657E-2
11.484,-0.135,-4.653E-2
11.501,-0.130,-5.279E-2
11.518,-0.126,-5.591E-2
11.535,-0.124,-6.053E-2
11.552,-0.119,-6.286E-2
11.569,-0.116,-6.204E-2
11.586,-0.115,-6.109E-2
11.603,-0.115,-5.654E-2
11.620,-0.115,-5.194E-2
11.637,-0.115,-4.838E-2
11.654,-0.115,-4.474E-2
11.671,-0.115,-4.152E-2
11.688,-0.116,-3.756E-2
11.705,-0.117,-3.433E-2
11.722,-0.118,-3.209E-2
11.739,-0.119,-3.009E-2
11.756,-0.120,-2.873E-2
11.774,-0.120,-2.779E-2
11.791,-0.121,-2.706E-2
11.808,-0.122,-2.650E-2
11.825,-0.122,-2.614E-2
11.842,-0.123,-2.602E-2
11.859,-0.123,-2.618E-2
11.876,-0.124,-2.645E-2
11.893,-0.124,-2.728E-2
11.910,-0.124,-2.840E-2
11.927,-0.124,-3.001E-2
11.944,-0.125,-3.110E-2
11.961,-0.124,-3.270E-2
11.978,-0.123,-3.457E-2
11.995,-0.122,-3.640E-2
12.012,-0.120,-3.834E-2
12.029,-0.120,-3.956E-2
12.046,-0.121,-3.975E-2
12.063,-0.122,-3.975E-2
12.080,-0.122,-3.918E-2
12.097,-0.123,-3.866E-2
12.114,-0.124,-3.829E-2
12.131,-0.123,-3.886E-2
12.148,-0.124,-3.947E-2
12.165,-0.124,-4.012E-2
12.182,-0.124,-4.087E-2
12.199,-0.123,-4.154E-2
12.216,-0.124,-4.198E-2
12.233,-0.122,-4.328E-2
12.250,-0.121,-4.394E-2
12.267,-0.122,-4.462E-2
12.284,-0.123,-4.465E-2
12.301,-0.123,-4.471E-2
12.318,-0.124,-4.417E-2
12.335,-0.124,-4.411E-2
12.352,-0.125,-4.417E-2
12.369,-0.125,-4.411E-2
12.386,-0.125,-4.409E-2
12.403,-0.124,-4.425E-2
12.420,-0.126,-4.362E-2
12.437,-0.126,-4.283E-2
12.454,-0.127,-4.266E-2
12.471,-0.128,-4.235E-2
12.488,-0.127,-4.303E-2
12.505,-0.126,-4.362E-2
12.522,-0.127,-4.426E-2
12.539,-0.126,-4.501E-2
12.556,-0.125,-4.513E-2
12.573,-0.125,-4.470E-2
12.590,-0.123,-4.465E-2
12.607,-0.122,-4.454E-2
12.624,-0.123,-4.329E-2
12.641,-0.122,-4.187E-2
12.658,-0.123,-3.973E-2
12.675,-0.123,-3.783E-2
12.692,-0.123,-3.598E-2
12.709,-0.123,-3.457E-2
12.726,-0.123,-3.324E-2
12.743,-0.123,-3.226E-2
12.760,-0.124,-3.111E-2
12.777,-0.123,-3.005E-2
12.794,-0.122,-2.929E-2
12.811,-0.123,-2.879E-2
12.828,-0.123,-2.841E-2
12.845,-0.123,-2.845E-2
12.862,-0.122,-2.912E-2
12.879,-0.123,-3.000E-2
12.896,-0.123,-3.098E-2
12.913,-0.124,-3.147E-2
12.930,-0.124,-3.238E-2
12.947,-0.123,-3.332E-2
12.964,-0.123,-3.411E-2
12.981,-0.123,-3.472E-2
12.999,-0.124,-3.571E-2
13.016,-0.123,-3.670E-2
13.033,-0.123,-3.736E-2
13.050,-0.121,-3.872E-2
13.067,-0.121,-3.979E-2
13.084,-0.120,-4.018E-2
13.101,-0.119,-3.973E-2
13.118,-0.118,-3.869E-2
13.135,-0.119,-3.693E-2
13.152,-0.117,-3.639E-2
13.169,-0.117,-3.619E-2
13.186,-0.119,-3.600E-2
13.203,-0.119,-3.661E-2
13.220,-0.118,-3.747E-2
13.237,-0.119,-3.786E-2
13.254,-0.117,-3.830E-2
13.271,-0.117,-3.791E-2
13.288,-0.117,-3.707E-2
13.305,-0.118,-3.574E-2
13.322,-0.118,-3.428E-2
13.339,-0.120,-3.298E-2
13.356,-0.119,-3.237E-2
13.373,-0.119,-3.144E-2
13.390,-0.120,-3.065E-2
13.407,-0.120,-3.020E-2
13.424,-0.120,-2.998E-2
13.441,-0.120,-3.006E-2
13.458,-0.121,-3.004E-2
13.475,-0.120,-3.097E-2
13.492,-0.120,-3.239E-2
13.509,-0.119,-3.423E-2
13.526,-0.119,-3.554E-2
13.543,-0.120,-3.700E-2
13.560,-0.121,-3.830E-2
13.577,-0.121,-4.013E-2
13.594,-0.121,-4.194E-2
13.611,-0.122,-4.329E-2
13.628,-0.121,-4.507E-2
13.645,-0.122,-4.611E-2
13.662,-0.121,-4.748E-2
13.679,-0.120,-4.866E-2
13.696,-0.120,-5.061E-2
13.713,-0.119,-5.181E-2
13.730,-0.118,-5.356E-2
13.747,-0.118,-5.483E-2
13.764,-0.119,-5.468E-2
13.781,-0.120,-5.370E-2
13.798,-0.123,-5.288E-2
13.815,-0.123,-5.283E-2
13.832,-0.124,-5.368E-2
13.849,-0.125,-5.461E-2
13.866,-0.124,-5.655E-2
13.883,-0.124,-5.876E-2
13.900,-0.122,-6.090E-2
13.917,-0.122,-6.281E-2
13.934,-0.122,-6.378E-2
13.951,-0.121,-6.480E-2
13.968,-0.122,-6.467E-2
13.985,-0.124,-6.377E-2
14.002,-0.124,-6.277E-2
14.019,-0.124,-6.181E-2
14.036,-0.125,-6.099E-2
14.053,-0.125,-6.086E-2
14.070,-0.125,-6.028E-2
14.087,-0.126,-5.910E-2
14.104,-0.127,-5.772E-2
14.121,-0.128,-5.584E-2
14.138,-0.128,-5.510E-2
14.155,-0.129,-5.453E-2
14.172,-0.128,-5.421E-2
14.189,-0.127,-5.444E-2
14.206,-0.125,-5.406E-2
14.223,-0.124,-5.326E-2
14.241,-0.124,-5.196E-2
14.258,-0.123,-5.002E-2
14.275,-0.124,-4.784E-2
14.292,-0.125,-4.608E-2
14.309,-0.125,-4.506E-2
14.326,-0.124,-4.407E-2
14.343,-0.124,-4.365E-2
14.360,-0.124,-4.418E-2
14.377,-0.123,-4.475E-2
14.394,-0.122,-4.549E-2
14.411,-0.122,-4.607E-2
14.428,-0.122,-4.646E-2
14.445,-0.122,-4.729E-2
14.462,-0.124,-4.744E-2
14.479,-0.124,-4.816E-2
14.496,-0.124,-4.959E-2
14.513,-0.124,-5.191E-2
14.530,-0.123,-5.423E-2
14.547,-0.122,-5.647E-2
14.564,-0.122,-5.825E-2
14.581,-0.121,-6.000E-2
14.598,-0.122,-6.112E-2
14.615,-0.122,-6.240E-2
14.632,-0.122,-6.334E-2
14.649,-0.122,-6.370E-2
14.666,-0.123,-6.374E-2
14.683,-0.123,-6.322E-2
14.700,-0.124,-6.286E-2
14.717,-0.124,-6.274E-2
14.734,-0.124,-6.196E-2
14.751,-0.125,-6.107E-2
14.768,-0.125,-5.956E-2
14.785,-0.125,-5.865E-2
14.802,-0.126,-5.692E-2
14.819,-0.127,-5.543E-2
14.836,-0.126,-5.451E-2
14.853,-0.125,-5.497E-2
14.870,-0.125,-5.500E-2
14.887,-0.125,-5.464E-2
14.904,-0.126,-5.276E-2
14.921,-0.126,-5.077E-2
14.938,-0.126,-4.908E-2
14.955,-0.127,-4.776E-2
14.972,-0.126,-4.732E-2
14.989,-0.126,-4.641E-2
15.006,-0.126,-4.624E-2
15.023,-0.126,-4.581E-2
15.040,-0.126,-4.583E-2
15.057,-0.126,-4.635E-2
15.074,-0.126,-4.776E-2
15.091,-0.127,-4.863E-2
15.108,-0.127,-4.965E-2
15.125,-0.126,-5.015E-2
15.142,-0.126,-5.054E-2
15.159,-0.125,-5.081E-2
15.176,-0.124,-5.134E-2
15.193,-0.124,-5.195E-2
15.210,-0.123,-5.287E-2
15.227,-0.122,-5.381E-2
15.244,-0.121,-5.500E-2
15.261,-0.121,-5.610E-2
15.278,-0.122,-5.649E-2
15.295,-0.121,-5.779E-2
15.312,-0.122,-5.843E-2
15.329,-0.122,-5.960E-2
15.346,-0.122,-6.158E-2
15.363,-0.121,-6.423E-2
15.380,-0.120,-6.661E-2
15.397,-0.122,-6.781E-2
15.414,-0.123,-6.856E-2
15.431,-0.124,-6.915E-2
15.448,-0.124,-6.869E-2
15.465,-0.126,-6.810E-2
15.483,-0.126,-6.825E-2
15.500,-0.128,-6.864E-2
15.517,-0.128,-6.863E-2
15.534,-0.129,-6.822E-2
15.551,-0.128,-6.772E-2
15.568,-0.128,-6.727E-2
15.585,-0.127,-6.672E-2
15.602,-0.126,-6.640E-2
15.619,-0.124,-6.501E-2
15.636,-0.124,-6.289E-2
15.653,-0.123,-6.068E-2
15.670,-0.122,-5.825E-2
15.687,-0.122,-5.557E-2
15.704,-0.123,-5.283E-2
15.721,-0.123,-5.009E-2
15.738,-0.124,-4.745E-2
15.755,-0.123,-4.548E-2
15.772,-0.124,-4.378E-2
15.789,-0.123,-4.318E-2
15.806,-0.123,-4.238E-2
15.823,-0.123,-4.150E-2
15.840,-0.123,-4.038E-2
15.857,-0.124,-3.910E-2
15.874,-0.125,-3.788E-2
15.891,-0.125,-3.653E-2
15.908,-0.125,-3.545E-2
15.925,-0.127,-3.411E-2
15.942,-0.127,-3.414E-2
15.959,-0.127,-3.501E-2
15.976,-0.127,-3.556E-2
15.993,-0.126,-3.641E-2
16.010,-0.126,-3.788E-2
16.027,-0.125,-4.028E-2
16.044,-0.123,-4.294E-2
16.061,-0.120,-4.662E-2
16.078,-0.120,-5.064E-2
16.095,-0.120,-5.103E-2
16.112,-0.121,-4.935E-2
16.129,-0.121,-4.787E-2
16.146,-0.122,-4.639E-2
16.163,-0.123,-4.510E-2
16.180,-0.123,-4.378E-2
16.197,-0.122,-4.221E-2
16.214,-0.122,-4.014E-2
16.231,-0.121,-3.762E-2
16.248,-0.121,-3.528E-2
16.265,-0.122,-3.276E-2
16.282,-0.121,-3.140E-2
16.299,-0.121,-3.005E-2
16.316,-0.121,-2.872E-2
16.333,-0.122,-2.739E-2
16.350,-0.122,-2.652E-2
16.367,-0.123,-2.552E-2
16.384,-0.124,-2.520E-2
16.401,-0.124,-2.543E-2
16.418,-0.124,-2.568E-2
16.435,-0.124,-2.662E-2
16.452,-0.124,-2.775E-2
16.469,-0.124,-2.976E-2
16.486,-0.123,-3.162E-2
16.503,-0.122,-3.431E-2
16.520,-0.121,-3.689E-2
16.537,-0.119,-4.014E-2
16.554,-0.118,-4.298E-2
16.571,-0.116,-4.563E-2
16.588,-0.116,-4.688E-2
16.605,-0.116,-4.748E-2
16.622,-0.116,-4.749E-2
16.639,-0.115,-4.701E-2
16.656,-0.116,-4.524E-2
16.673,-0.116,-4.383E-2
16.690,-0.117,-4.193E-2
16.708,-0.118,-3.976E-2
16.725,-0.118,-3.830E-2
16.742,-0.119,-3.752E-2
16.759,-0.120,-3.657E-2
16.776,-0.121,-3.655E-2
16.793,-0.121,-3.657E-2
16.810,-0.121,-3.691E-2
16.827,-0.121,-3.770E-2
16.844,-0.121,-3.887E-2
16.861,-0.121,-4.013E-2
16.878,-0.121,-4.106E-2
16.895,-0.121,-4.201E-2
16.912,-0.121,-4.286E-2
16.929,-0.121,-4.468E-2
16.946,-0.122,-4.608E-2
16.963,-0.123,-4.740E-2
16.980,-0.123,-4.874E-2
16.997,-0.123,-5.008E-2
17.014,-0.122,-5.148E-2
17.031,-0.122,-5.241E-2
17.048,-0.123,-5.251E-2
17.065,-0.124,-5.241E-2
17.082,-0.124,-5.279E-2
17.099,-0.123,-5.384E-2
17.116,-0.121,-5.548E-2
17.133,-0.121,-5.699E-2
17.150,-0.120,-5.771E-2
17.167,-0.120,-5.740E-2
17.184,-0.120,-5.604E-2
17.201,-0.120,-5.406E-2
17.218,-0.121,-5.150E-2
17.235,-0.121,-4.996E-2
17.252,-0.123,-4.829E-2
17.269,-0.122,-4.790E-2
17.286,-0.121,-4.737E-2
17.303,-0.120,-4.653E-2
17.320,-0.118,-4.554E-2
17.337,-0.118,-4.484E-2
17.354,-0.119,-4.336E-2
17.371,-0.119,-4.195E-2
17.388,-0.120,-4.101E-2
17.405,-0.121,-4.009E-2
17.422,-0.122,-3.957E-2
17.439,-0.123,-3.971E-2
17.456,-0.124,-3.997E-2
17.473,-0.124,-4.090E-2
17.490,-0.123,-4.226E-2
17.507,-0.123,-4.453E-2
17.524,-0.123,-4.667E-2
17.541,-0.124,-4.871E-2
17.558,-0.124,-5.137E-2
17.575,-0.125,-5.375E-2
17.592,-0.125,-5.638E-2
17.609,-0.126,-5.866E-2
17.626,-0.125,-6.095E-2
17.643,-0.127,-6.183E-2
17.660,-0.127,-6.317E-2
17.677,-0.127,-6.362E-2
17.694,-0.127,-6.448E-2
17.711,-0.129,-6.451E-2
17.728,-0.129,-6.491E-2
17.745,-0.129,-6.587E-2
17.762,-0.129,-6.632E-2
17.779,-0.130,-6.640E-2
17.796,-0.130,-6.683E-2
17.813,-0.130,-6.686E-2
17.830,-0.129,-6.670E-2
17.847,-0.128,-6.644E-2
17.864,-0.126,-6.565E-2
17.881,-0.125,-6.455E-2
17.898,-0.125,-6.283E-2
17.915,-0.124,-6.140E-2
17.932,-0.124,-6.014E-2
17.950,-0.124,-5.811E-2
17.967,-0.125,-5.495E-2
17.984,-0.125,-5.261E-2
18.001,-0.126,-5.000E-2
18.018,-0.127,-4.780E-2
18.035,-0.126,-4.679E-2
18.052,-0.126,-4.548E-2
18.069,-0.127,-4.460E-2
18.086,-0.126,-4.401E-2
18.103,-0.126,-4.426E-2
18.120,-0.126,-4.460E-2
18.137,-0.124,-4.596E-2
18.154,-0.124,-4.657E-2
18.171,-0.124,-4.683E-2
18.188,-0.124,-4.681E-2
18.205,-0.124,-4.686E-2
18.222,-0.125,-4.676E-2
18.239,-0.125,-4.692E-2
18.256,-0.125,-4.671E-2
18.273,-0.126,-4.707E-2
18.290,-0.124,-4.742E-2
18.307,-0.125,-4.690E-2
18.324,-0.124,-4.694E-2
18.341,-0.123,-4.651E-2
18.358,-0.124,-4.565E-2
18.375,-0.123,-4.592E-2
18.392,-0.123,-4.556E-2
18.409,-0.122,-4.526E-2
18.426,-0.123,-4.458E-2
18.443,-0.122,-4.471E-2
18.460,-0.122,-4.413E-2
18.477,-0.124,-4.288E-2
18.494,-0.124,-4.184E-2
18.511,-0.125,-4.034E-2
18.528,-0.125,-3.896E-2
18.545,-0.126,-3.828E-2
18.562,-0.125,-3.825E-2
18.579,-0.125,-3.799E-2
18.596,-0.125,-3.762E-2
18.613,-0.125,-3.777E-2
18.630,-0.125,-3.845E-2
18.647,-0.125,-4.019E-2
18.664,-0.124,-4.136E-2
18.681,-0.124,-4.195E-2
18.698,-0.123,-4.186E-2
18.715,-0.121,-4.209E-2
18.732,-0.121,-4.180E-2
18.749,-0.122,-4.194E-2
18.766,-0.121,-4.190E-2
18.783,-0.121,-4.149E-2
18.800,-0.121,-4.057E-2
18.817,-0.120,-3.959E-2
18.834,-0.121,-3.825E-2
18.851,-0.121,-3.697E-2
18.868,-0.121,-3.529E-2
18.885,-0.121,-3.402E-2
18.902,-0.122,-3.285E-2
18.919,-0.123,-3.201E-2
18.936,-0.123,-3.153E-2
18.953,-0.123,-3.231E-2
18.970,-0.123,-3.335E-2
18.987,-0.124,-3.461E-2
19.004,-0.123,-3.616E-2
19.021,-0.121,-3.838E-2
19.038,-0.119,-4.013E-2
19.055,-0.119,-4.098E-2
19.072,-0.119,-4.145E-2
19.089,-0.120,-4.204E-2
19.106,-0.119,-4.275E-2
19.123,-0.119,-4.376E-2
19.140,-0.119,-4.516E-2
19.157,-0.118,-4.693E-2
19.174,-0.118,-4.783E-2
19.192,-0.117,-4.835E-2
19.209,-0.117,-4.843E-2
19.226,-0.117,-4.893E-2
19.243,-0.117,-4.928E-2
19.260,-0.116,-4.975E-2
19.277,-0.116,-4.931E-2
19.294,-0.117,-4.838E-2
19.311,-0.117,-4.738E-2
19.328,-0.118,-4.615E-2
19.345,-0.117,-4.557E-2
19.362,-0.118,-4.520E-2
19.379,-0.116,-4.553E-2
19.396,-0.117,-4.616E-2
19.413,-0.116,-4.701E-2
19.430,-0.116,-4.827E-2
19.447,-0.117,-4.885E-2
19.464,-0.117,-4.877E-2
19.481,-0.117,-4.801E-2
19.498,-0.118,-4.664E-2
19.515,-0.119,-4.561E-2
19.532,-0.119,-4.450E-2
19.549,-0.120,-4.324E-2
19.566,-0.121,-4.175E-2
19.583,-0.121,-4.047E-2
19.600,-0.122,-3.911E-2
19.617,-0.122,-3.872E-2
19.634,-0.122,-3.874E-2
19.651,-0.121,-3.950E-2
19.668,-0.120,-4.005E-2
19.685,-0.120,-4.144E-2
19.702,-0.119,-4.281E-2
19.719,-0.119,-4.382E-2
19.736,-0.119,-4.423E-2
19.753,-0.119,-4.419E-2
19.770,-0.120,-4.387E-2
19.787,-0.120,-4.342E-2
19.804,-0.120,-4.293E-2
19.821,-0.119,-4.200E-2
19.838,-0.119,-4.061E-2
19.855,-0.119,-3.915E-2
19.872,-0.119,-3.829E-2
19.889,-0.120,-3.793E-2
19.906,-0.119,-3.827E-2
19.923,-0.121,-3.743E-2
19.940,-0.121,-3.613E-2
19.957,-0.121,-3.466E-2
19.974,-0.122,-3.365E-2
19.991,-0.122,-3.361E-2
20.008,-0.123,-3.387E-2
20.025,-0.123,-3.373E-2
20.042,-0.124,-3.362E-2
20.059,-0.125,-3.420E-2
20.076,-0.124,-3.555E-2
20.093,-0.124,-3.676E-2
20.110,-0.125,-3.741E-2
20.127,-0.125,-3.823E-2
20.144,-0.125,-3.922E-2
20.161,-0.124,-4.080E-2
20.178,-0.123,-4.195E-2
20.195,-0.121,-4.286E-2
20.212,-0.120,-4.350E-2
20.229,-0.117,-4.432E-2
20.246,-0.116,-4.383E-2
20.263,-0.117,-4.137E-2
20.280,-0.118,-3.788E-2
20.297,-0.119,-3.487E-2
20.314,-0.120,-3.240E-2
20.331,-0.122,-3.025E-2
20.348,-0.122,-2.927E-2
20.365,-0.122,-2.872E-2
20.382,-0.122,-2.877E-2
20.399,-0.122,-2.933E-2
20.416,-0.121,-2.975E-2
20.434,-0.120,-3.005E-2
20.451,-0.119,-3.064E-2
20.468,-0.118,-3.150E-2
20.485,-0.117,-3.248E-2
20.502,-0.117,-3.337E-2
20.519,-0.116,-3.379E-2
20.536,-0.115,-3.372E-2
20.553,-0.114,-3.389E-2
20.570,-0.114,-3.384E-2
20.587,-0.113,-3.389E-2
20.604,-0.112,-3.432E-2
20.621,-0.112,-3.486E-2
20.638,-0.111,-3.530E-2
20.655,-0.111,-3.470E-2
20.672,-0.111,-3.438E-2
20.689,-0.111,-3.390E-2
20.706,-0.110,-3.434E-2
20.723,-0.111,-3.355E-2
20.740,-0.110,-3.248E-2
20.757,-0.112,-3.167E-2
20.774,-0.111,-3.210E-2
20.791,-0.111,-3.287E-2
20.808,-0.112,-3.411E-2
20.825,-0.111,-3.580E-2
20.842,-0.111,-3.772E-2
20.859,-0.111,-3.942E-2
20.876,-0.112,-4.028E-2
20.893,-0.111,-4.022E-2
20.910,-0.112,-3.883E-2
20.927,-0.113,-3.799E-2
20.944,-0.114,-3.707E-2
20.961,-0.114,-3.665E-2
20.978,-0.115,-3.616E-2
20.995,-0.115,-3.625E-2
21.012,-0.116,-3.677E-2
21.029,-0.117,-3.789E-2
21.046,-0.118,-3.890E-2
21.063,-0.119,-4.027E-2
21.080,-0.119,-4.181E-2
21.097,-0.119,-4.464E-2
21.114,-0.119,-4.570E-2
21.131,-0.118,-4.657E-2
21.148,-0.119,-4.654E-2
21.165,-0.119,-4.660E-2
21.182,-0.119,-4.593E-2
21.199,-0.120,-4.468E-2
21.216,-0.119,-4.412E-2
21.233,-0.119,-4.299E-2
21.250,-0.118,-4.247E-2
21.267,-0.118,-4.164E-2
21.284,-0.117,-4.070E-2
21.301,-0.117,-3.934E-2
21.318,-0.116,-3.801E-2
21.335,-0.116,-3.642E-2
21.352,-0.116,-3.510E-2
21.369,-0.116,-3.380E-2
21.386,-0.117,-3.249E-2
21.403,-0.116,-3.205E-2
21.420,-0.116,-3.164E-2
21.437,-0.116,-3.174E-2
21.454,-0.117,-3.162E-2
21.471,-0.117,-3.164E-2
21.488,-0.117,-3.161E-2
21.505,-0.116,-3.241E-2
21.522,-0.117,-3.340E-2
21.539,-0.116,-3.472E-2
21.556,-0.116,-3.567E-2
21.573,-0.115,-3.703E-2
21.590,-0.116,-3.707E-2
21.607,-0.115,-3.699E-2
21.624,-0.116,-3.612E-2
21.641,-0.115,-3.524E-2
21.659,-0.116,-3.392E-2
21.676,-0.115,-3.298E-2
21.693,-0.115,-3.195E-2
21.710,-0.116,-3.111E-2
21.727,-0.116,-3.106E-2
21.744,-0.116,-3.158E-2
21.761,-0.115,-3.231E-2
21.778,-0.117,-3.209E-2
21.795,-0.116,-3.190E-2
21.812,-0.118,-3.116E-2
21.829,-0.117,-3.153E-2
21.846,-0.118,-3.203E-2
21.863,-0.118,-3.281E-2
21.880,-0.117,-3.378E-2
21.897,-0.117,-3.473E-2
21.914,-0.117,-3.566E-2
21.931,-0.117,-3.694E-2
21.948,-0.118,-3.747E-2
21.965,-0.118,-3.781E-2
21.982,-0.119,-3.747E-2
21.999,-0.119,-3.780E-2
22.016,-0.120,-3.838E-2
22.033,-0.120,-3.952E-2
22.050,-0.120,-4.061E-2
22.067,-0.119,-4.107E-2
22.084,-0.120,-4.167E-2
22.101,-0.119,-4.246E-2
22.118,-0.118,-4.398E-2
22.135,-0.117,-4.590E-2
22.152,-0.118,-4.697E-2
22.169,-0.120,-4.701E-2
22.186,-0.120,-4.746E-2
22.203,-0.121,-4.741E-2
22.220,-0.123,-4.738E-2
22.237,-0.123,-4.815E-2
22.254,-0.124,-4.833E-2
22.271,-0.124,-4.912E-2
22.288,-0.124,-5.008E-2
22.305,-0.124,-5.101E-2
22.322,-0.124,-5.200E-2
22.339,-0.124,-5.383E-2
22.356,-0.123,-5.512E-2
22.373,-0.122,-5.651E-2
22.390,-0.121,-5.839E-2
22.407,-0.121,-5.972E-2
22.424,-0.120,-6.055E-2
22.441,-0.119,-6.054E-2
22.458,-0.119,-5.956E-2
22.475,-0.120,-5.833E-2
22.492,-0.121,-5.646E-2
22.509,-0.121,-5.524E-2
22.526,-0.122,-5.376E-2
22.543,-0.121,-5.301E-2
22.560,-0.121,-5.226E-2
22.577,-0.120,-5.156E-2
22.594,-0.121,-5.155E-2
22.611,-0.121,-5.095E-2
22.628,-0.122,-4.977E-2
22.645,-0.123,-4.834E-2
22.662,-0.123,-4.699E-2
22.679,-0.123,-4.552E-2
22.696,-0.124,-4.503E-2
22.713,-0.125,-4.438E-2
22.730,-0.124,-4.446E-2
22.747,-0.124,-4.473E-2
22.764,-0.123,-4.510E-2
22.781,-0.122,-4.523E-2
22.798,-0.123,-4.549E-2
22.815,-0.121,-4.564E-2
22.832,-0.120,-4.575E-2
22.849,-0.120,-4.522E-2
22.866,-0.119,-4.423E-2
22.883,-0.120,-4.282E-2
22.901,-0.121,-4.188E-2
22.918,-0.120,-4.189E-2
22.935,-0.121,-4.163E-2
22.952,-0.120,-4.145E-2
22.969,-0.122,-4.026E-2
22.986,-0.122,-3.958E-2
23.003,-0.123,-3.873E-2
23.020,-0.123,-3.878E-2
23.037,-0.124,-3.835E-2
23.054,-0.124,-3.858E-2
23.071,-0.123,-3.865E-2
23.088,-0.124,-3.873E-2
23.105,-0.124,-3.867E-2
23.122,-0.124,-3.873E-2
23.139,-0.124,-3.836E-2
23.156,-0.124,-3.820E-2
23.173,-0.123,-3.828E-2
23.190,-0.123,-3.873E-2
23.207,-0.123,-4.022E-2
23.224,-0.122,-4.198E-2
23.241,-0.121,-4.427E-2
23.258,-0.120,-4.560E-2
23.275,-0.120,-4.590E-2
23.292,-0.121,-4.561E-2
23.309,-0.122,-4.464E-2
23.326,-0.122,-4.366E-2
23.343,-0.123,-4.292E-2
23.360,-0.123,-4.283E-2
23.377,-0.123,-4.296E-2
23.394,-0.122,-4.338E-2
23.411,-0.120,-4.331E-2
23.428,-0.122,-4.246E-2
23.445,-0.123,-4.062E-2
23.462,-0.124,-3.835E-2
23.479,-0.126,-3.692E-2
23.496,-0.126,-3.643E-2
23.513,-0.125,-3.637E-2
23.530,-0.125,-3.637E-2
23.547,-0.125,-3.631E-2
23.564,-0.125,-3.688E-2
23.581,-0.125,-3.736E-2
23.598,-0.126,-3.741E-2
23.615,-0.125,-3.817E-2
23.632,-0.123,-3.910E-2
23.649,-0.124,-3.972E-2
23.666,-0.123,-4.080E-2
23.683,-0.122,-4.173E-2
23.700,-0.121,-4.247E-2
23.717,-0.121,-4.303E-2
23.734,-0.120,-4.376E-2
23.751,-0.119,-4.389E-2
23.768,-0.117,-4.376E-2
23.785,-0.117,-4.289E-2
23.802,-0.117,-4.166E-2
23.819,-0.117,-4.060E-2
23.836,-0.117,-3.969E-2
23.853,-0.116,-3.838E-2
23.870,-0.115,-3.710E-2
23.887,-0.115,-3.435E-2
23.904,-0.116,-3.195E-2
23.921,-0.117,-3.022E-2
23.938,-0.117,-2.959E-2
23.955,-0.119,-2.933E-2
23.972,-0.119,-3.024E-2
23.989,-0.118,-3.253E-2
24.006,-0.117,-3.562E-2
24.023,-0.116,-3.878E-2
24.040,-0.115,-4.300E-2
24.057,-0.113,-4.668E-2
24.074,-0.113,-5.031E-2
24.091,-0.114,-5.209E-2
24.108,-0.114,-5.150E-2
24.125,-0.115,-4.971E-2
24.143,-0.116,-4.798E-2
24.160,-0.117,-4.746E-2
24.177,-0.118,-4.754E-2
24.194,-0.119,-4.877E-2
24.211,-0.119,-4.969E-2
24.228,-0.119,-5.099E-2
24.245,-0.121,-5.195E-2
24.262,-0.121,-5.409E-2
24.279,-0.121,-5.595E-2
24.296,-0.121,-5.773E-2
24.313,-0.122,-5.913E-2
24.330,-0.122,-6.062E-2
24.347,-0.123,-6.224E-2
24.364,-0.123,-6.369E-2
24.381,-0.123,-6.447E-2
24.398,-0.125,-6.471E-2
24.415,-0.126,-6.458E-2
24.432,-0.127,-6.364E-2
24.449,-0.127,-6.313E-2
24.466,-0.129,-6.225E-2
24.483,-0.129,-6.215E-2
24.500,-0.129,-6.261E-2
24.517,-0.129,-6.321E-2
24.534,-0.129,-6.391E-2
24.551,-0.128,-6.412E-2
24.568,-0.128,-6.499E-2
24.585,-0.128,-6.602E-2
24.602,-0.127,-6.720E-2
24.619,-0.125,-6.764E-2
24.636,-0.125,-6.727E-2
24.653,-0.125,-6.642E-2
24.670,-0.125,-6.561E-2
24.687,-0.125,-6.419E-2
24.704,-0.124,-6.283E-2
24.721,-0.124,-6.086E-2
24.738,-0.124,-5.913E-2
24.755,-0.124,-5.721E-2
24.772,-0.124,-5.669E-2
24.789,-0.123,-5.648E-2
24.806,-0.123,-5.610E-2
24.823,-0.123,-5.550E-2
24.840,-0.123,-5.470E-2
24.857,-0.122,-5.455E-2
24.874,-0.122,-5.469E-2
24.891,-0.122,-5.518E-2
24.908,-0.122,-5.611E-2
24.925,-0.123,-5.649E-2
24.942,-0.122,-5.704E-2
24.959,-0.124,-5.725E-2
24.976,-0.123,-5.739E-2
24.993,-0.124,-5.737E-2
25.010,-0.125,-5.687E-2
25.027,-0.125,-5.686E-2
25.044,-0.126,-5.673E-2
25.061,-0.126,-5.732E-2
25.078,-0.126,-5.772E-2
25.095,-0.127,-5.874E-2
25.112,-0.127,-5.944E-2
25.129,-0.127,-6.039E-2
25.146,-0.127,-6.168E-2
25.163,-0.127,-6.276E-2
25.180,-0.127,-6.465E-2
25.197,-0.126,-6.652E-2
25.214,-0.126,-6.859E-2
25.231,-0.126,-7.038E-2
25.248,-0.126,-7.232E-2
25.265,-0.127,-7.270E-2
25.282,-0.128,-7.264E-2
25.299,-0.127,-7.226E-2
25.316,-0.128,-7.189E-2
25.333,-0.129,-7.170E-2
25.350,-0.129,-7.268E-2
25.367,-0.129,-7.420E-2
25.385,-0.130,-7.545E-2
25.402,-0.130,-7.632E-2
25.419,-0.130,-7.678E-2
25.436,-0.130,-7.664E-2
25.453,-0.131,-7.669E-2
25.470,-0.132,-7.721E-2
25.487,-0.131,-7.857E-2
25.504,-0.131,-7.857E-2
25.521,-0.132,-7.753E-2
25.538,-0.132,-7.616E-2
25.555,-0.132,-7.521E-2
25.572,-0.133,-7.442E-2
25.589,-0.131,-7.477E-2
25.606,-0.131,-7.499E-2
25.623,-0.130,-7.542E-2
25.640,-0.130,-7.457E-2
25.657,-0.129,-7.301E-2
25.674,-0.130,-7.122E-2
25.691,-0.130,-6.951E-2
25.708,-0.131,-6.769E-2
25.725,-0.131,-6.627E-2
25.742,-0.132,-6.491E-2
25.759,-0.132,-6.361E-2
25.776,-0.133,-6.226E-2
25.793,-0.134,-6.097E-2
25.810,-0.134,-5.996E-2
25.827,-0.133,-5.953E-2
25.844,-0.131,-5.910E-2
25.861,-0.129,-5.914E-2
25.878,-0.129,-5.895E-2
25.895,-0.129,-5.831E-2
25.912,-0.129,-5.733E-2
25.929,-0.129,-5.684E-2
25.946,-0.128,-5.663E-2
25.963,-0.128,-5.687E-2
25.980,-0.127,-5.718E-2
25.997,-0.126,-5.724E-2
26.014,-0.126,-5.681E-2
26.031,-0.127,-5.599E-2
26.048,-0.129,-5.448E-2
26.065,-0.129,-5.353E-2
26.082,-0.129,-5.273E-2
26.099,-0.130,-5.222E-2
26.116,-0.131,-5.175E-2
26.133,-0.131,-5.174E-2
26.150,-0.132,-5.126E-2
26.167,-0.132,-5.094E-2
26.184,-0.132,-5.064E-2
26.201,-0.132,-4.944E-2
26.218,-0.134,-4.862E-2
26.235,-0.134,-4.811E-2
26.252,-0.132,-4.813E-2
26.269,-0.131,-4.801E-2
26.286,-0.132,-4.829E-2
26.303,-0.131,-4.900E-2
26.320,-0.130,-5.072E-2
26.337,-0.130,-5.173E-2
26.354,-0.131,-5.189E-2
26.371,-0.131,-5.261E-2
26.388,-0.132,-5.303E-2
26.405,-0.131,-5.438E-2
26.422,-0.133,-5.499E-2
26.439,-0.133,-5.478E-2
26.456,-0.135,-5.390E-2
26.473,-0.137,-5.356E-2
26.490,-0.137,-5.435E-2
26.507,-0.138,-5.567E-2
26.524,-0.137,-5.731E-2
26.541,-0.136,-5.976E-2
26.558,-0.133,-6.253E-2
26.575,-0.131,-6.443E-2
26.592,-0.146,-8.055E-2
26.610,-0.122,-7.429E-2
26.627,-0.120,-7.549E-2
26.644,-0.119,-7.502E-2
26.661,-0.119,-7.335E-2
26.678,-0.120,-7.109E-2
26.695,-0.121,-6.933E-2
26.712,-0.120,-6.861E-2
26.729,-0.121,-6.697E-2
26.746,-0.122,-6.499E-2
26.763,-0.122,-6.378E-2
26.780,-0.122,-6.378E-2
26.797,-0.123,-6.457E-2
26.814,-0.123,-6.546E-2
26.831,-0.124,-6.679E-2
26.848,-0.124,-6.900E-2
26.865,-0.123,-7.082E-2
26.882,-0.123,-7.285E-2
26.899,-0.124,-7.421E-2
26.916,-0.123,-7.558E-2
26.933,-0.123,-7.517E-2
26.950,-0.123,-7.465E-2
26.967,-0.123,-7.323E-2
26.984,-0.124,-7.188E-2
27.001,-0.124,-7.137E-2
27.018,-0.124,-7.011E-2
27.035,-0.124,-6.893E-2
27.052,-0.125,-6.774E-2
27.069,-0.125,-6.690E-2
27.086,-0.124,-6.625E-2
27.103,-0.125,-6.539E-2
27.120,-0.125,-6.420E-2
27.137,-0.125,-6.314E-2
27.154,-0.125,-6.194E-2
27.171,-0.126,-6.096E-2
27.188,-0.125,-6.039E-2
27.205,-0.125,-5.996E-2
27.222,-0.127,-5.913E-2
27.239,-0.126,-5.908E-2
27.256,-0.127,-5.898E-2
27.273,-0.127,-5.901E-2
27.290,-0.129,-5.960E-2
27.307,-0.129,-6.098E-2
27.324,-0.129,-6.281E-2
27.341,-0.127,-6.582E-2
27.358,-0.126,-6.825E-2
27.375,-0.124,-7.140E-2
27.392,-0.124,-7.372E-2
27.409,-0.125,-7.553E-2
27.426,-0.124,-7.676E-2
27.443,-0.125,-7.725E-2
27.460,-0.126,-7.729E-2
27.477,-0.126,-7.715E-2
27.494,-0.127,-7.591E-2
27.511,-0.128,-7.446E-2
27.528,-0.129,-7.319E-2
27.545,-0.129,-7.313E-2
27.562,-0.130,-7.271E-2
27.579,-0.128,-7.251E-2
27.596,-0.128,-7.175E-2
27.613,-0.128,-7.089E-2
27.630,-0.128,-7.003E-2
27.647,-0.128,-6.956E-2
27.664,-0.127,-6.990E-2
27.681,-0.128,-6.982E-2
27.698,-0.129,-6.913E-2
27.715,-0.128,-6.952E-2
27.732,-0.127,-7.003E-2
27.749,-0.127,-7.003E-2
27.766,-0.127,-6.963E-2
27.783,-0.126,-6.895E-2
27.800,-0.127,-6.897E-2
27.817,-0.127,-6.959E-2
27.834,-0.126,-7.109E-2
27.852,-0.125,-7.267E-2
27.869,-0.124,-7.405E-2
27.886,-0.124,-7.517E-2
27.903,-0.124,-7.603E-2
27.920,-0.124,-7.675E-2
27.937,-0.125,-7.670E-2
27.954,-0.127,-7.543E-2
27.971,-0.127,-7.406E-2
27.988,-0.127,-7.276E-2
28.005,-0.127,-7.088E-2
28.022,-0.127,-6.997E-2
28.039,-0.127,-6.906E-2
28.056,-0.127,-6.861E-2
28.073,-0.127,-6.778E-2
28.090,-0.127,-6.727E-2
28.107,-0.126,-6.643E-2
28.124,-0.125,-6.589E-2
28.141,-0.124,-6.548E-2
28.158,-0.124,-6.501E-2
28.175,-0.123,-6.408E-2
28.192,-0.123,-6.241E-2
28.209,-0.122,-6.130E-2
28.226,-0.122,-6.048E-2
28.243,-0.123,-5.913E-2
28.260,-0.123,-5.793E-2
28.277,-0.123,-5.641E-2
28.294,-0.123,-5.514E-2
28.311,-0.123,-5.335E-2
28.328,-0.123,-5.111E-2
28.345,-0.123,-4.964E-2
28.362,-0.124,-4.818E-2
28.379,-0.124,-4.728E-2
28.396,-0.124,-4.629E-2
28.413,-0.124,-4.547E-2
28.430,-0.124,-4.453E-2
28.447,-0.125,-4.382E-2
28.464,-0.124,-4.368E-2
28.481,-0.123,-4.461E-2
28.498,-0.123,-4.460E-2
28.515,-0.123,-4.433E-2
28.532,-0.123,-4.379E-2
28.549,-0.123,-4.355E-2
28.566,-0.123,-4.234E-2
28.583,-0.125,-4.053E-2
28.600,-0.125,-3.884E-2
28.617,-0.126,-3.724E-2
28.634,-0.127,-3.595E-2
28.651,-0.128,-3.494E-2
28.668,-0.127,-3.489E-2
28.685,-0.128,-3.506E-2
28.702,-0.127,-3.557E-2
28.719,-0.125,-3.642E-2
28.736,-0.125,-3.608E-2
28.753,-0.124,-3.536E-2
28.770,-0.126,-3.326E-2
28.787,-0.126,-3.150E-2
28.804,-0.128,-2.958E-2
28.821,-0.128,-2.817E-2
28.838,-0.127,-2.724E-2
28.855,-0.126,-2.603E-2
28.872,-0.124,-2.507E-2
28.889,-0.125,-2.461E-2
28.906,-0.124,-2.410E-2
28.923,-0.125,-2.370E-2
28.940,-0.124,-2.363E-2
28.957,-0.123,-2.383E-2
28.974,-0.122,-2.297E-2
28.991,-0.120,-2.204E-2
29.008,-0.119,-2.099E-2
29.025,-0.119,-2.031E-2
29.042,-0.120,-1.933E-2
29.059,-0.120,-1.870E-2
29.076,-0.120,-1.872E-2
29.094,-0.120,-1.875E-2
29.111,-0.120,-1.947E-2
29.128,-0.119,-2.004E-2
29.145,-0.120,-2.029E-2
29.162,-0.119,-2.292E-2
29.179,-0.119,-2.555E-2
29.196,-0.118,-2.822E-2
29.213,-0.116,-3.202E-2
29.230,-0.113,-3.670E-2
29.247,-0.111,-4.222E-2
29.264,-0.108,-4.709E-2
29.281,-0.110,-5.161E-2
29.298,-0.111,-5.309E-2
29.315,-0.112,-5.381E-2
29.332,-0.113,-5.301E-2
29.349,-0.114,-5.146E-2
29.366,-0.115,-4.916E-2
29.383,-0.116,-4.694E-2
29.400,-0.116,-4.471E-2
29.417,-0.117,-4.285E-2
29.434,-0.118,-4.148E-2
29.451,-0.117,-4.096E-2
29.468,-0.118,-4.114E-2
29.485,-0.118,-4.157E-2
29.502,-0.117,-4.183E-2
29.519,-0.118,-4.152E-2
29.536,-0.118,-4.109E-2
29.553,-0.118,-4.013E-2
29.570,-0.119,-3.924E-2
29.587,-0.118,-3.841E-2
29.604,-0.120,-3.753E-2
29.621,-0.120,-3.655E-2
29.638,-0.121,-3.565E-2
29.655,-0.120,-3.545E-2
29.672,-0.121,-3.523E-2
29.689,-0.120,-3.559E-2
29.706,-0.119,-3.593E-2
29.723,-0.119,-3.576E-2
29.740,-0.118,-3.569E-2
29.757,-0.118,-3.516E-2
29.774,-0.118,-3.426E-2
29.791,-0.117,-3.370E-2
29.808,-0.117,-3.284E-2
29.825,-0.119,-3.201E-2
29.842,-0.119,-3.095E-2
29.859,-0.120,-2.968E-2
29.876,-0.120,-2.927E-2
29.893,-0.120,-2.957E-2
29.910,-0.120,-2.967E-2
29.927,-0.120,-3.015E-2
29.944,-0.121,-3.062E-2
29.961,-0.121,-3.151E-2
29.978,-0.121,-3.243E-2
29.995,-0.120,-3.318E-2
30.012,-0.120,-3.372E-2
30.029,-0.120,-3.468E-2
30.046,-0.120,-3.519E-2
30.063,-0.120,-3.562E-2
30.080,-0.119,-3.651E-2
30.097,-0.119,-3.750E-2
30.114,-0.120,-3.777E-2
30.131,-0.120,-3.741E-2
30.148,-0.121,-3.707E-2
30.165,-0.121,-3.699E-2
30.182,-0.120,-3.670E-2
30.199,-0.120,-3.609E-2
30.216,-0.118,-3.608E-2
30.233,-0.117,-3.619E-2
30.250,-0.116,-3.621E-2
30.267,-0.114,-3.525E-2
30.284,-0.114,-3.283E-2
30.301,-0.113,-3.040E-2
30.318,-0.114,-2.849E-2
30.336,-0.114,-2.653E-2
30.353,-0.114,-2.474E-2
30.370,-0.112,-2.413E-2
30.387,-0.111,-2.573E-2
30.404,-0.110,-2.773E-2
30.421,-0.109,-2.897E-2
30.438,-0.111,-2.898E-2
30.455,-0.110,-2.889E-2
30.472,-0.111,-2.888E-2
30.489,-0.111,-2.933E-2
30.506,-0.112,-3.065E-2
30.523,-0.112,-3.255E-2
30.540,-0.112,-3.476E-2
30.557,-0.113,-3.665E-2
30.574,-0.113,-3.885E-2
30.591,-0.113,-4.009E-2
30.608,-0.113,-4.149E-2
30.625,-0.113,-4.252E-2
30.642,-0.114,-4.287E-2
30.659,-0.113,-4.288E-2
30.676,-0.114,-4.125E-2
30.693,-0.114,-3.859E-2
30.710,-0.114,-3.628E-2
30.727,-0.114,-3.389E-2
30.744,-0.115,-3.256E-2
30.761,-0.114,-3.304E-2
30.778,-0.115,-3.332E-2
30.795,-0.115,-3.194E-2
30.812,-0.116,-3.021E-2
30.829,-0.117,-3.018E-2
30.846,-0.117,-3.088E-2
30.863,-0.117,-3.305E-2
30.880,-0.116,-3.558E-2
30.897,-0.116,-3.820E-2
30.914,-0.116,-4.059E-2
30.931,-0.115,-4.323E-2
30.948,-0.115,-4.489E-2
30.965,-0.114,-4.785E-2
30.982,-0.114,-5.029E-2
30.999,-0.113,-5.270E-2
31.016,-0.113,-5.480E-2
31.033,-0.113,-5.606E-2
31.050,-0.114,-5.616E-2
31.067,-0.114,-5.617E-2
31.084,-0.115,-5.525E-2
31.101,-0.116,-5.301E-2
31.118,-0.116,-5.098E-2
31.135,-0.117,-4.884E-2
31.152,-0.117,-4.750E-2
31.169,-0.117,-4.652E-2
31.186,-0.117,-4.618E-2
31.203,-0.117,-4.664E-2
31.220,-0.115,-4.746E-2
31.237,-0.116,-4.672E-2
31.254,-0.116,-4.439E-2
31.271,-0.117,-4.152E-2
31.288,-0.117,-3.973E-2
31.305,-0.118,-3.739E-2
31.322,-0.119,-3.551E-2
31.339,-0.120,-3.329E-2
31.356,-0.120,-3.148E-2
31.373,-0.121,-3.056E-2
31.390,-0.122,-3.031E-2
31.407,-0.121,-3.030E-2
31.424,-0.122,-3.013E-2
31.441,-0.122,-3.064E-2
31.458,-0.123,-3.066E-2
31.475,-0.122,-3.064E-2
31.492,-0.123,-3.050E-2
31.509,-0.124,-3.018E-2
31.526,-0.124,-3.021E-2
31.543,-0.124,-3.094E-2
31.561,-0.124,-3.195E-2
31.578,-0.123,-3.313E-2
31.595,-0.124,-3.428E-2
31.612,-0.123,-3.577E-2
31.629,-0.124,-3.693E-2
31.646,-0.124,-3.830E-2
31.663,-0.123,-3.967E-2
31.680,-0.122,-4.179E-2
31.697,-0.121,-4.424E-2
31.714,-0.119,-4.698E-2
31.731,-0.117,-4.995E-2
31.748,-0.116,-5.251E-2
31.765,-0.117,-5.341E-2
31.782,-0.116,-5.194E-2
31.799,-0.118,-4.928E-2
31.816,-0.118,-4.707E-2
31.833,-0.119,-4.499E-2
31.850,-0.120,-4.376E-2
31.867,-0.121,-4.290E-2
31.884,-0.122,-4.238E-2
31.901,-0.123,-4.245E-2
31.918,-0.124,-4.291E-2
31.935,-0.123,-4.334E-2
31.952,-0.123,-4.325E-2
31.969,-0.122,-4.325E-2
31.986,-0.121,-4.326E-2
32.003,-0.121,-4.338E-2
32.020,-0.121,-4.377E-2
32.037,-0.121,-4.398E-2
32.054,-0.121,-4.399E-2
32.071,-0.121,-4.342E-2
32.088,-0.122,-4.285E-2
32.105,-0.122,-4.239E-2
32.122,-0.123,-4.186E-2
32.139,-0.123,-4.133E-2
32.156,-0.124,-4.108E-2
32.173,-0.123,-4.104E-2
32.190,-0.123,-4.100E-2
32.207,-0.122,-4.139E-2
32.224,-0.121,-4.190E-2
32.241,-0.122,-4.185E-2
32.258,-0.122,-4.150E-2
32.275,-0.122,-4.109E-2
32.292,-0.121,-4.063E-2
32.309,-0.120,-4.024E-2
32.326,-0.119,-4.027E-2
32.343,-0.118,-4.088E-2
32.360,-0.117,-4.072E-2
32.377,-0.118,-4.018E-2
32.394,-0.117,-3.917E-2
32.411,-0.118,-3.751E-2
32.428,-0.119,-3.435E-2
32.445,-0.119,-3.284E-2
32.462,-0.120,-3.153E-2
32.479,-0.121,-3.114E-2
32.496,-0.120,-3.153E-2
32.513,-0.121,-3.156E-2
32.530,-0.122,-3.109E-2
32.547,-0.122,-3.103E-2
32.564,-0.122,-3.101E-2
32.581,-0.123,-3.050E-2
32.598,-0.123,-3.015E-2
32.615,-0.124,-3.015E-2
32.632,-0.124,-3.005E-2
32.649,-0.124,-3.011E-2
32.666,-0.123,-3.046E-2
32.683,-0.123,-3.046E-2
32.700,-0.123,-3.046E-2
32.717,-0.124,-2.986E-2
32.734,-0.124,-2.913E-2
32.751,-0.125,-2.830E-2
32.768,-0.124,-2.830E-2
32.785,-0.124,-2.748E-2
32.803,-0.124,-2.604E-2
32.820,-0.123,-2.541E-2
32.837,-0.124,-2.455E-2
32.854,-0.124,-2.381E-2
32.871,-0.124,-2.386E-2
32.888,-0.123,-2.456E-2
32.905,-0.123,-2.603E-2
32.922,-0.123,-2.791E-2
32.939,-0.123,-2.956E-2
32.956,-0.123,-3.101E-2
32.973,-0.124,-3.188E-2
32.990,-0.123,-3.271E-2
33.007,-0.125,-3.285E-2
33.024,-0.126,-3.334E-2
33.041,-0.127,-3.377E-2
33.058,-0.128,-3.425E-2
33.075,-0.130,-3.448E-2
33.092,-0.130,-3.454E-2
33.109,-0.130,-3.526E-2
33.126,-0.132,-3.587E-2
33.143,-0.131,-3.689E-2
33.160,-0.131,-3.805E-2
33.177,-0.130,-3.919E-2
33.194,-0.128,-4.049E-2
33.211,-0.127,-4.192E-2
33.228,-0.125,-4.333E-2
33.245,-0.124,-4.424E-2
33.262,-0.123,-4.477E-2
33.279,-0.124,-4.482E-2
33.296,-0.126,-4.465E-2
33.313,-0.126,-4.468E-2
33.330,-0.126,-4.511E-2
33.347,-0.126,-4.556E-2
33.364,-0.126,-4.603E-2
33.381,-0.124,-4.645E-2
33.398,-0.123,-4.601E-2
33.415,-0.123,-4.503E-2
33.432,-0.123,-4.329E-2
33.449,-0.122,-4.190E-2
33.466,-0.123,-4.054E-2
33.483,-0.123,-3.957E-2
33.500,-0.124,-3.875E-2
33.517,-0.123,-3.864E-2
33.534,-0.123,-3.837E-2
33.551,-0.122,-3.913E-2
33.568,-0.122,-3.984E-2
33.585,-0.122,-4.058E-2
33.602,-0.122,-4.130E-2
33.619,-0.123,-4.156E-2
33.636,-0.124,-4.151E-2
33.653,-0.123,-4.137E-2
33.670,-0.124,-4.142E-2
33.687,-0.124,-4.237E-2
33.704,-0.124,-4.372E-2
33.721,-0.123,-4.544E-2
33.738,-0.124,-4.637E-2
33.755,-0.124,-4.691E-2
33.772,-0.124,-4.725E-2
33.789,-0.124,-4.729E-2
33.806,-0.124,-4.773E-2
33.823,-0.124,-4.747E-2
33.840,-0.122,-4.722E-2
33.857,-0.121,-4.616E-2
33.874,-0.121,-4.423E-2
33.891,-0.120,-4.187E-2
33.908,-0.120,-3.970E-2
33.925,-0.121,-3.639E-2
33.942,-0.121,-3.330E-2
33.959,-0.123,-2.919E-2
33.976,-0.124,-2.557E-2
33.993,-0.126,-2.224E-2
34.010,-0.127,-1.995E-2
34.027,-0.127,-1.791E-2
34.045,-0.128,-1.596E-2
34.062,-0.127,-1.359E-2
34.079,-0.127,-1.190E-2
34.096,-0.125,-1.117E-2
34.113,-0.126,-1.103E-2
34.130,-0.125,-1.163E-2
34.147,-0.126,-1.317E-2
34.164,-0.126,-1.508E-2
34.181,-0.125,-1.735E-2
34.198,-0.125,-2.066E-2
34.215,-0.123,-2.432E-2
34.232,-0.122,-2.746E-2
34.249,-0.121,-3.072E-2
34.266,-0.120,-3.428E-2
34.283,-0.119,-3.717E-2
34.300,-0.117,-3.923E-2
34.317,-0.117,-4.112E-2
34.334,-0.116,-4.296E-2
34.351,-0.115,-4.524E-2
34.368,-0.114,-4.702E-2
34.385,-0.115,-4.755E-2
34.402,-0.115,-4.840E-2
34.419,-0.115,-5.023E-2
34.436,-0.114,-5.245E-2
34.453,-0.114,-5.423E-2
34.470,-0.116,-5.396E-2
34.487,-0.116,-5.277E-2
34.504,-0.117,-5.070E-2
34.521,-0.118,-4.887E-2
34.538,-0.118,-4.693E-2
34.555,-0.119,-4.470E-2
34.572,-0.119,-4.274E-2
34.589,-0.119,-4.054E-2
34.606,-0.120,-3.914E-2
34.623,-0.120,-3.744E-2
34.640,-0.120,-3.603E-2
34.657,-0.120,-3.461E-2
34.674,-0.121,-3.373E-2
34.691,-0.121,-3.279E-2
34.708,-0.122,-3.249E-2
34.725,-0.122,-3.254E-2
34.742,-0.121,-3.239E-2
34.759,-0.121,-3.286E-2
34.776,-0.121,-3.327E-2
34.793,-0.121,-3.374E-2
34.810,-0.121,-3.431E-2
34.827,-0.121,-3.484E-2
34.844,-0.120,-3.560E-2
34.861,-0.120,-3.651E-2
34.878,-0.120,-3.724E-2
34.895,-0.120,-3.863E-2
34.912,-0.122,-3.977E-2
34.929,-0.121,-4.182E-2
34.946,-0.121,-4.340E-2
34.963,-0.120,-4.602E-2
34.980,-0.119,-4.830E-2
34.997,-0.118,-5.055E-2
35.014,-0.118,-5.194E-2
35.031,-0.119,-5.286E-2
35.048,-0.120,-5.330E-2
35.065,-0.120,-5.480E-2
35.082,-0.119,-5.655E-2
35.099,-0.119,-5.845E-2
35.116,-0.118,-6.051E-2
35.133,-0.119,-6.075E-2
35.150,-0.120,-5.967E-2
35.167,-0.121,-5.823E-2
35.184,-0.122,-5.634E-2
35.201,-0.124,-5.457E-2
35.218,-0.125,-5.322E-2
35.235,-0.126,-5.288E-2
35.252,-0.125,-5.371E-2
35.269,-0.126,-5.150E-2
35.287,-0.125,-5.503E-2
35.304,-0.125,-5.581E-2
35.321,-0.124,-5.738E-2
35.338,-0.124,-5.884E-2
35.355,-0.125,-6.005E-2
35.372,-0.124,-6.133E-2
35.389,-0.124,-6.233E-2
35.406,-0.124,-6.320E-2
35.423,-0.124,-6.360E-2
35.440,-0.124,-6.454E-2
35.457,-0.124,-6.545E-2
35.474,-0.124,-6.607E-2
35.491,-0.124,-6.647E-2
35.508,-0.124,-6.639E-2
35.525,-0.124,-6.639E-2
35.542,-0.125,-6.596E-2
35.559,-0.124,-6.630E-2
35.576,-0.124,-6.636E-2
35.593,-0.124,-6.600E-2
35.610,-0.124,-6.501E-2
35.627,-0.125,-6.461E-2
35.644,-0.124,-6.461E-2
35.661,-0.123,-6.506E-2
35.678,-0.123,-6.507E-2
35.695,-0.122,-6.501E-2
35.712,-0.122,-6.495E-2
35.729,-0.123,-6.460E-2
35.746,-0.122,-6.406E-2
35.763,-0.122,-6.364E-2
35.780,-0.122,-6.312E-2
35.797,-0.121,-6.239E-2
35.814,-0.121,-6.150E-2
35.831,-0.121,-6.061E-2
35.848,-0.120,-6.006E-2
35.865,-0.121,-5.881E-2
35.882,-0.121,-5.736E-2
35.899,-0.121,-5.560E-2
35.916,-0.121,-5.475E-2
35.933,-0.121,-5.385E-2
35.950,-0.122,-5.292E-2
35.967,-0.121,-5.236E-2
35.984,-0.122,-5.185E-2
36.001,-0.122,-5.097E-2
36.018,-0.124,-5.015E-2
36.035,-0.125,-4.964E-2
36.052,-0.125,-4.907E-2
36.069,-0.126,-4.914E-2
36.086,-0.125,-4.907E-2
36.103,-0.125,-4.861E-2
36.120,-0.127,-4.818E-2
36.137,-0.127,-4.824E-2
36.154,-0.126,-4.834E-2
36.171,-0.127,-4.832E-2
36.188,-0.126,-4.854E-2
36.205,-0.126,-4.907E-2
36.222,-0.126,-5.002E-2
36.239,-0.126,-5.149E-2
36.256,-0.125,-5.310E-2
36.273,-0.124,-5.482E-2
36.290,-0.123,-5.609E-2
36.307,-0.123,-5.695E-2
36.324,-0.123,-5.725E-2
36.341,-0.123,-5.775E-2
36.358,-0.124,-5.789E-2
36.375,-0.123,-5.865E-2
36.392,-0.124,-5.951E-2
36.409,-0.124,-6.010E-2
36.426,-0.124,-6.069E-2
36.443,-0.124,-6.151E-2
36.460,-0.124,-6.243E-2
36.477,-0.123,-6.357E-2
36.494,-0.123,-6.496E-2
36.512,-0.123,-6.601E-2
36.529,-0.123,-6.697E-2
36.546,-0.123,-6.731E-2
36.563,-0.123,-6.819E-2
36.580,-0.123,-6.898E-2
36.597,-0.123,-6.967E-2
36.614,-0.124,-6.958E-2
36.631,-0.124,-7.014E-2
36.648,-0.125,-7.004E-2
36.665,-0.124,-6.988E-2
36.682,-0.125,-6.897E-2
36.699,-0.125,-6.728E-2
36.716,-0.126,-6.555E-2
36.733,-0.126,-6.455E-2
36.750,-0.127,-6.323E-2
36.767,-0.126,-6.305E-2
36.784,-0.125,-6.280E-2
36.801,-0.123,-6.287E-2
36.818,-0.121,-6.290E-2
36.835,-0.121,-6.143E-2
36.852,-0.122,-5.961E-2
36.869,-0.121,-5.776E-2
36.886,-0.121,-5.607E-2
36.903,-0.121,-5.396E-2
36.920,-0.123,-5.201E-2
36.937,-0.122,-5.101E-2
36.954,-0.122,-5.050E-2
36.971,-0.122,-5.013E-2
36.988,-0.123,-4.959E-2
37.005,-0.123,-4.945E-2
37.022,-0.124,-4.914E-2
37.039,-0.124,-4.967E-2
37.056,-0.124,-4.995E-2
37.073,-0.124,-5.048E-2
37.090,-0.125,-5.096E-2
37.107,-0.125,-5.223E-2
37.124,-0.125,-5.230E-2
37.141,-0.124,-5.316E-2
37.158,-0.123,-5.414E-2
37.175,-0.123,-5.546E-2
37.192,-0.123,-5.642E-2
37.209,-0.123,-5.693E-2
37.226,-0.123,-5.634E-2
37.243,-0.124,-5.552E-2
37.260,-0.124,-5.463E-2
37.277,-0.125,-5.361E-2
37.294,-0.125,-5.273E-2
37.311,-0.125,-5.189E-2
37.328,-0.125,-5.185E-2
37.345,-0.125,-5.226E-2
37.362,-0.124,-5.320E-2
37.379,-0.123,-5.449E-2
37.396,-0.122,-5.519E-2
37.413,-0.122,-5.552E-2
37.430,-0.121,-5.609E-2
37.447,-0.120,-5.608E-2
37.464,-0.120,-5.494E-2
37.481,-0.121,-5.316E-2
37.498,-0.122,-5.146E-2
37.515,-0.122,-5.041E-2
37.532,-0.122,-4.916E-2
37.549,-0.123,-4.785E-2
37.566,-0.123,-4.659E-2
37.583,-0.124,-4.457E-2
37.600,-0.125,-4.325E-2
37.617,-0.124,-4.240E-2
37.634,-0.124,-4.192E-2
37.651,-0.124,-4.189E-2
37.668,-0.125,-4.233E-2
37.685,-0.125,-4.334E-2
37.702,-0.125,-4.491E-2
37.719,-0.125,-4.583E-2
37.736,-0.125,-4.726E-2
37.754,-0.125,-4.820E-2
37.771,-0.124,-4.993E-2
37.788,-0.125,-5.101E-2
37.805,-0.124,-5.263E-2
37.822,-0.124,-5.322E-2
37.839,-0.124,-5.388E-2
37.856,-0.124,-5.357E-2
37.873,-0.124,-5.322E-2
37.890,-0.123,-5.329E-2
37.907,-0.124,-5.336E-2
37.924,-0.123,-5.365E-2
37.941,-0.124,-5.416E-2
37.958,-0.122,-5.499E-2
37.975,-0.121,-5.567E-2
37.992,-0.120,-5.662E-2
38.009,-0.120,-5.828E-2
38.026,-0.119,-5.924E-2
38.043,-0.119,-5.915E-2
38.060,-0.120,-5.782E-2
38.077,-0.120,-5.616E-2
38.094,-0.121,-5.404E-2
38.111,-0.122,-5.186E-2
38.128,-0.122,-5.039E-2
38.145,-0.124,-4.874E-2
38.162,-0.123,-4.916E-2
38.179,-0.123,-4.891E-2
38.196,-0.122,-4.917E-2
38.213,-0.123,-4.836E-2
38.230,-0.124,-4.654E-2
38.247,-0.125,-4.519E-2
38.264,-0.124,-4.514E-2
38.281,-0.123,-4.549E-2
38.298,-0.122,-4.636E-2
38.315,-0.121,-4.688E-2
38.332,-0.121,-4.770E-2
38.349,-0.121,-4.883E-2
38.366,-0.121,-4.922E-2
38.383,-0.121,-4.920E-2
38.400,-0.120,-4.920E-2
38.417,-0.121,-4.975E-2
38.434,-0.120,-5.055E-2
38.451,-0.121,-5.055E-2
38.468,-0.121,-5.004E-2
38.485,-0.123,-4.958E-2
38.502,-0.122,-4.993E-2
38.519,-0.123,-5.040E-2
38.536,-0.124,-5.094E-2
38.553,-0.125,-5.137E-2
38.570,-0.126,-5.193E-2
38.587,-0.126,-5.271E-2
38.604,-0.126,-5.462E-2
38.621,-0.126,-5.681E-2
38.638,-0.126,-5.854E-2
38.655,-0.127,-6.013E-2
38.672,-0.127,-6.049E-2
38.689,-0.127,-6.087E-2
38.706,-0.129,-6.098E-2
38.723,-0.129,-6.184E-2
38.740,-0.128,-6.325E-2
38.757,-0.127,-6.458E-2
38.774,-0.126,-6.585E-2
38.791,-0.126,-6.645E-2
38.808,-0.126,-6.594E-2
38.825,-0.126,-6.442E-2
38.842,-0.127,-6.238E-2
38.859,-0.126,-6.083E-2
38.876,-0.127,-5.963E-2
38.893,-0.126,-5.909E-2
38.910,-0.126,-5.906E-2
38.927,-0.125,-5.965E-2
38.944,-0.125,-6.029E-2
38.961,-0.125,-6.145E-2
38.978,-0.123,-6.264E-2
38.996,-0.123,-6.381E-2
39.013,-0.123,-6.456E-2
39.030,-0.123,-6.459E-2
39.047,-0.124,-6.419E-2
39.064,-0.124,-6.418E-2
39.081,-0.124,-6.411E-2
39.098,-0.124,-6.404E-2
39.115,-0.124,-6.371E-2
39.132,-0.125,-6.277E-2
39.149,-0.124,-6.229E-2
39.166,-0.125,-6.151E-2
39.183,-0.125,-6.084E-2
39.200,-0.125,-6.049E-2
39.217,-0.125,-6.110E-2
39.234,-0.124,-6.237E-2
39.251,-0.123,-6.366E-2
39.268,-0.122,-6.463E-2
39.285,-0.122,-6.416E-2
39.302,-0.123,-6.240E-2
39.319,-0.124,-6.046E-2
39.336,-0.125,-5.864E-2
39.353,-0.125,-5.732E-2
39.370,-0.126,-5.601E-2
39.387,-0.126,-5.509E-2
39.404,-0.126,-5.456E-2
39.421,-0.127,-5.408E-2
39.438,-0.126,-5.445E-2
39.455,-0.126,-5.507E-2
39.472,-0.125,-5.604E-2
39.489,-0.124,-5.653E-2
39.506,-0.122,-5.750E-2
39.523,-0.123,-5.784E-2
39.540,-0.122,-5.789E-2
39.557,-0.122,-5.730E-2
39.574,-0.123,-5.677E-2
39.591,-0.124,-5.599E-2
39.608,-0.124,-5.511E-2
39.625,-0.125,-5.425E-2
39.642,-0.124,-5.364E-2
39.659,-0.126,-5.146E-2
39.676,-0.126,-4.899E-2
39.693,-0.126,-4.642E-2
39.710,-0.126,-4.440E-2
39.727,-0.125,-4.329E-2
39.744,-0.125,-4.239E-2
39.761,-0.124,-4.132E-2
39.778,-0.123,-4.046E-2
39.795,-0.123,-4.059E-2
39.812,-0.123,-4.152E-2
39.829,-0.121,-4.336E-2
39.846,-0.120,-4.524E-2
39.863,-0.120,-4.636E-2
39.880,-0.121,-4.637E-2
39.897,-0.122,-4.650E-2
39.914,-0.122,-4.638E-2
39.931,-0.123,-4.598E-2
39.948,-0.122,-4.561E-2
39.965,-0.122,-4.554E-2
39.982,-0.122,-4.603E-2
39.999,-0.123,-4.642E-2
40.016,-0.122,-4.689E-2
40.033,-0.122,-4.708E-2
40.050,-0.120,-4.795E-2
40.067,-0.120,-4.820E-2
40.084,-0.121,-4.781E-2
40.101,-0.121,-4.736E-2
40.118,-0.123,-4.600E-2
40.135,-0.124,-4.421E-2
40.152,-0.125,-4.270E-2
40.169,-0.126,-4.084E-2
40.186,-0.127,-3.944E-2
40.203,-0.127,-3.820E-2
40.220,-0.126,-3.739E-2
40.238,-0.125,-3.676E-2
40.255,-0.125,-3.646E-2
40.272,-0.124,-3.692E-2
40.289,-0.124,-3.700E-2
40.306,-0.122,-3.788E-2
40.323,-0.120,-3.922E-2
40.340,-0.119,-4.020E-2
40.357,-0.119,-4.056E-2
40.374,-0.120,-4.025E-2
40.391,-0.121,-3.919E-2
40.408,-0.122,-3.828E-2
40.425,-0.122,-3.784E-2
40.442,-0.123,-3.747E-2
40.459,-0.122,-3.740E-2
40.476,-0.122,-3.640E-2
40.493,-0.123,-3.557E-2
40.510,-0.123,-3.523E-2
40.527,-0.122,-3.498E-2
40.544,-0.123,-3.382E-2
40.561,-0.121,-3.324E-2
40.578,-0.122,-3.196E-2
40.595,-0.122,-3.070E-2
40.612,-0.122,-2.912E-2
40.629,-0.123,-2.833E-2
40.646,-0.123,-2.784E-2
40.663,-0.123,-2.745E-2
40.680,-0.122,-2.724E-2
40.697,-0.123,-2.691E-2
40.714,-0.122,-2.693E-2
40.731,-0.123,-2.697E-2
40.748,-0.122,-2.739E-2
40.765,-0.122,-2.752E-2
40.782,-0.121,-2.751E-2
40.799,-0.121,-2.701E-2
40.816,-0.122,-2.686E-2
40.833,-0.122,-2.654E-2
40.850,-0.122,-2.644E-2
40.867,-0.122,-2.638E-2
40.884,-0.121,-2.679E-2
40.901,-0.121,-2.747E-2
40.918,-0.120,-2.912E-2
40.935,-0.119,-3.030E-2
40.952,-0.119,-3.083E-2
40.969,-0.120,-3.107E-2
40.986,-0.120,-3.202E-2
41.003,-0.120,-3.332E-2
41.020,-0.120,-3.420E-2
41.037,-0.122,-3.474E-2
41.054,-0.122,-3.497E-2
41.071,-0.122,-3.497E-2
41.088,-0.122,-3.549E-2
41.105,-0.123,-3.557E-2
41.122,-0.123,-3.588E-2
41.139,-0.123,-3.611E-2
41.156,-0.122,-3.650E-2
41.173,-0.123,-3.643E-2
41.190,-0.123,-3.641E-2
41.207,-0.123,-3.675E-2
41.224,-0.123,-3.728E-2
41.241,-0.123,-3.737E-2
41.258,-0.124,-3.731E-2
41.275,-0.124,-3.736E-2
41.292,-0.123,-3.726E-2
41.309,-0.123,-3.674E-2
41.326,-0.124,-3.605E-2
41.343,-0.123,-3.752E-2
41.360,-0.121,-3.974E-2
41.377,-0.118,-4.190E-2
41.394,-0.116,-4.387E-2
41.411,-0.116,-4.474E-2
41.428,-0.117,-4.345E-2
41.445,-0.117,-4.141E-2
41.463,-0.118,-3.837E-2
41.480,-0.119,-3.570E-2
41.497,-0.119,-3.334E-2
41.514,-0.120,-3.142E-2
41.531,-0.122,-2.929E-2
41.548,-0.123,-2.820E-2
41.565,-0.123,-2.732E-2
41.582,-0.124,-2.648E-2
41.599,-0.125,-2.566E-2
41.616,-0.125,-2.547E-2
41.633,-0.125,-2.602E-2
41.650,-0.124,-2.746E-2
41.667,-0.123,-2.929E-2
41.684,-0.121,-3.187E-2
41.701,-0.119,-3.470E-2
41.718,-0.117,-3.692E-2
41.735,-0.115,-3.936E-2
41.752,-0.114,-4.104E-2
41.769,-0.113,-4.193E-2
41.786,-0.113,-4.124E-2
41.803,-0.113,-3.974E-2
41.820,-0.114,-3.802E-2
41.837,-0.114,-3.696E-2
41.854,-0.114,-3.518E-2
41.871,-0.116,-3.330E-2
41.888,-0.117,-3.103E-2
41.905,-0.118,-2.936E-2
41.922,-0.118,-2.882E-2
41.939,-0.118,-2.937E-2
41.956,-0.118,-3.081E-2
41.973,-0.116,-3.211E-2
41.990,-0.116,-3.293E-2
42.007,-0.115,-3.325E-2
42.024,-0.116,-3.338E-2
42.041,-0.115,-3.349E-2
42.058,-0.114,-3.385E-2
42.075,-0.114,-3.385E-2
42.092,-0.115,-3.292E-2
42.109,-0.115,-3.259E-2
42.126,-0.116,-3.155E-2
42.143,-0.115,-3.144E-2
42.160,-0.117,-3.112E-2
42.177,-0.116,-3.195E-2
42.194,-0.117,-3.213E-2
42.211,-0.117,-3.266E-2
42.228,-0.116,-3.285E-2
42.245,-0.116,-3.287E-2
42.262,-0.116,-3.199E-2
42.279,-0.117,-3.118E-2
42.296,-0.117,-3.100E-2
42.313,-0.117,-3.114E-2
42.330,-0.116,-3.151E-2
42.347,-0.118,-3.154E-2
42.364,-0.119,-3.163E-2
42.381,-0.119,-3.239E-2
42.398,-0.119,-3.336E-2
42.415,-0.119,-3.509E-2
42.432,-0.121,-3.695E-2
42.449,-0.120,-3.932E-2
42.466,-0.121,-4.162E-2
42.483,-0.122,-4.366E-2
42.500,-0.122,-4.519E-2
42.517,-0.122,-4.603E-2
42.534,-0.122,-4.778E-2
42.551,-0.122,-4.924E-2
42.568,-0.121,-5.092E-2
42.585,-0.121,-5.206E-2
42.602,-0.120,-5.371E-2
42.619,-0.118,-5.477E-2
42.636,-0.118,-5.567E-2
42.653,-0.117,-5.598E-2
42.670,-0.117,-5.432E-2
42.687,-0.117,-5.175E-2
42.705,-0.118,-4.784E-2
42.722,-0.119,-4.426E-2
42.739,-0.119,-4.180E-2
42.756,-0.120,-3.924E-2
42.773,-0.121,-3.746E-2
42.790,-0.121,-3.651E-2
42.807,-0.120,-3.600E-2
42.824,-0.121,-3.480E-2
42.841,-0.120,-3.334E-2
42.858,-0.121,-3.192E-2
42.875,-0.121,-3.103E-2
42.892,-0.120,-3.105E-2
42.909,-0.120,-3.116E-2
42.926,-0.120,-3.069E-2
42.943,-0.121,-2.969E-2
42.960,-0.122,-2.882E-2
42.977,-0.123,-2.867E-2
42.994,-0.123,-2.860E-2
43.011,-0.124,-2.867E-2
43.028,-0.123,-2.880E-2
43.045,-0.122,-2.919E-2
43.062,-0.121,-2.921E-2
43.079,-0.122,-2.880E-2
43.096,-0.121,-2.823E-2
43.113,-0.122,-2.742E-2
43.130,-0.123,-2.661E-2
43.147,-0.124,-2.657E-2
43.164,-0.123,-2.685E-2
43.181,-0.124,-2.746E-2
43.198,-0.125,-2.782E-2
43.215,-0.126,-2.835E-2
43.232,-0.126,-2.917E-2
