,mass A,,
t,x,y,
0.000,-0.117,-3.485E-2
0.017,-0.117,-3.474E-2
0.033,-0.116,-3.482E-2
0.050,-0.116,-3.493E-2
0.067,-0.116,-3.483E-2
0.083,-0.116,-3.486E-2
0.100,-0.116,-3.489E-2
0.117,-0.116,-3.487E-2
0.133,-0.116,-3.468E-2
0.150,-0.116,-3.456E-2
0.167,-0.116,-3.454E-2
0.183,-0.116,-3.435E-2
0.200,-0.117,-3.412E-2
0.217,-0.118,-3.405E-2
0.233,-0.118,-3.457E-2
0.250,-0.119,-3.537E-2
0.267,-0.120,-3.641E-2
0.284,-0.120,-3.767E-2
0.300,-0.120,-3.917E-2
0.317,-0.120,-4.044E-2
0.334,-0.120,-4.201E-2
0.350,-0.120,-4.323E-2
0.367,-0.120,-4.514E-2
0.384,-0.120,-4.649E-2
0.400,-0.120,-4.764E-2
0.417,-0.120,-4.788E-2
0.434,-0.120,-4.769E-2
0.450,-0.121,-4.708E-2
0.467,-0.121,-4.643E-2
0.484,-0.121,-4.553E-2
0.500,-0.121,-4.504E-2
0.517,-0.121,-4.471E-2
0.534,-0.120,-4.468E-2
0.550,-0.120,-4.482E-2
0.567,-0.119,-4.565E-2
0.584,-0.118,-4.620E-2
0.600,-0.119,-4.650E-2
0.617,-0.119,-4.576E-2
0.634,-0.120,-4.473E-2
0.650,-0.120,-4.350E-2
0.667,-0.121,-4.261E-2
0.684,-0.121,-4.194E-2
0.700,-0.121,-4.177E-2
0.717,-0.121,-4.164E-2
0.734,-0.121,-4.109E-2
0.751,-0.121,-4.068E-2
0.767,-0.121,-4.026E-2
0.784,-0.121,-4.012E-2
0.801,-0.122,-3.975E-2
0.817,-0.122,-3.958E-2
0.834,-0.122,-3.937E-2
0.851,-0.122,-3.927E-2
0.867,-0.121,-3.922E-2
0.884,-0.121,-3.934E-2
0.901,-0.120,-3.963E-2
0.917,-0.119,-4.044E-2
0.934,-0.119,-4.127E-2
0.951,-0.119,-4.203E-2
0.967,-0.119,-4.256E-2
0.984,-0.119,-4.293E-2
1.001,-0.120,-4.294E-2
1.017,-0.120,-4.318E-2
1.034,-0.120,-4.345E-2
1.051,-0.119,-4.394E-2
1.067,-0.119,-4.448E-2
1.084,-0.119,-4.477E-2
1.101,-0.119,-4.476E-2
1.117,-0.119,-4.494E-2
1.134,-0.119,-4.457E-2
1.151,-0.120,-4.396E-2
1.167,-0.120,-4.371E-2
1.184,-0.121,-4.363E-2
1.201,-0.121,-4.352E-2
1.218,-0.121,-4.365E-2
1.234,-0.121,-4.398E-2
1.251,-0.121,-4.461E-2
1.268,-0.121,-4.522E-2
1.284,-0.122,-4.577E-2
1.301,-0.122,-4.602E-2
1.318,-0.123,-4.616E-2
1.334,-0.124,-4.619E-2
1.351,-0.124,-4.634E-2
1.368,-0.125,-4.683E-2
1.384,-0.124,-4.798E-2
1.401,-0.123,-4.929E-2
1.418,-0.122,-5.073E-2
1.434,-0.121,-5.227E-2
1.451,-0.120,-5.327E-2
1.468,-0.119,-5.433E-2
1.484,-0.119,-5.475E-2
1.501,-0.118,-5.514E-2
1.518,-0.118,-5.470E-2
1.534,-0.118,-5.394E-2
1.551,-0.118,-5.280E-2
1.568,-0.118,-5.182E-2
1.584,-0.118,-5.075E-2
1.601,-0.118,-4.971E-2
1.618,-0.119,-4.864E-2
1.634,-0.119,-4.792E-2
1.651,-0.120,-4.673E-2
1.668,-0.120,-4.586E-2
1.685,-0.121,-4.492E-2
1.701,-0.121,-4.410E-2
1.718,-0.122,-4.342E-2
1.735,-0.123,-4.300E-2
1.751,-0.123,-4.239E-2
1.768,-0.123,-4.191E-2
1.785,-0.123,-4.176E-2
1.801,-0.122,-4.117E-2
1.818,-0.122,-4.049E-2
1.835,-0.122,-4.006E-2
1.851,-0.121,-3.944E-2
1.868,-0.121,-3.888E-2
1.885,-0.121,-3.834E-2
1.901,-0.120,-3.768E-2
1.918,-0.120,-3.735E-2
1.935,-0.120,-3.702E-2
1.951,-0.120,-3.640E-2
1.968,-0.119,-3.600E-2
1.985,-0.119,-3.608E-2
2.001,-0.118,-3.636E-2
2.018,-0.118,-3.728E-2
2.035,-0.117,-3.820E-2
2.051,-0.117,-3.850E-2
2.068,-0.117,-3.819E-2
2.085,-0.118,-3.752E-2
2.101,-0.118,-3.675E-2
2.118,-0.119,-3.600E-2
2.135,-0.120,-3.560E-2
2.152,-0.121,-3.554E-2
2.168,-0.122,-3.560E-2
2.185,-0.122,-3.647E-2
2.202,-0.122,-3.749E-2
2.218,-0.121,-3.900E-2
2.235,-0.120,-4.051E-2
2.252,-0.119,-4.225E-2
2.268,-0.118,-4.358E-2
2.285,-0.118,-4.468E-2
2.302,-0.118,-4.491E-2
2.318,-0.118,-4.475E-2
2.335,-0.119,-4.466E-2
2.352,-0.119,-4.446E-2
2.368,-0.120,-4.428E-2
2.385,-0.120,-4.466E-2
2.402,-0.120,-4.520E-2
2.418,-0.120,-4.621E-2
2.435,-0.120,-4.719E-2
2.452,-0.120,-4.839E-2
2.468,-0.120,-4.937E-2
2.485,-0.120,-5.056E-2
2.502,-0.119,-5.160E-2
2.518,-0.119,-5.276E-2
2.535,-0.119,-5.376E-2
2.552,-0.120,-5.453E-2
2.568,-0.120,-5.519E-2
2.585,-0.119,-5.568E-2
2.602,-0.119,-5.623E-2
2.619,-0.118,-5.700E-2
2.635,-0.118,-5.748E-2
2.652,-0.118,-5.752E-2
2.669,-0.118,-5.689E-2
2.685,-0.118,-5.479E-2
2.702,-0.119,-5.362E-2
2.719,-0.119,-5.280E-2
2.735,-0.120,-5.218E-2
2.752,-0.120,-5.181E-2
2.769,-0.120,-5.189E-2
2.785,-0.119,-5.217E-2
2.802,-0.118,-5.284E-2
2.819,-0.117,-5.330E-2
2.835,-0.117,-5.396E-2
2.852,-0.116,-5.384E-2
2.869,-0.116,-5.333E-2
2.885,-0.116,-5.252E-2
2.902,-0.116,-5.156E-2
2.919,-0.116,-5.081E-2
2.935,-0.116,-4.980E-2
2.952,-0.117,-4.868E-2
2.969,-0.117,-4.792E-2
2.985,-0.117,-4.707E-2
3.002,-0.117,-4.613E-2
3.019,-0.117,-4.524E-2
3.035,-0.117,-4.463E-2
3.052,-0.118,-4.440E-2
3.069,-0.118,-4.417E-2
3.086,-0.118,-4.389E-2
3.102,-0.118,-4.368E-2
3.119,-0.118,-4.355E-2
3.136,-0.119,-4.338E-2
3.152,-0.119,-4.312E-2
3.169,-0.119,-4.326E-2
3.186,-0.119,-4.341E-2
3.202,-0.119,-4.361E-2
3.219,-0.119,-4.385E-2
3.236,-0.118,-4.403E-2
3.252,-0.118,-4.423E-2
3.269,-0.118,-4.469E-2
3.286,-0.118,-4.529E-2
3.302,-0.118,-4.564E-2
3.319,-0.118,-4.579E-2
3.336,-0.118,-4.615E-2
3.352,-0.118,-4.673E-2
3.369,-0.117,-4.753E-2
3.386,-0.117,-4.858E-2
3.402,-0.117,-4.914E-2
3.419,-0.117,-4.949E-2
3.436,-0.117,-5.026E-2
3.452,-0.117,-5.160E-2
3.469,-0.117,-5.314E-2
3.486,-0.117,-5.452E-2
3.502,-0.117,-5.567E-2
3.519,-0.117,-5.632E-2
3.536,-0.118,-5.683E-2
3.553,-0.118,-5.668E-2
3.569,-0.119,-5.649E-2
3.586,-0.120,-5.634E-2
3.603,-0.120,-5.704E-2
3.619,-0.119,-5.831E-2
3.636,-0.118,-6.005E-2
3.653,-0.118,-6.111E-2
3.669,-0.118,-6.112E-2
3.686,-0.117,-6.021E-2
3.703,-0.117,-5.906E-2
3.719,-0.117,-5.762E-2
3.736,-0.118,-5.641E-2
3.753,-0.118,-5.579E-2
3.769,-0.118,-5.534E-2
3.786,-0.118,-5.457E-2
3.803,-0.118,-5.354E-2
3.819,-0.118,-5.297E-2
3.836,-0.119,-5.250E-2
3.853,-0.119,-5.237E-2
3.869,-0.119,-5.218E-2
3.886,-0.119,-5.160E-2
3.903,-0.119,-5.093E-2
3.919,-0.119,-5.023E-2
3.936,-0.119,-4.973E-2
3.953,-0.119,-4.911E-2
3.969,-0.119,-4.889E-2
3.986,-0.118,-4.865E-2
4.003,-0.118,-4.847E-2
4.020,-0.117,-4.834E-2
4.036,-0.117,-4.856E-2
4.053,-0.117,-4.852E-2
4.070,-0.117,-4.859E-2
4.086,-0.117,-4.848E-2
4.103,-0.118,-4.798E-2
4.120,-0.118,-4.743E-2
4.136,-0.119,-4.752E-2
4.153,-0.119,-4.778E-2
4.170,-0.119,-4.843E-2
4.186,-0.118,-4.935E-2
4.203,-0.119,-5.012E-2
4.220,-0.119,-5.057E-2
4.236,-0.119,-5.071E-2
4.253,-0.120,-5.093E-2
4.270,-0.120,-5.073E-2
4.286,-0.120,-5.035E-2
4.303,-0.121,-4.991E-2
4.320,-0.121,-4.975E-2
4.336,-0.120,-5.009E-2
4.353,-0.120,-5.058E-2
4.370,-0.119,-5.121E-2
4.386,-0.118,-5.180E-2
4.403,-0.117,-5.237E-2
4.420,-0.116,-5.290E-2
4.436,-0.115,-5.285E-2
4.453,-0.115,-5.202E-2
4.470,-0.115,-5.081E-2
4.487,-0.116,-4.945E-2
4.503,-0.116,-4.771E-2
4.520,-0.116,-4.578E-2
4.537,-0.116,-4.378E-2
4.553,-0.117,-4.188E-2
4.570,-0.117,-3.964E-2
4.587,-0.118,-3.806E-2
4.603,-0.118,-3.614E-2
4.620,-0.119,-3.448E-2
4.637,-0.119,-3.303E-2
4.653,-0.118,-3.190E-2
4.670,-0.118,-3.102E-2
4.687,-0.117,-3.070E-2
4.703,-0.116,-3.059E-2
4.720,-0.116,-3.077E-2
4.737,-0.116,-3.099E-2
4.753,-0.116,-3.155E-2
4.770,-0.116,-3.176E-2
4.787,-0.117,-3.220E-2
4.803,-0.117,-3.278E-2
4.820,-0.117,-3.381E-2
4.837,-0.118,-3.528E-2
4.853,-0.118,-3.613E-2
4.870,-0.119,-3.587E-2
4.887,-0.120,-3.564E-2
4.903,-0.120,-3.561E-2
4.920,-0.120,-3.574E-2
4.937,-0.120,-3.616E-2
4.954,-0.120,-3.710E-2
4.970,-0.121,-3.828E-2
4.987,-0.121,-3.945E-2
5.004,-0.121,-4.083E-2
5.020,-0.121,-4.242E-2
5.037,-0.121,-4.435E-2
5.054,-0.121,-4.653E-2
5.070,-0.121,-4.863E-2
5.087,-0.121,-5.057E-2
5.104,-0.121,-5.170E-2
5.120,-0.121,-5.189E-2
5.137,-0.121,-5.120E-2
5.154,-0.121,-5.038E-2
5.170,-0.121,-4.930E-2
5.187,-0.120,-4.755E-2
5.204,-0.120,-4.552E-2
5.220,-0.120,-4.355E-2
5.237,-0.119,-4.225E-2
5.254,-0.119,-4.094E-2
5.270,-0.119,-3.981E-2
5.287,-0.118,-3.874E-2
5.304,-0.118,-3.810E-2
5.320,-0.118,-3.717E-2
5.337,-0.118,-3.624E-2
5.354,-0.118,-3.527E-2
5.370,-0.118,-3.483E-2
5.387,-0.117,-3.496E-2
5.404,-0.117,-3.535E-2
5.421,-0.117,-3.589E-2
5.437,-0.117,-3.619E-2
5.454,-0.117,-3.637E-2
5.471,-0.117,-3.664E-2
5.487,-0.117,-3.703E-2
5.504,-0.117,-3.756E-2
5.521,-0.117,-3.798E-2
5.537,-0.118,-3.835E-2
5.554,-0.118,-3.868E-2
5.571,-0.118,-3.926E-2
5.587,-0.118,-3.986E-2
5.604,-0.118,-4.071E-2
5.621,-0.118,-4.136E-2
5.637,-0.117,-4.218E-2
5.654,-0.117,-4.284E-2
5.671,-0.116,-4.331E-2
5.687,-0.116,-4.360E-2
5.704,-0.116,-4.422E-2
5.721,-0.116,-4.474E-2
5.737,-0.116,-4.565E-2
5.754,-0.116,-4.652E-2
5.771,-0.116,-4.750E-2
5.787,-0.116,-4.821E-2
5.804,-0.116,-4.821E-2
5.821,-0.116,-4.781E-2
5.837,-0.117,-4.705E-2
5.854,-0.117,-4.627E-2
5.871,-0.117,-4.595E-2
5.888,-0.117,-4.600E-2
5.904,-0.117,-4.689E-2
5.921,-0.117,-4.780E-2
5.938,-0.118,-4.850E-2
5.954,-0.118,-4.882E-2
5.971,-0.119,-4.934E-2
5.988,-0.118,-4.989E-2
6.004,-0.118,-5.077E-2
6.021,-0.118,-5.169E-2
6.038,-0.117,-5.278E-2
6.054,-0.116,-5.394E-2
6.071,-0.116,-5.491E-2
6.088,-0.115,-5.486E-2
6.104,-0.115,-5.455E-2
6.121,-0.115,-5.395E-2
6.138,-0.115,-5.342E-2
6.154,-0.115,-5.278E-2
6.171,-0.116,-5.233E-2
6.188,-0.116,-5.219E-2
6.204,-0.116,-5.202E-2
6.221,-0.116,-5.226E-2
6.238,-0.116,-5.297E-2
6.254,-0.115,-5.403E-2
6.271,-0.115,-5.559E-2
6.288,-0.114,-5.747E-2
6.304,-0.114,-5.938E-2
6.321,-0.114,-5.940E-2
6.338,-0.115,-5.782E-2
6.355,-0.116,-5.595E-2
6.371,-0.117,-5.407E-2
6.388,-0.117,-5.257E-2
6.405,-0.118,-5.134E-2
6.421,-0.118,-5.030E-2
6.438,-0.118,-4.955E-2
6.455,-0.118,-4.866E-2
6.471,-0.119,-4.767E-2
6.488,-0.119,-4.671E-2
6.505,-0.119,-4.613E-2
6.521,-0.119,-4.561E-2
6.538,-0.119,-4.515E-2
6.555,-0.119,-4.503E-2
6.571,-0.118,-4.453E-2
6.588,-0.117,-4.466E-2
6.605,-0.116,-4.499E-2
6.621,-0.116,-4.531E-2
6.638,-0.116,-4.475E-2
6.655,-0.116,-4.414E-2
6.671,-0.116,-4.289E-2
6.688,-0.116,-4.210E-2
6.705,-0.116,-4.099E-2
6.721,-0.116,-4.000E-2
6.738,-0.116,-3.885E-2
6.755,-0.117,-3.771E-2
6.771,-0.117,-3.633E-2
6.788,-0.118,-3.516E-2
6.805,-0.118,-3.424E-2
6.822,-0.118,-3.383E-2
6.838,-0.118,-3.373E-2
6.855,-0.118,-3.389E-2
6.872,-0.119,-3.414E-2
6.888,-0.119,-3.434E-2
6.905,-0.119,-3.425E-2
6.922,-0.119,-3.413E-2
6.938,-0.119,-3.377E-2
6.955,-0.119,-3.355E-2
6.972,-0.119,-3.321E-2
6.988,-0.119,-3.310E-2
7.005,-0.118,-3.337E-2
7.022,-0.118,-3.392E-2
7.038,-0.118,-3.387E-2
7.055,-0.118,-3.351E-2
7.072,-0.119,-3.270E-2
7.088,-0.119,-3.201E-2
7.105,-0.119,-3.189E-2
7.122,-0.119,-3.227E-2
7.138,-0.119,-3.316E-2
7.155,-0.119,-3.469E-2
7.172,-0.118,-3.596E-2
7.188,-0.118,-3.711E-2
7.205,-0.118,-3.795E-2
7.222,-0.118,-3.918E-2
7.238,-0.118,-4.019E-2
7.255,-0.118,-4.100E-2
7.272,-0.118,-4.156E-2
7.289,-0.118,-4.230E-2
7.305,-0.118,-4.310E-2
7.322,-0.119,-4.394E-2
7.339,-0.119,-4.385E-2
7.355,-0.119,-4.372E-2
7.372,-0.120,-4.342E-2
7.389,-0.120,-4.344E-2
7.405,-0.120,-4.342E-2
7.422,-0.120,-4.399E-2
7.439,-0.119,-4.445E-2
7.455,-0.119,-4.524E-2
7.472,-0.118,-4.578E-2
7.489,-0.118,-4.579E-2
7.505,-0.119,-4.491E-2
7.522,-0.119,-4.447E-2
7.539,-0.120,-4.382E-2
7.555,-0.121,-4.330E-2
7.572,-0.121,-4.274E-2
7.589,-0.121,-4.250E-2
7.605,-0.121,-4.196E-2
7.622,-0.121,-4.140E-2
7.639,-0.122,-4.063E-2
7.655,-0.121,-4.014E-2
7.672,-0.121,-4.000E-2
7.689,-0.120,-4.032E-2
7.705,-0.120,-4.059E-2
7.722,-0.120,-4.070E-2
7.739,-0.119,-4.069E-2
7.756,-0.120,-4.073E-2
7.772,-0.120,-4.040E-2
7.789,-0.120,-4.032E-2
7.806,-0.120,-4.013E-2
7.822,-0.121,-4.006E-2
7.839,-0.120,-4.048E-2
7.856,-0.120,-4.132E-2
7.872,-0.120,-4.246E-2
7.889,-0.119,-4.321E-2
7.906,-0.119,-4.345E-2
7.922,-0.119,-4.360E-2
7.939,-0.119,-4.351E-2
7.956,-0.119,-4.337E-2
7.972,-0.119,-4.278E-2
7.989,-0.119,-4.229E-2
8.006,-0.118,-4.219E-2
8.022,-0.118,-4.230E-2
8.039,-0.118,-4.272E-2
8.056,-0.118,-4.346E-2
8.072,-0.118,-4.444E-2
8.089,-0.118,-4.545E-2
8.106,-0.118,-4.699E-2
8.122,-0.117,-4.882E-2
8.139,-0.117,-5.040E-2
8.156,-0.117,-5.163E-2
8.172,-0.118,-5.179E-2
8.189,-0.118,-5.107E-2
8.206,-0.119,-5.015E-2
8.223,-0.120,-4.905E-2
8.239,-0.121,-4.809E-2
8.256,-0.122,-4.746E-2
8.273,-0.123,-4.762E-2
8.289,-0.123,-4.842E-2
8.306,-0.123,-4.914E-2
8.323,-0.123,-5.001E-2
8.339,-0.122,-5.113E-2
8.356,-0.122,-5.239E-2
8.373,-0.121,-5.359E-2
8.389,-0.121,-5.423E-2
8.406,-0.121,-5.383E-2
8.423,-0.121,-5.221E-2
8.439,-0.122,-4.992E-2
8.456,-0.123,-4.779E-2
8.473,-0.124,-4.583E-2
8.489,-0.125,-4.407E-2
8.506,-0.126,-4.261E-2
8.523,-0.126,-4.161E-2
8.539,-0.126,-4.119E-2
8.556,-0.126,-4.109E-2
8.573,-0.126,-4.120E-2
8.589,-0.125,-4.164E-2
8.606,-0.124,-4.207E-2
8.623,-0.124,-4.310E-2
8.639,-0.122,-4.410E-2
8.656,-0.121,-4.525E-2
8.673,-0.119,-4.625E-2
8.690,-0.117,-4.748E-2
8.706,-0.116,-4.863E-2
8.723,-0.116,-4.947E-2
8.740,-0.115,-4.994E-2
8.756,-0.116,-5.006E-2
8.773,-0.116,-4.985E-2
8.790,-0.116,-4.979E-2
8.806,-0.116,-5.010E-2
8.823,-0.116,-5.050E-2
8.840,-0.116,-5.076E-2
8.856,-0.116,-5.118E-2
8.873,-0.117,-5.130E-2
8.890,-0.117,-5.129E-2
8.906,-0.116,-5.139E-2
8.923,-0.116,-5.136E-2
8.940,-0.116,-5.156E-2
8.956,-0.116,-5.154E-2
8.973,-0.116,-5.062E-2
8.990,-0.117,-4.919E-2
9.006,-0.117,-4.780E-2
9.023,-0.117,-4.648E-2
9.040,-0.118,-4.536E-2
9.056,-0.118,-4.479E-2
9.073,-0.118,-4.431E-2
9.090,-0.117,-4.409E-2
9.106,-0.117,-4.408E-2
9.123,-0.117,-4.399E-2
9.140,-0.116,-4.412E-2
9.157,-0.116,-4.449E-2
9.173,-0.117,-4.466E-2
9.190,-0.117,-4.470E-2
9.207,-0.117,-4.477E-2
9.223,-0.117,-4.469E-2
9.240,-0.117,-4.487E-2
9.257,-0.117,-4.552E-2
9.273,-0.117,-4.602E-2
9.290,-0.117,-4.649E-2
9.307,-0.117,-4.672E-2
9.323,-0.117,-4.685E-2
9.340,-0.117,-4.730E-2
9.357,-0.116,-4.801E-2
9.373,-0.116,-4.900E-2
9.390,-0.116,-4.966E-2
9.407,-0.115,-4.970E-2
9.423,-0.116,-4.929E-2
9.440,-0.116,-4.843E-2
9.457,-0.116,-4.752E-2
9.473,-0.116,-4.656E-2
9.490,-0.117,-4.573E-2
9.507,-0.117,-4.522E-2
9.523,-0.117,-4.485E-2
9.540,-0.117,-4.409E-2
9.557,-0.117,-4.379E-2
9.573,-0.117,-4.348E-2
9.590,-0.117,-4.347E-2
9.607,-0.116,-4.338E-2
9.624,-0.116,-4.312E-2
9.640,-0.116,-4.229E-2
9.657,-0.117,-4.125E-2
9.674,-0.117,-4.043E-2
9.690,-0.117,-3.997E-2
9.707,-0.118,-4.014E-2
9.724,-0.118,-4.044E-2
9.740,-0.118,-4.093E-2
9.757,-0.118,-4.166E-2
9.774,-0.118,-4.245E-2
9.790,-0.118,-4.328E-2
9.807,-0.118,-4.395E-2
9.824,-0.118,-4.438E-2
9.840,-0.118,-4.483E-2
9.857,-0.117,-4.551E-2
9.874,-0.117,-4.678E-2
9.890,-0.117,-4.826E-2
9.907,-0.117,-4.943E-2
9.924,-0.118,-5.012E-2
9.940,-0.118,-5.001E-2
9.957,-0.118,-4.978E-2
9.974,-0.119,-4.974E-2
9.990,-0.120,-4.956E-2
10.007,-0.120,-4.982E-2
10.024,-0.121,-5.039E-2
10.040,-0.121,-5.130E-2
10.057,-0.121,-5.219E-2
10.074,-0.121,-5.272E-2
10.091,-0.121,-5.279E-2
10.107,-0.121,-5.265E-2
10.124,-0.121,-5.281E-2
10.141,-0.121,-5.278E-2
10.157,-0.120,-5.262E-2
10.174,-0.119,-5.242E-2
10.191,-0.119,-5.221E-2
10.207,-0.118,-5.196E-2
10.224,-0.118,-5.159E-2
10.241,-0.118,-5.108E-2
10.257,-0.118,-5.037E-2
10.274,-0.117,-4.968E-2
10.291,-0.117,-4.898E-2
10.307,-0.117,-4.841E-2
10.324,-0.116,-4.830E-2
10.341,-0.115,-4.809E-2
10.357,-0.114,-4.801E-2
10.374,-0.113,-4.798E-2
10.391,-0.112,-4.764E-2
10.407,-0.112,-4.703E-2
10.424,-0.112,-4.577E-2
10.441,-0.113,-4.409E-2
10.457,-0.113,-4.233E-2
10.474,-0.114,-4.121E-2
10.491,-0.114,-4.077E-2
10.507,-0.114,-4.090E-2
10.524,-0.113,-4.150E-2
10.541,-0.113,-4.217E-2
10.558,-0.113,-4.297E-2
10.574,-0.114,-4.352E-2
10.591,-0.114,-4.400E-2
10.608,-0.114,-4.473E-2
10.624,-0.114,-4.570E-2
10.641,-0.114,-4.672E-2
10.658,-0.114,-4.717E-2
10.674,-0.115,-4.690E-2
10.691,-0.115,-4.675E-2
10.708,-0.116,-4.642E-2
10.724,-0.117,-4.665E-2
10.741,-0.117,-4.653E-2
10.758,-0.117,-4.658E-2
10.774,-0.116,-4.631E-2
10.791,-0.116,-4.622E-2
10.808,-0.116,-4.614E-2
10.824,-0.116,-4.630E-2
10.841,-0.116,-4.621E-2
10.858,-0.116,-4.613E-2
10.874,-0.116,-4.623E-2
10.891,-0.115,-4.677E-2
10.908,-0.115,-4.759E-2
10.924,-0.114,-4.848E-2
10.941,-0.114,-4.900E-2
10.958,-0.114,-4.919E-2
10.974,-0.114,-4.892E-2
10.991,-0.115,-4.841E-2
11.008,-0.115,-4.747E-2
11.025,-0.116,-4.659E-2
11.041,-0.116,-4.588E-2
11.058,-0.117,-4.548E-2
11.075,-0.117,-4.564E-2
11.091,-0.118,-4.551E-2
11.108,-0.118,-4.551E-2
11.125,-0.119,-4.462E-2
11.141,-0.119,-4.360E-2
11.158,-0.119,-4.242E-2
11.175,-0.119,-4.191E-2
11.191,-0.119,-4.146E-2
11.208,-0.119,-4.178E-2
11.225,-0.118,-4.269E-2
11.241,-0.118,-4.383E-2
11.258,-0.117,-4.483E-2
11.275,-0.116,-4.603E-2
11.291,-0.115,-4.700E-2
11.308,-0.114,-4.823E-2
11.325,-0.113,-4.900E-2
11.341,-0.113,-4.963E-2
11.358,-0.112,-5.004E-2
11.375,-0.112,-5.037E-2
11.391,-0.112,-4.976E-2
11.408,-0.113,-4.891E-2
11.425,-0.113,-4.810E-2
11.441,-0.114,-4.732E-2
11.458,-0.114,-4.661E-2
11.475,-0.114,-4.628E-2
11.492,-0.114,-4.582E-2
11.508,-0.114,-4.562E-2
11.525,-0.114,-4.502E-2
11.542,-0.114,-4.441E-2
11.558,-0.114,-4.371E-2
11.575,-0.114,-4.338E-2
11.592,-0.114,-4.291E-2
11.608,-0.115,-4.222E-2
11.625,-0.115,-4.170E-2
11.642,-0.115,-4.126E-2
11.658,-0.115,-4.106E-2
11.675,-0.116,-4.089E-2
11.692,-0.116,-4.093E-2
11.708,-0.116,-4.068E-2
11.725,-0.116,-4.071E-2
11.742,-0.116,-4.091E-2
11.758,-0.116,-4.114E-2
11.775,-0.117,-4.129E-2
11.792,-0.117,-4.147E-2
11.808,-0.117,-4.149E-2
11.825,-0.118,-4.145E-2
11.842,-0.119,-4.151E-2
11.858,-0.119,-4.164E-2
11.875,-0.119,-4.228E-2
11.892,-0.119,-4.292E-2
11.908,-0.120,-4.352E-2
11.925,-0.120,-4.379E-2
11.942,-0.120,-4.446E-2
11.959,-0.120,-4.505E-2
11.975,-0.120,-4.569E-2
11.992,-0.119,-4.632E-2
12.009,-0.118,-4.734E-2
12.025,-0.116,-4.826E-2
12.042,-0.116,-4.885E-2
12.059,-0.115,-4.924E-2
12.075,-0.115,-4.950E-2
12.092,-0.115,-4.971E-2
12.109,-0.115,-4.994E-2
12.125,-0.115,-5.037E-2
12.142,-0.115,-5.096E-2
12.159,-0.114,-5.126E-2
12.175,-0.114,-5.166E-2
12.192,-0.114,-5.157E-2
12.209,-0.114,-5.123E-2
12.225,-0.114,-5.038E-2
12.242,-0.114,-4.928E-2
12.259,-0.113,-4.764E-2
12.275,-0.114,-4.550E-2
12.292,-0.115,-4.312E-2
12.309,-0.116,-4.080E-2
12.325,-0.117,-3.872E-2
12.342,-0.117,-3.713E-2
12.359,-0.117,-3.557E-2
12.375,-0.116,-3.407E-2
12.392,-0.116,-3.234E-2
12.409,-0.116,-3.058E-2
12.426,-0.116,-2.889E-2
12.442,-0.116,-2.739E-2
12.459,-0.116,-2.585E-2
12.476,-0.117,-2.434E-2
12.492,-0.117,-2.279E-2
12.509,-0.118,-2.058E-2
12.526,-0.118,-1.992E-2
12.542,-0.119,-1.927E-2
12.559,-0.119,-1.873E-2
12.576,-0.120,-1.799E-2
12.592,-0.120,-1.763E-2
12.609,-0.120,-1.754E-2
12.626,-0.121,-1.771E-2
12.642,-0.121,-1.813E-2
12.659,-0.121,-1.862E-2
12.676,-0.121,-1.933E-2
12.692,-0.121,-1.992E-2
12.709,-0.121,-2.160E-2
12.726,-0.121,-2.289E-2
12.742,-0.121,-2.415E-2
12.759,-0.121,-2.552E-2
12.776,-0.121,-2.679E-2
12.792,-0.121,-2.803E-2
12.809,-0.121,-2.923E-2
12.826,-0.122,-2.976E-2
12.842,-0.123,-3.025E-2
12.859,-0.124,-3.113E-2
12.876,-0.124,-3.243E-2
12.893,-0.124,-3.373E-2
12.909,-0.124,-3.480E-2
12.926,-0.124,-3.591E-2
12.943,-0.123,-3.754E-2
12.959,-0.121,-3.931E-2
12.976,-0.120,-4.069E-2
12.993,-0.120,-4.263E-2
13.009,-0.119,-4.406E-2
13.026,-0.119,-4.549E-2
13.043,-0.120,-4.606E-2
13.059,-0.120,-4.667E-2
13.076,-0.120,-4.644E-2
13.093,-0.120,-4.572E-2
13.109,-0.121,-4.452E-2
13.126,-0.121,-4.348E-2
13.143,-0.121,-4.272E-2
13.159,-0.121,-4.248E-2
13.176,-0.121,-4.234E-2
13.193,-0.122,-4.224E-2
13.209,-0.122,-4.218E-2
13.226,-0.122,-4.261E-2
13.243,-0.121,-4.300E-2
13.259,-0.121,-4.353E-2
13.276,-0.121,-4.378E-2
13.293,-0.120,-4.418E-2
13.309,-0.120,-4.436E-2
13.326,-0.120,-4.393E-2
13.343,-0.121,-4.329E-2
13.360,-0.121,-4.269E-2
13.376,-0.121,-4.230E-2
13.393,-0.121,-4.244E-2
13.410,-0.121,-4.286E-2
13.426,-0.121,-4.323E-2
13.443,-0.121,-4.368E-2
13.460,-0.121,-4.401E-2
13.476,-0.121,-4.436E-2
13.493,-0.121,-4.460E-2
13.510,-0.120,-4.510E-2
13.526,-0.120,-4.561E-2
13.543,-0.119,-4.654E-2
13.560,-0.119,-4.761E-2
13.576,-0.118,-4.851E-2
13.593,-0.118,-4.898E-2
13.610,-0.118,-4.927E-2
13.626,-0.118,-4.959E-2
13.643,-0.118,-4.979E-2
13.660,-0.117,-5.025E-2
13.676,-0.117,-5.059E-2
13.693,-0.117,-5.103E-2
13.710,-0.116,-5.155E-2
13.726,-0.116,-5.239E-2
13.743,-0.116,-5.337E-2
13.760,-0.116,-5.443E-2
13.776,-0.116,-5.502E-2
13.793,-0.116,-5.510E-2
13.810,-0.116,-5.507E-2
13.827,-0.116,-5.469E-2
13.843,-0.117,-5.427E-2
13.860,-0.117,-5.380E-2
13.877,-0.117,-5.307E-2
13.893,-0.118,-5.226E-2
13.910,-0.118,-5.164E-2
13.927,-0.119,-5.092E-2
13.943,-0.119,-5.022E-2
13.960,-0.120,-4.929E-2
13.977,-0.120,-4.844E-2
13.993,-0.121,-4.799E-2
14.010,-0.121,-4.808E-2
14.027,-0.120,-4.864E-2
14.043,-0.119,-4.909E-2
14.060,-0.119,-4.925E-2
14.077,-0.118,-4.923E-2
14.093,-0.118,-4.921E-2
14.110,-0.119,-4.942E-2
14.127,-0.119,-4.949E-2
14.143,-0.119,-4.940E-2
14.160,-0.119,-4.925E-2
14.177,-0.119,-4.918E-2
14.193,-0.119,-4.891E-2
14.210,-0.118,-4.891E-2
14.227,-0.118,-4.899E-2
14.243,-0.117,-4.936E-2
14.260,-0.117,-4.928E-2
14.277,-0.117,-4.922E-2
14.294,-0.117,-4.831E-2
14.310,-0.118,-4.775E-2
14.327,-0.118,-4.714E-2
14.344,-0.118,-4.704E-2
14.360,-0.118,-4.660E-2
14.377,-0.118,-4.608E-2
14.394,-0.118,-4.515E-2
14.410,-0.118,-4.446E-2
14.427,-0.118,-4.393E-2
14.444,-0.118,-4.385E-2
14.460,-0.118,-4.407E-2
14.477,-0.118,-4.433E-2
14.494,-0.118,-4.456E-2
14.510,-0.118,-4.491E-2
14.527,-0.118,-4.499E-2
14.544,-0.118,-4.499E-2
14.560,-0.118,-4.491E-2
14.577,-0.118,-4.454E-2
14.594,-0.118,-4.390E-2
14.610,-0.118,-4.346E-2
14.627,-0.118,-4.313E-2
14.644,-0.118,-4.279E-2
14.660,-0.118,-4.264E-2
14.677,-0.117,-4.272E-2
14.694,-0.116,-4.293E-2
14.710,-0.116,-4.320E-2
14.727,-0.115,-4.355E-2
14.744,-0.114,-4.374E-2
14.761,-0.114,-4.427E-2
14.777,-0.114,-4.511E-2
14.794,-0.113,-4.599E-2
14.811,-0.114,-4.657E-2
14.827,-0.114,-4.636E-2
14.844,-0.115,-4.577E-2
14.861,-0.116,-4.472E-2
14.877,-0.116,-4.378E-2
14.894,-0.116,-4.301E-2
14.911,-0.117,-4.295E-2
14.927,-0.117,-4.307E-2
14.944,-0.117,-4.378E-2
14.961,-0.116,-4.463E-2
14.977,-0.116,-4.521E-2
14.994,-0.117,-4.517E-2
15.011,-0.117,-4.462E-2
15.027,-0.118,-4.387E-2
15.044,-0.118,-4.290E-2
15.061,-0.118,-4.175E-2
15.077,-0.118,-4.091E-2
15.094,-0.119,-4.010E-2
15.111,-0.119,-3.959E-2
15.127,-0.118,-3.934E-2
15.144,-0.118,-3.921E-2
15.161,-0.118,-3.873E-2
15.177,-0.118,-3.835E-2
15.194,-0.118,-3.791E-2
15.211,-0.118,-3.769E-2
15.228,-0.118,-3.747E-2
15.244,-0.117,-3.662E-2
15.261,-0.117,-3.534E-2
15.278,-0.117,-3.361E-2
15.294,-0.118,-3.148E-2
15.311,-0.119,-2.987E-2
15.328,-0.120,-2.890E-2
15.344,-0.122,-2.830E-2
15.361,-0.123,-2.752E-2
15.378,-0.124,-2.680E-2
15.394,-0.125,-2.677E-2
15.411,-0.125,-2.703E-2
15.428,-0.124,-2.769E-2
15.444,-0.122,-2.840E-2
15.461,-0.121,-2.925E-2
15.478,-0.120,-3.024E-2
15.494,-0.119,-3.098E-2
15.511,-0.118,-3.141E-2
15.528,-0.118,-3.187E-2
15.544,-0.119,-3.144E-2
15.561,-0.120,-3.053E-2
15.578,-0.121,-2.979E-2
15.594,-0.122,-2.971E-2
15.611,-0.122,-2.971E-2
15.628,-0.123,-3.028E-2
15.644,-0.123,-3.121E-2
15.661,-0.123,-3.287E-2
15.678,-0.123,-3.505E-2
15.695,-0.123,-3.763E-2
15.711,-0.122,-4.055E-2
15.728,-0.122,-4.365E-2
15.745,-0.122,-4.605E-2
15.761,-0.122,-4.798E-2
15.778,-0.122,-4.870E-2
15.795,-0.123,-4.850E-2
15.811,-0.123,-4.804E-2
15.828,-0.124,-4.819E-2
15.845,-0.123,-4.939E-2
15.861,-0.122,-5.066E-2
15.878,-0.122,-5.174E-2
15.895,-0.122,-5.216E-2
15.911,-0.122,-5.278E-2
15.928,-0.121,-5.312E-2
15.945,-0.121,-5.376E-2
15.961,-0.119,-5.430E-2
15.978,-0.118,-5.489E-2
15.995,-0.117,-5.467E-2
16.011,-0.117,-5.377E-2
16.028,-0.116,-5.244E-2
16.045,-0.116,-5.131E-2
16.061,-0.115,-4.970E-2
16.078,-0.115,-4.795E-2
16.095,-0.116,-4.571E-2
16.111,-0.116,-4.374E-2
16.128,-0.117,-4.150E-2
16.145,-0.118,-3.959E-2
16.162,-0.118,-3.810E-2
16.178,-0.118,-3.655E-2
16.195,-0.118,-3.563E-2
16.212,-0.118,-3.464E-2
16.228,-0.117,-3.398E-2
16.245,-0.117,-3.336E-2
16.262,-0.116,-3.324E-2
16.278,-0.115,-3.317E-2
16.295,-0.114,-3.311E-2
16.312,-0.114,-3.263E-2
16.328,-0.114,-3.192E-2
16.345,-0.114,-3.120E-2
16.362,-0.115,-3.042E-2
16.378,-0.115,-2.980E-2
16.395,-0.116,-2.935E-2
16.412,-0.116,-2.874E-2
16.428,-0.117,-2.831E-2
16.445,-0.117,-2.793E-2
16.462,-0.116,-2.783E-2
16.478,-0.116,-2.773E-2
16.495,-0.116,-2.766E-2
16.512,-0.116,-2.742E-2
16.528,-0.116,-2.755E-2
16.545,-0.116,-2.781E-2
16.562,-0.116,-2.852E-2
16.578,-0.116,-2.924E-2
16.595,-0.116,-3.052E-2
16.612,-0.115,-3.192E-2
16.629,-0.114,-3.358E-2
16.645,-0.113,-3.521E-2
16.662,-0.113,-3.717E-2
16.679,-0.112,-3.897E-2
16.695,-0.112,-4.054E-2
16.712,-0.112,-4.115E-2
16.729,-0.113,-4.154E-2
16.745,-0.113,-4.196E-2
16.762,-0.113,-4.225E-2
16.779,-0.113,-4.236E-2
16.795,-0.114,-4.221E-2
16.812,-0.114,-4.211E-2
16.829,-0.114,-4.170E-2
16.845,-0.115,-4.140E-2
16.862,-0.115,-4.112E-2
16.879,-0.115,-4.105E-2
16.895,-0.115,-4.105E-2
16.912,-0.115,-4.148E-2
16.929,-0.114,-4.217E-2
16.945,-0.113,-4.317E-2
16.962,-0.113,-4.380E-2
16.979,-0.112,-4.355E-2
16.995,-0.112,-4.242E-2
17.012,-0.112,-4.053E-2
17.029,-0.113,-3.818E-2
17.045,-0.113,-3.575E-2
17.062,-0.113,-3.354E-2
17.079,-0.113,-3.177E-2
17.096,-0.114,-3.015E-2
17.112,-0.114,-2.900E-2
17.129,-0.114,-2.791E-2
17.146,-0.114,-2.743E-2
17.162,-0.114,-2.668E-2
17.179,-0.115,-2.634E-2
17.196,-0.115,-2.625E-2
17.212,-0.114,-2.674E-2
17.229,-0.114,-2.708E-2
17.246,-0.114,-2.746E-2
17.262,-0.115,-2.767E-2
17.279,-0.115,-2.799E-2
17.296,-0.116,-2.846E-2
17.312,-0.116,-2.934E-2
17.329,-0.117,-3.017E-2
17.346,-0.118,-3.119E-2
17.362,-0.118,-3.210E-2
17.379,-0.119,-3.278E-2
17.396,-0.119,-3.390E-2
17.412,-0.119,-3.542E-2
17.429,-0.119,-3.770E-2
17.446,-0.119,-3.989E-2
17.462,-0.119,-4.217E-2
17.479,-0.119,-4.432E-2
17.496,-0.119,-4.661E-2
17.512,-0.119,-4.877E-2
17.529,-0.118,-5.091E-2
17.546,-0.117,-5.260E-2
17.562,-0.116,-5.390E-2
17.579,-0.116,-5.489E-2
17.596,-0.115,-5.527E-2
17.613,-0.114,-5.521E-2
17.629,-0.114,-5.343E-2
17.646,-0.114,-4.979E-2
17.663,-0.115,-4.601E-2
17.679,-0.115,-4.205E-2
17.696,-0.115,-3.878E-2
17.713,-0.116,-3.556E-2
17.729,-0.116,-3.310E-2
17.746,-0.116,-3.054E-2
17.763,-0.116,-2.822E-2
17.779,-0.116,-2.641E-2
17.796,-0.116,-2.518E-2
17.813,-0.116,-2.414E-2
17.829,-0.116,-2.361E-2
17.846,-0.115,-2.334E-2
17.863,-0.115,-2.352E-2
17.879,-0.114,-2.469E-2
17.896,-0.114,-2.558E-2
17.913,-0.113,-2.653E-2
17.929,-0.113,-2.756E-2
17.946,-0.112,-2.924E-2
17.963,-0.112,-3.095E-2
17.979,-0.112,-3.301E-2
17.996,-0.112,-3.492E-2
18.013,-0.112,-3.684E-2
18.029,-0.112,-3.827E-2
18.046,-0.112,-4.018E-2
18.063,-0.113,-4.182E-2
18.080,-0.113,-4.321E-2
18.096,-0.114,-4.399E-2
18.113,-0.115,-4.480E-2
18.130,-0.115,-4.509E-2
18.146,-0.116,-4.545E-2
18.163,-0.116,-4.620E-2
18.180,-0.116,-4.756E-2
18.196,-0.116,-4.953E-2
18.213,-0.117,-5.172E-2
18.230,-0.116,-5.451E-2
18.246,-0.116,-5.723E-2
18.263,-0.116,-5.951E-2
18.280,-0.116,-6.089E-2
18.296,-0.116,-6.125E-2
18.313,-0.116,-6.083E-2
18.330,-0.117,-6.009E-2
18.346,-0.118,-5.937E-2
18.363,-0.119,-5.838E-2
18.380,-0.119,-5.750E-2
18.396,-0.120,-5.643E-2
18.413,-0.120,-5.476E-2
18.430,-0.121,-5.258E-2
18.446,-0.121,-5.007E-2
18.463,-0.121,-4.771E-2
18.480,-0.122,-4.552E-2
18.496,-0.122,-4.419E-2
18.513,-0.123,-4.351E-2
18.530,-0.123,-4.323E-2
18.547,-0.123,-4.332E-2
18.563,-0.123,-4.365E-2
18.580,-0.122,-4.402E-2
18.597,-0.122,-4.440E-2
18.613,-0.122,-4.481E-2
18.630,-0.121,-4.549E-2
18.647,-0.120,-4.606E-2
18.663,-0.120,-4.711E-2
18.680,-0.119,-4.816E-2
18.697,-0.119,-4.923E-2
18.713,-0.118,-4.998E-2
18.730,-0.118,-5.055E-2
18.747,-0.118,-5.065E-2
18.763,-0.118,-5.070E-2
18.780,-0.118,-5.071E-2
18.797,-0.118,-5.074E-2
18.813,-0.119,-5.078E-2
18.830,-0.119,-5.065E-2
18.847,-0.119,-5.050E-2
18.863,-0.119,-5.044E-2
18.880,-0.119,-5.033E-2
18.897,-0.119,-5.037E-2
18.913,-0.119,-5.039E-2
18.930,-0.119,-5.058E-2
18.947,-0.119,-5.072E-2
18.963,-0.118,-5.090E-2
18.980,-0.118,-5.084E-2
18.997,-0.117,-5.080E-2
19.014,-0.117,-5.070E-2
19.030,-0.117,-5.083E-2
19.047,-0.116,-5.106E-2
19.064,-0.116,-5.165E-2
19.080,-0.116,-5.196E-2
19.097,-0.116,-5.206E-2
19.114,-0.116,-5.202E-2
19.130,-0.116,-5.165E-2
19.147,-0.116,-5.112E-2
19.164,-0.116,-5.048E-2
19.180,-0.116,-5.010E-2
19.197,-0.117,-4.966E-2
19.214,-0.117,-4.955E-2
19.230,-0.118,-4.916E-2
19.247,-0.118,-4.839E-2
19.264,-0.119,-4.790E-2
19.280,-0.119,-4.764E-2
19.297,-0.119,-4.744E-2
19.314,-0.119,-4.719E-2
19.330,-0.119,-4.669E-2
19.347,-0.119,-4.648E-2
19.364,-0.119,-4.685E-2
19.380,-0.119,-4.766E-2
19.397,-0.118,-4.810E-2
19.414,-0.118,-4.845E-2
19.430,-0.118,-4.857E-2
19.447,-0.118,-4.852E-2
19.464,-0.118,-4.842E-2
19.481,-0.118,-4.796E-2
19.497,-0.119,-4.692E-2
19.514,-0.119,-4.525E-2
19.531,-0.120,-4.347E-2
19.547,-0.120,-4.205E-2
19.564,-0.121,-4.100E-2
19.581,-0.121,-4.047E-2
19.597,-0.121,-3.986E-2
19.614,-0.122,-3.956E-2
19.631,-0.122,-3.927E-2
19.647,-0.122,-3.921E-2
19.664,-0.122,-3.923E-2
19.681,-0.121,-3.981E-2
19.697,-0.121,-4.042E-2
19.714,-0.121,-4.129E-2
19.731,-0.121,-4.229E-2
19.747,-0.120,-4.327E-2
19.764,-0.119,-4.447E-2
19.781,-0.118,-4.596E-2
19.797,-0.117,-4.719E-2
19.814,-0.117,-4.818E-2
19.831,-0.117,-4.870E-2
19.847,-0.117,-4.850E-2
19.864,-0.118,-4.805E-2
19.881,-0.118,-4.768E-2
19.897,-0.118,-4.737E-2
19.914,-0.118,-4.732E-2
19.931,-0.118,-4.712E-2
19.948,-0.118,-4.705E-2
19.964,-0.117,-4.780E-2
19.981,-0.117,-4.923E-2
19.998,-0.116,-5.058E-2
20.014,-0.116,-5.210E-2
20.031,-0.116,-5.314E-2
20.048,-0.116,-5.373E-2
20.064,-0.116,-5.410E-2
20.081,-0.117,-5.458E-2
20.098,-0.117,-5.446E-2
20.114,-0.118,-5.393E-2
20.131,-0.118,-5.313E-2
20.148,-0.119,-5.210E-2
20.164,-0.120,-5.121E-2
20.181,-0.120,-5.047E-2
20.198,-0.121,-4.984E-2
20.214,-0.121,-4.934E-2
20.231,-0.121,-4.880E-2
20.248,-0.122,-4.827E-2
20.264,-0.122,-4.721E-2
20.281,-0.122,-4.631E-2
20.298,-0.122,-4.508E-2
20.314,-0.122,-4.408E-2
20.331,-0.122,-4.299E-2
20.348,-0.121,-4.216E-2
20.364,-0.121,-4.117E-2
20.381,-0.121,-4.028E-2
20.398,-0.121,-3.954E-2
20.415,-0.121,-3.903E-2
20.431,-0.120,-3.883E-2
20.448,-0.119,-3.940E-2
20.465,-0.117,-4.017E-2
20.481,-0.115,-4.116E-2
20.498,-0.113,-4.224E-2
20.515,-0.111,-4.310E-2
20.531,-0.111,-4.348E-2
20.548,-0.111,-4.272E-2
20.565,-0.111,-4.158E-2
20.581,-0.112,-3.957E-2
20.598,-0.113,-3.765E-2
20.615,-0.114,-3.577E-2
20.631,-0.114,-3.499E-2
20.648,-0.114,-3.449E-2
20.665,-0.114,-3.486E-2
20.681,-0.114,-3.576E-2
20.698,-0.114,-3.698E-2
20.715,-0.114,-3.814E-2
20.731,-0.114,-3.934E-2
20.748,-0.114,-4.058E-2
20.765,-0.114,-4.234E-2
20.781,-0.114,-4.465E-2
20.798,-0.114,-4.683E-2
20.815,-0.114,-4.848E-2
20.831,-0.114,-4.973E-2
20.848,-0.114,-5.065E-2
20.865,-0.114,-5.159E-2
20.882,-0.114,-5.264E-2
20.898,-0.114,-5.358E-2
20.915,-0.114,-5.404E-2
20.932,-0.114,-5.427E-2
20.948,-0.115,-5.460E-2
20.965,-0.115,-5.486E-2
20.982,-0.116,-5.512E-2
20.998,-0.116,-5.527E-2
21.015,-0.116,-5.503E-2
21.032,-0.116,-5.525E-2
21.048,-0.115,-5.531E-2
21.065,-0.114,-5.487E-2
21.082,-0.114,-5.383E-2
21.098,-0.114,-5.232E-2
21.115,-0.113,-5.079E-2
21.132,-0.113,-4.907E-2
21.148,-0.113,-4.781E-2
21.165,-0.113,-4.681E-2
21.182,-0.113,-4.608E-2
21.198,-0.113,-4.526E-2
21.215,-0.114,-4.411E-2
21.232,-0.113,-4.255E-2
21.248,-0.113,-4.167E-2
21.265,-0.113,-4.095E-2
21.282,-0.112,-4.053E-2
21.298,-0.112,-3.986E-2
21.315,-0.112,-3.917E-2
21.332,-0.113,-3.798E-2
21.349,-0.113,-3.717E-2
21.365,-0.114,-3.662E-2
21.382,-0.114,-3.629E-2
21.399,-0.114,-3.636E-2
21.415,-0.115,-3.660E-2
21.432,-0.114,-3.736E-2
21.449,-0.114,-3.792E-2
21.465,-0.114,-3.870E-2
21.482,-0.114,-3.945E-2
21.499,-0.114,-4.004E-2
21.515,-0.115,-4.047E-2
21.532,-0.115,-4.136E-2
21.549,-0.115,-4.258E-2
21.565,-0.114,-4.471E-2
21.582,-0.114,-4.701E-2
21.599,-0.114,-4.916E-2
21.615,-0.114,-5.060E-2
21.632,-0.115,-5.184E-2
21.649,-0.115,-5.243E-2
21.665,-0.115,-5.325E-2
21.682,-0.115,-5.429E-2
21.699,-0.114,-5.571E-2
21.715,-0.113,-5.689E-2
21.732,-0.113,-5.721E-2
21.749,-0.113,-5.664E-2
21.765,-0.113,-5.491E-2
21.782,-0.114,-5.195E-2
21.799,-0.114,-4.849E-2
21.816,-0.115,-4.492E-2
21.832,-0.116,-4.137E-2
21.849,-0.117,-3.829E-2
21.866,-0.118,-3.587E-2
21.882,-0.118,-3.416E-2
21.899,-0.118,-3.277E-2
21.916,-0.118,-3.170E-2
21.932,-0.118,-3.144E-2
21.949,-0.117,-3.136E-2
21.966,-0.117,-3.147E-2
21.982,-0.116,-3.201E-2
21.999,-0.116,-3.254E-2
22.016,-0.116,-3.341E-2
22.032,-0.117,-3.448E-2
22.049,-0.117,-3.524E-2
22.066,-0.117,-3.603E-2
22.082,-0.117,-3.693E-2
22.099,-0.117,-3.769E-2
22.116,-0.118,-3.835E-2
22.132,-0.118,-3.871E-2
22.149,-0.118,-3.861E-2
22.166,-0.117,-3.868E-2
22.182,-0.117,-3.915E-2
22.199,-0.117,-4.046E-2
22.216,-0.117,-4.173E-2
22.232,-0.116,-4.345E-2
22.249,-0.116,-4.481E-2
22.266,-0.116,-4.634E-2
22.283,-0.116,-4.742E-2
22.299,-0.116,-4.857E-2
22.316,-0.116,-4.979E-2
22.333,-0.117,-5.060E-2
22.349,-0.116,-5.129E-2
22.366,-0.116,-5.169E-2
22.383,-0.116,-5.169E-2
22.399,-0.116,-5.164E-2
22.416,-0.117,-5.145E-2
22.433,-0.117,-5.060E-2
22.449,-0.118,-4.968E-2
22.466,-0.118,-4.925E-2
22.483,-0.119,-4.914E-2
22.499,-0.119,-4.897E-2
22.516,-0.119,-4.895E-2
22.533,-0.119,-4.897E-2
22.549,-0.118,-4.895E-2
22.566,-0.118,-4.890E-2
22.583,-0.118,-4.928E-2
22.599,-0.118,-4.941E-2
22.616,-0.117,-4.976E-2
22.633,-0.117,-5.014E-2
22.649,-0.117,-5.042E-2
22.666,-0.117,-5.067E-2
22.683,-0.117,-5.054E-2
22.699,-0.117,-5.003E-2
22.716,-0.116,-4.900E-2
22.733,-0.116,-4.806E-2
22.750,-0.116,-4.692E-2
22.766,-0.116,-4.619E-2
22.783,-0.115,-4.535E-2
22.800,-0.115,-4.491E-2
22.816,-0.115,-4.445E-2
22.833,-0.115,-4.419E-2
22.850,-0.115,-4.364E-2
22.866,-0.115,-4.322E-2
22.883,-0.115,-4.286E-2
22.900,-0.115,-4.260E-2
22.916,-0.116,-4.209E-2
22.933,-0.116,-4.182E-2
22.950,-0.116,-4.167E-2
22.966,-0.115,-4.223E-2
22.983,-0.114,-4.355E-2
23.000,-0.114,-4.563E-2
23.016,-0.113,-4.724E-2
23.033,-0.114,-4.773E-2
23.050,-0.114,-4.751E-2
23.066,-0.115,-4.681E-2
23.083,-0.116,-4.597E-2
23.100,-0.116,-4.498E-2
23.116,-0.116,-4.417E-2
23.133,-0.117,-4.347E-2
23.150,-0.117,-4.298E-2
23.166,-0.118,-4.276E-2
23.183,-0.118,-4.305E-2
23.200,-0.118,-4.324E-2
23.217,-0.118,-4.375E-2
23.233,-0.118,-4.468E-2
23.250,-0.118,-4.576E-2
23.267,-0.119,-4.624E-2
23.283,-0.119,-4.611E-2
23.300,-0.120,-4.526E-2
23.317,-0.120,-4.444E-2
23.333,-0.120,-4.369E-2
23.350,-0.120,-4.323E-2
23.367,-0.120,-4.286E-2
23.383,-0.120,-4.229E-2
23.400,-0.120,-4.174E-2
23.417,-0.120,-4.154E-2
23.433,-0.120,-4.157E-2
23.450,-0.119,-4.177E-2
23.467,-0.119,-4.199E-2
23.483,-0.118,-4.236E-2
23.500,-0.118,-4.277E-2
23.517,-0.117,-4.340E-2
23.533,-0.116,-4.431E-2
23.550,-0.116,-4.488E-2
23.567,-0.116,-4.532E-2
23.583,-0.116,-4.540E-2
23.600,-0.116,-4.571E-2
23.617,-0.117,-4.533E-2
23.633,-0.118,-4.525E-2
23.650,-0.118,-4.512E-2
23.667,-0.118,-4.564E-2
23.684,-0.119,-4.601E-2
23.700,-0.119,-4.678E-2
23.717,-0.119,-4.732E-2
23.734,-0.119,-4.832E-2
23.750,-0.118,-4.953E-2
23.767,-0.118,-5.121E-2
23.784,-0.117,-5.288E-2
23.800,-0.117,-5.485E-2
23.817,-0.116,-5.627E-2
23.834,-0.116,-5.695E-2
23.850,-0.116,-5.730E-2
23.867,-0.116,-5.763E-2
23.884,-0.116,-5.774E-2
23.900,-0.116,-5.765E-2
23.917,-0.116,-5.753E-2
23.934,-0.117,-5.692E-2
23.950,-0.117,-5.640E-2
23.967,-0.118,-5.530E-2
23.984,-0.118,-5.400E-2
24.000,-0.118,-5.218E-2
24.017,-0.118,-5.045E-2
24.034,-0.119,-4.864E-2
24.050,-0.119,-4.752E-2
24.067,-0.118,-4.638E-2
24.084,-0.118,-4.556E-2
24.100,-0.117,-4.497E-2
24.117,-0.117,-4.454E-2
24.134,-0.117,-4.403E-2
24.151,-0.117,-4.345E-2
24.167,-0.117,-4.264E-2
24.184,-0.117,-4.203E-2
24.201,-0.117,-4.166E-2
24.217,-0.117,-4.112E-2
24.234,-0.116,-4.090E-2
24.251,-0.116,-4.083E-2
24.267,-0.115,-4.132E-2
24.284,-0.115,-4.154E-2
24.301,-0.116,-4.159E-2
24.317,-0.117,-4.135E-2
24.334,-0.118,-4.135E-2
24.351,-0.119,-4.119E-2
24.367,-0.119,-4.133E-2
24.384,-0.120,-4.176E-2
24.401,-0.120,-4.250E-2
24.417,-0.120,-4.311E-2
24.434,-0.119,-4.374E-2
24.451,-0.118,-4.481E-2
24.467,-0.118,-4.557E-2
24.484,-0.117,-4.619E-2
24.501,-0.117,-4.666E-2
24.517,-0.117,-4.705E-2
24.534,-0.117,-4.689E-2
24.551,-0.117,-4.647E-2
24.567,-0.117,-4.604E-2
24.584,-0.117,-4.565E-2
24.601,-0.116,-4.464E-2
24.618,-0.116,-4.312E-2
24.634,-0.117,-4.143E-2
24.651,-0.117,-4.013E-2
24.668,-0.118,-3.860E-2
24.684,-0.118,-3.806E-2
24.701,-0.118,-3.776E-2
24.718,-0.118,-3.790E-2
24.734,-0.119,-3.770E-2
24.751,-0.119,-3.771E-2
24.768,-0.119,-3.767E-2
24.784,-0.119,-3.758E-2
24.801,-0.118,-3.771E-2
24.818,-0.118,-3.784E-2
24.834,-0.118,-3.796E-2
24.851,-0.118,-3.777E-2
24.868,-0.117,-3.745E-2
24.884,-0.117,-3.697E-2
24.901,-0.117,-3.660E-2
24.918,-0.117,-3.610E-2
24.934,-0.117,-3.553E-2
24.951,-0.117,-3.478E-2
24.968,-0.118,-3.422E-2
24.984,-0.118,-3.390E-2
25.001,-0.118,-3.422E-2
25.018,-0.118,-3.471E-2
25.034,-0.119,-3.562E-2
25.051,-0.119,-3.613E-2
25.068,-0.120,-3.705E-2
25.085,-0.120,-3.778E-2
25.101,-0.121,-3.849E-2
25.118,-0.121,-3.922E-2
25.135,-0.120,-4.077E-2
25.151,-0.120,-4.250E-2
25.168,-0.119,-4.472E-2
25.185,-0.118,-4.709E-2
25.201,-0.118,-4.895E-2
25.218,-0.117,-4.946E-2
25.235,-0.118,-4.949E-2
25.251,-0.118,-4.885E-2
25.268,-0.118,-4.861E-2
25.285,-0.118,-4.802E-2
25.301,-0.118,-4.781E-2
25.318,-0.118,-4.716E-2
25.335,-0.118,-4.673E-2
25.351,-0.118,-4.641E-2
25.368,-0.118,-4.684E-2
25.385,-0.118,-4.764E-2
25.401,-0.118,-4.913E-2
25.418,-0.117,-5.060E-2
25.435,-0.117,-5.163E-2
25.451,-0.118,-5.173E-2
25.468,-0.118,-5.136E-2
25.485,-0.119,-5.086E-2
25.501,-0.120,-5.052E-2
25.518,-0.120,-5.032E-2
25.535,-0.120,-5.040E-2
25.552,-0.120,-5.115E-2
25.568,-0.120,-5.216E-2
25.585,-0.118,-5.394E-2
25.602,-0.117,-5.583E-2
25.618,-0.116,-5.794E-2
25.635,-0.115,-5.929E-2
25.652,-0.115,-5.973E-2
25.668,-0.115,-5.917E-2
25.685,-0.114,-5.804E-2
25.702,-0.114,-5.676E-2
25.718,-0.114,-5.530E-2
25.735,-0.114,-5.304E-2
25.752,-0.114,-5.066E-2
25.768,-0.115,-4.776E-2
25.785,-0.115,-4.454E-2
25.802,-0.116,-4.135E-2
25.818,-0.117,-3.863E-2
25.835,-0.117,-3.633E-2
25.852,-0.118,-3.433E-2
25.868,-0.118,-3.293E-2
25.885,-0.118,-3.214E-2
25.902,-0.118,-3.162E-2
25.918,-0.118,-3.164E-2
25.935,-0.118,-3.201E-2
25.952,-0.118,-3.277E-2
25.968,-0.117,-3.406E-2
25.985,-0.117,-3.555E-2
26.002,-0.117,-3.671E-2
26.019,-0.116,-3.787E-2
26.035,-0.116,-3.877E-2
26.052,-0.116,-3.938E-2
26.069,-0.116,-3.994E-2
26.085,-0.116,-4.100E-2
26.102,-0.116,-4.220E-2
26.119,-0.116,-4.305E-2
26.135,-0.117,-4.349E-2
26.152,-0.117,-4.399E-2
26.169,-0.117,-4.499E-2
26.185,-0.117,-4.594E-2
26.202,-0.118,-4.656E-2
26.219,-0.118,-4.722E-2
26.235,-0.118,-4.783E-2
26.252,-0.117,-4.868E-2
26.269,-0.117,-4.954E-2
26.285,-0.117,-5.098E-2
26.302,-0.116,-5.241E-2
26.319,-0.116,-5.398E-2
26.335,-0.116,-5.496E-2
26.352,-0.116,-5.592E-2
26.369,-0.117,-5.603E-2
26.385,-0.117,-5.586E-2
26.402,-0.118,-5.518E-2
26.419,-0.119,-5.444E-2
26.435,-0.120,-5.344E-2
26.452,-0.120,-5.263E-2
26.469,-0.121,-5.155E-2
26.486,-0.122,-5.093E-2
26.502,-0.122,-5.007E-2
26.519,-0.123,-4.910E-2
26.536,-0.124,-4.770E-2
26.552,-0.124,-4.596E-2
26.569,-0.125,-4.477E-2
26.586,-0.125,-4.442E-2
26.602,-0.125,-4.483E-2
26.619,-0.124,-4.503E-2
26.636,-0.123,-4.581E-2
26.652,-0.122,-4.672E-2
26.669,-0.121,-4.802E-2
26.686,-0.120,-4.943E-2
26.702,-0.119,-5.083E-2
26.719,-0.118,-5.256E-2
26.736,-0.116,-5.469E-2
26.752,-0.114,-5.709E-2
26.769,-0.113,-5.926E-2
26.786,-0.113,-6.042E-2
26.802,-0.113,-6.030E-2
26.819,-0.114,-5.786E-2
26.836,-0.114,-5.522E-2
26.852,-0.115,-5.303E-2
26.869,-0.116,-5.081E-2
26.886,-0.116,-4.934E-2
26.902,-0.116,-4.875E-2
26.919,-0.116,-4.840E-2
26.936,-0.116,-4.802E-2
26.953,-0.116,-4.809E-2
26.969,-0.116,-4.782E-2
26.986,-0.117,-4.773E-2
27.003,-0.117,-4.766E-2
27.019,-0.117,-4.781E-2
27.036,-0.117,-4.729E-2
27.053,-0.118,-4.696E-2
27.069,-0.118,-4.668E-2
27.086,-0.119,-4.665E-2
27.103,-0.119,-4.644E-2
27.119,-0.119,-4.621E-2
27.136,-0.119,-4.584E-2
27.153,-0.119,-4.542E-2
27.169,-0.119,-4.492E-2
27.186,-0.118,-4.478E-2
27.203,-0.118,-4.488E-2
27.219,-0.118,-4.520E-2
27.236,-0.118,-4.562E-2
27.253,-0.118,-4.595E-2
27.269,-0.118,-4.606E-2
27.286,-0.118,-4.648E-2
27.303,-0.119,-4.682E-2
27.319,-0.118,-4.778E-2
27.336,-0.118,-4.877E-2
27.353,-0.117,-5.044E-2
27.369,-0.117,-5.195E-2
27.386,-0.116,-5.384E-2
27.403,-0.116,-5.527E-2
27.420,-0.116,-5.631E-2
27.436,-0.116,-5.651E-2
27.453,-0.116,-5.677E-2
27.470,-0.117,-5.626E-2
27.486,-0.117,-5.597E-2
27.503,-0.117,-5.523E-2
27.520,-0.117,-5.502E-2
27.536,-0.118,-5.491E-2
27.553,-0.118,-5.531E-2
27.570,-0.118,-5.585E-2
27.586,-0.119,-5.666E-2
27.603,-0.119,-5.719E-2
27.620,-0.118,-5.812E-2
27.636,-0.118,-5.885E-2
27.653,-0.118,-5.933E-2
27.670,-0.118,-5.905E-2
27.686,-0.119,-5.852E-2
27.703,-0.119,-5.760E-2
27.720,-0.119,-5.680E-2
27.736,-0.119,-5.607E-2
27.753,-0.119,-5.551E-2
27.770,-0.119,-5.491E-2
27.786,-0.118,-5.460E-2
27.803,-0.118,-5.407E-2
27.820,-0.118,-5.365E-2
27.836,-0.118,-5.295E-2
27.853,-0.118,-5.202E-2
27.870,-0.118,-5.143E-2
27.887,-0.118,-5.080E-2
27.903,-0.118,-5.020E-2
27.920,-0.117,-4.977E-2
27.937,-0.118,-4.944E-2
27.953,-0.118,-4.885E-2
27.970,-0.118,-4.806E-2
27.987,-0.119,-4.728E-2
28.003,-0.119,-4.679E-2
28.020,-0.119,-4.639E-2
28.037,-0.119,-4.654E-2
28.053,-0.118,-4.683E-2
28.070,-0.118,-4.743E-2
28.087,-0.117,-4.764E-2
28.103,-0.117,-4.828E-2
28.120,-0.116,-4.870E-2
28.137,-0.116,-4.930E-2
28.153,-0.115,-4.897E-2
28.170,-0.116,-4.836E-2
28.187,-0.116,-4.723E-2
28.203,-0.116,-4.632E-2
28.220,-0.116,-4.556E-2
28.237,-0.116,-4.552E-2
28.253,-0.116,-4.557E-2
28.270,-0.116,-4.594E-2
28.287,-0.116,-4.617E-2
28.303,-0.116,-4.677E-2
28.320,-0.117,-4.759E-2
28.337,-0.117,-4.857E-2
28.354,-0.118,-4.959E-2
28.370,-0.118,-5.008E-2
28.387,-0.118,-4.968E-2
28.404,-0.119,-4.894E-2
28.420,-0.119,-4.882E-2
28.437,-0.120,-4.822E-2
28.454,-0.121,-4.771E-2
28.470,-0.121,-4.758E-2
28.487,-0.122,-4.746E-2
28.504,-0.122,-4.734E-2
28.520,-0.121,-4.753E-2
28.537,-0.120,-4.780E-2
28.554,-0.120,-4.835E-2
28.570,-0.119,-4.884E-2
28.587,-0.119,-4.920E-2
28.604,-0.119,-4.928E-2
28.620,-0.119,-4.982E-2
28.637,-0.119,-5.054E-2
28.654,-0.118,-5.151E-2
28.670,-0.118,-5.311E-2
28.687,-0.118,-5.519E-2
28.704,-0.118,-5.700E-2
28.720,-0.118,-5.781E-2
28.737,-0.119,-5.780E-2
28.754,-0.119,-5.694E-2
28.770,-0.120,-5.624E-2
28.787,-0.120,-5.549E-2
28.804,-0.120,-5.486E-2
28.821,-0.121,-5.419E-2
28.837,-0.121,-5.371E-2
28.854,-0.122,-5.310E-2
28.871,-0.122,-5.283E-2
28.887,-0.121,-5.287E-2
28.904,-0.121,-5.311E-2
28.921,-0.120,-5.330E-2
28.937,-0.120,-5.386E-2
28.954,-0.119,-5.443E-2
28.971,-0.119,-5.541E-2
28.987,-0.119,-5.606E-2
29.004,-0.119,-5.703E-2
29.021,-0.119,-5.800E-2
29.037,-0.119,-5.889E-2
29.054,-0.120,-5.890E-2
29.071,-0.121,-5.862E-2
29.087,-0.121,-5.820E-2
29.104,-0.121,-5.767E-2
29.121,-0.121,-5.738E-2
29.137,-0.121,-5.761E-2
29.154,-0.120,-5.807E-2
29.171,-0.120,-5.881E-2
29.187,-0.119,-5.955E-2
29.204,-0.119,-5.978E-2
29.221,-0.118,-5.974E-2
29.237,-0.119,-5.931E-2
29.254,-0.119,-5.811E-2
29.271,-0.119,-5.710E-2
29.288,-0.120,-5.595E-2
29.304,-0.119,-5.534E-2
29.321,-0.119,-5.534E-2
29.338,-0.119,-5.562E-2
29.354,-0.119,-5.559E-2
29.371,-0.119,-5.549E-2
29.388,-0.119,-5.557E-2
29.404,-0.118,-5.573E-2
29.421,-0.118,-5.604E-2
29.438,-0.118,-5.651E-2
29.454,-0.118,-5.671E-2
29.471,-0.118,-5.669E-2
29.488,-0.118,-5.658E-2
29.504,-0.119,-5.618E-2
29.521,-0.119,-5.549E-2
29.538,-0.119,-5.500E-2
29.554,-0.119,-5.487E-2
29.571,-0.118,-5.499E-2
29.588,-0.117,-5.506E-2
29.604,-0.117,-5.539E-2
29.621,-0.117,-5.538E-2
29.638,-0.117,-5.545E-2
29.654,-0.117,-5.532E-2
29.671,-0.117,-5.539E-2
29.688,-0.117,-5.591E-2
29.704,-0.116,-5.705E-2
29.721,-0.116,-5.832E-2
29.738,-0.116,-5.946E-2
29.755,-0.116,-5.974E-2
29.771,-0.116,-5.905E-2
29.788,-0.116,-5.787E-2
29.805,-0.117,-5.628E-2
29.821,-0.117,-5.450E-2
29.838,-0.117,-5.265E-2
29.855,-0.118,-5.097E-2
29.871,-0.118,-4.920E-2
29.888,-0.119,-4.801E-2
29.905,-0.119,-4.699E-2
29.921,-0.120,-4.621E-2
29.938,-0.119,-4.550E-2
29.955,-0.119,-4.545E-2
29.971,-0.119,-4.533E-2
29.988,-0.119,-4.534E-2
30.005,-0.119,-4.550E-2
30.021,-0.119,-4.575E-2
30.038,-0.118,-4.600E-2
30.055,-0.118,-4.614E-2
30.071,-0.118,-4.628E-2
30.088,-0.119,-4.599E-2
30.105,-0.119,-4.609E-2
30.121,-0.120,-4.608E-2
30.138,-0.120,-4.661E-2
30.155,-0.121,-4.749E-2
30.171,-0.121,-4.845E-2
30.188,-0.121,-4.927E-2
30.205,-0.120,-5.011E-2
30.222,-0.120,-5.100E-2
30.238,-0.119,-5.205E-2
30.255,-0.118,-5.306E-2
30.272,-0.118,-5.432E-2
30.288,-0.118,-5.509E-2
30.305,-0.118,-5.526E-2
30.322,-0.119,-5.504E-2
30.338,-0.119,-5.470E-2
30.355,-0.119,-5.486E-2
30.372,-0.120,-5.564E-2
30.388,-0.120,-5.648E-2
30.405,-0.120,-5.739E-2
30.422,-0.121,-5.780E-2
30.438,-0.121,-5.766E-2
30.455,-0.121,-5.819E-2
30.472,-0.120,-5.932E-2
30.488,-0.120,-6.085E-2
30.505,-0.119,-6.209E-2
30.522,-0.119,-6.265E-2
30.538,-0.120,-6.155E-2
30.555,-0.120,-6.064E-2
30.572,-0.120,-5.946E-2
30.588,-0.120,-5.856E-2
30.605,-0.120,-5.779E-2
30.622,-0.119,-5.736E-2
30.638,-0.119,-5.686E-2
30.655,-0.118,-5.715E-2
30.672,-0.118,-5.708E-2
30.689,-0.118,-5.696E-2
30.705,-0.118,-5.666E-2
30.722,-0.119,-5.626E-2
30.739,-0.119,-5.584E-2
30.755,-0.120,-5.552E-2
30.772,-0.120,-5.504E-2
30.789,-0.121,-5.447E-2
30.805,-0.121,-5.411E-2
30.822,-0.121,-5.389E-2
30.839,-0.121,-5.357E-2
30.855,-0.121,-5.435E-2
30.872,-0.120,-5.536E-2
30.889,-0.120,-5.661E-2
30.905,-0.120,-5.758E-2
30.922,-0.120,-5.816E-2
30.939,-0.120,-5.762E-2
30.955,-0.120,-5.702E-2
30.972,-0.121,-5.625E-2
30.989,-0.121,-5.519E-2
31.005,-0.121,-5.429E-2
31.022,-0.121,-5.385E-2
31.039,-0.121,-5.345E-2
31.055,-0.121,-5.347E-2
31.072,-0.122,-5.363E-2
31.089,-0.122,-5.351E-2
31.105,-0.122,-5.383E-2
31.122,-0.122,-5.406E-2
31.139,-0.122,-5.478E-2
31.156,-0.123,-5.561E-2
31.172,-0.123,-5.721E-2
31.189,-0.123,-5.854E-2
31.206,-0.123,-6.008E-2
31.222,-0.122,-6.134E-2
31.239,-0.122,-6.242E-2
31.256,-0.121,-6.309E-2
31.272,-0.121,-6.396E-2
31.289,-0.121,-6.471E-2
31.306,-0.120,-6.591E-2
31.322,-0.119,-6.720E-2
31.339,-0.119,-6.812E-2
31.356,-0.119,-6.804E-2
31.372,-0.119,-6.710E-2
31.389,-0.119,-6.545E-2
31.406,-0.119,-6.368E-2
31.422,-0.119,-6.201E-2
31.439,-0.119,-6.049E-2
31.456,-0.119,-5.944E-2
31.472,-0.119,-5.883E-2
31.489,-0.119,-5.779E-2
31.506,-0.119,-5.649E-2
31.522,-0.119,-5.491E-2
31.539,-0.119,-5.371E-2
31.556,-0.119,-5.272E-2
31.572,-0.118,-5.283E-2
31.589,-0.118,-5.359E-2
31.606,-0.117,-5.474E-2
31.623,-0.117,-5.559E-2
31.639,-0.117,-5.603E-2
31.656,-0.116,-5.621E-2
31.673,-0.116,-5.647E-2
31.689,-0.116,-5.676E-2
31.706,-0.115,-5.720E-2
31.723,-0.115,-5.766E-2
31.739,-0.114,-5.821E-2
31.756,-0.114,-5.863E-2
31.773,-0.114,-5.865E-2
31.789,-0.114,-5.832E-2
31.806,-0.114,-5.756E-2
31.823,-0.114,-5.692E-2
31.839,-0.114,-5.653E-2
31.856,-0.114,-5.591E-2
31.873,-0.114,-5.535E-2
31.889,-0.113,-5.486E-2
31.906,-0.113,-5.398E-2
31.923,-0.113,-5.246E-2
31.939,-0.113,-5.044E-2
31.956,-0.113,-4.822E-2
31.973,-0.114,-4.563E-2
31.989,-0.114,-4.270E-2
32.006,-0.115,-3.986E-2
32.023,-0.116,-3.739E-2
32.039,-0.116,-3.522E-2
32.056,-0.117,-3.383E-2
32.073,-0.117,-3.336E-2
32.090,-0.117,-3.331E-2
32.106,-0.117,-3.352E-2
32.123,-0.117,-3.395E-2
32.140,-0.116,-3.446E-2
32.156,-0.116,-3.524E-2
32.173,-0.116,-3.612E-2
32.190,-0.116,-3.693E-2
32.206,-0.116,-3.781E-2
32.223,-0.117,-3.881E-2
32.240,-0.117,-3.960E-2
32.256,-0.117,-4.021E-2
32.273,-0.117,-4.025E-2
32.290,-0.117,-4.100E-2
32.306,-0.117,-4.164E-2
32.323,-0.117,-4.297E-2
32.340,-0.116,-4.412E-2
32.356,-0.116,-4.608E-2
32.373,-0.116,-4.780E-2
32.390,-0.115,-5.024E-2
32.406,-0.115,-5.248E-2
32.423,-0.115,-5.494E-2
32.440,-0.114,-5.704E-2
32.456,-0.114,-5.920E-2
32.473,-0.114,-6.085E-2
32.490,-0.114,-6.169E-2
32.506,-0.114,-6.173E-2
32.523,-0.115,-6.111E-2
32.540,-0.115,-6.025E-2
32.557,-0.116,-5.891E-2
32.573,-0.116,-5.754E-2
32.590,-0.117,-5.643E-2
32.607,-0.117,-5.582E-2
32.623,-0.117,-5.584E-2
32.640,-0.116,-5.629E-2
32.657,-0.116,-5.663E-2
32.673,-0.115,-5.658E-2
32.690,-0.115,-5.640E-2
32.707,-0.116,-5.589E-2
32.723,-0.116,-5.551E-2
32.740,-0.116,-5.534E-2
32.757,-0.117,-5.533E-2
32.773,-0.117,-5.506E-2
32.790,-0.118,-5.473E-2
32.807,-0.118,-5.386E-2
32.823,-0.119,-5.344E-2
32.840,-0.119,-5.307E-2
32.857,-0.119,-5.319E-2
32.873,-0.119,-5.359E-2
32.890,-0.119,-5.426E-2
32.907,-0.119,-5.540E-2
32.923,-0.119,-5.660E-2
32.940,-0.119,-5.782E-2
32.957,-0.119,-5.881E-2
32.973,-0.119,-6.012E-2
32.990,-0.118,-6.168E-2
33.007,-0.118,-6.313E-2
33.024,-0.118,-6.453E-2
33.040,-0.117,-6.496E-2
33.057,-0.118,-6.487E-2
33.074,-0.118,-6.462E-2
33.090,-0.119,-6.386E-2
33.107,-0.119,-6.332E-2
33.124,-0.119,-6.264E-2
33.140,-0.119,-6.266E-2
33.157,-0.119,-6.273E-2
33.174,-0.119,-6.318E-2
33.190,-0.119,-6.375E-2
33.207,-0.119,-6.369E-2
33.224,-0.119,-6.316E-2
33.240,-0.119,-6.242E-2
33.257,-0.119,-6.199E-2
33.274,-0.119,-6.181E-2
33.290,-0.119,-6.179E-2
33.307,-0.119,-6.184E-2
33.324,-0.118,-6.226E-2
33.340,-0.118,-6.228E-2
33.357,-0.118,-6.262E-2
33.374,-0.118,-6.250E-2
33.390,-0.117,-6.257E-2
33.407,-0.117,-6.240E-2
33.424,-0.117,-6.217E-2
33.440,-0.117,-6.135E-2
33.457,-0.117,-6.048E-2
33.474,-0.117,-5.934E-2
33.491,-0.117,-5.864E-2
33.507,-0.118,-5.779E-2
33.524,-0.117,-5.701E-2
33.541,-0.117,-5.591E-2
33.557,-0.117,-5.538E-2
33.574,-0.117,-5.482E-2
33.591,-0.117,-5.483E-2
33.607,-0.117,-5.527E-2
33.624,-0.117,-5.588E-2
33.641,-0.117,-5.649E-2
33.657,-0.117,-5.705E-2
33.674,-0.117,-5.728E-2
33.691,-0.118,-5.716E-2
33.707,-0.118,-5.643E-2
33.724,-0.118,-5.594E-2
33.741,-0.118,-5.581E-2
33.757,-0.118,-5.555E-2
33.774,-0.118,-5.489E-2
33.791,-0.119,-5.424E-2
33.807,-0.119,-5.362E-2
33.824,-0.120,-5.278E-2
33.841,-0.121,-5.196E-2
33.857,-0.121,-5.149E-2
33.874,-0.121,-5.100E-2
33.891,-0.121,-5.092E-2
33.907,-0.120,-5.084E-2
33.924,-0.120,-5.047E-2
33.941,-0.121,-4.998E-2
33.958,-0.121,-5.014E-2
33.974,-0.121,-5.043E-2
33.991,-0.121,-5.121E-2
34.008,-0.121,-5.229E-2
34.024,-0.121,-5.366E-2
34.041,-0.121,-5.524E-2
34.058,-0.121,-5.672E-2
34.074,-0.121,-5.811E-2
34.091,-0.121,-5.931E-2
34.108,-0.121,-6.030E-2
34.124,-0.121,-6.102E-2
34.141,-0.121,-6.230E-2
34.158,-0.121,-6.392E-2
34.174,-0.120,-6.605E-2
34.191,-0.121,-6.618E-2
34.208,-0.121,-6.505E-2
34.224,-0.121,-6.331E-2
34.241,-0.122,-6.222E-2
34.258,-0.122,-6.147E-2
34.274,-0.122,-6.126E-2
34.291,-0.122,-6.104E-2
34.308,-0.122,-6.107E-2
34.324,-0.122,-6.077E-2
34.341,-0.122,-6.115E-2
34.358,-0.122,-6.161E-2
34.374,-0.122,-6.247E-2
34.391,-0.122,-6.306E-2
34.408,-0.122,-6.377E-2
34.425,-0.122,-6.391E-2
34.441,-0.122,-6.410E-2
34.458,-0.122,-6.396E-2
34.475,-0.122,-6.377E-2
34.491,-0.122,-6.351E-2
34.508,-0.122,-6.337E-2
34.525,-0.121,-6.346E-2
34.541,-0.121,-6.388E-2
34.558,-0.120,-6.432E-2
34.575,-0.120,-6.494E-2
34.591,-0.119,-6.509E-2
34.608,-0.119,-6.476E-2
34.625,-0.118,-6.388E-2
34.641,-0.118,-6.299E-2
34.658,-0.118,-6.243E-2
34.675,-0.118,-6.179E-2
34.691,-0.118,-6.131E-2
34.708,-0.118,-6.023E-2
34.725,-0.118,-5.890E-2
34.741,-0.119,-5.738E-2
34.758,-0.119,-5.607E-2
34.775,-0.120,-5.444E-2
34.791,-0.120,-5.277E-2
34.808,-0.120,-5.090E-2
34.825,-0.120,-4.915E-2
34.841,-0.120,-4.750E-2
34.858,-0.120,-4.578E-2
34.875,-0.121,-4.455E-2
34.892,-0.121,-4.337E-2
34.908,-0.121,-4.281E-2
34.925,-0.120,-4.250E-2
34.942,-0.120,-4.242E-2
34.958,-0.120,-4.236E-2
34.975,-0.119,-4.243E-2
34.992,-0.119,-4.225E-2
35.008,-0.119,-4.210E-2
35.025,-0.118,-4.175E-2
35.042,-0.119,-4.063E-2
35.058,-0.119,-3.935E-2
35.075,-0.120,-3.821E-2
35.092,-0.120,-3.722E-2
35.108,-0.120,-3.734E-2
35.125,-0.120,-3.756E-2
35.142,-0.121,-3.795E-2
35.158,-0.121,-3.829E-2
35.175,-0.121,-3.858E-2
35.192,-0.121,-3.862E-2
35.208,-0.121,-3.871E-2
35.225,-0.122,-3.913E-2
35.242,-0.122,-4.001E-2
35.258,-0.121,-4.147E-2
35.275,-0.121,-4.330E-2
35.292,-0.120,-4.528E-2
35.308,-0.120,-4.695E-2
35.325,-0.120,-4.865E-2
35.342,-0.120,-5.019E-2
35.358,-0.120,-5.160E-2
35.375,-0.119,-5.245E-2
35.392,-0.119,-5.376E-2
35.409,-0.119,-5.471E-2
35.425,-0.119,-5.567E-2
35.442,-0.119,-5.675E-2
35.459,-0.119,-5.764E-2
35.475,-0.120,-5.824E-2
35.492,-0.120,-5.849E-2
35.509,-0.121,-5.898E-2
35.525,-0.121,-5.966E-2
35.542,-0.121,-6.026E-2
35.559,-0.121,-6.106E-2
35.575,-0.121,-6.188E-2
35.592,-0.121,-6.257E-2
35.609,-0.121,-6.308E-2
35.625,-0.121,-6.351E-2
35.642,-0.120,-6.370E-2
35.659,-0.120,-6.329E-2
35.675,-0.120,-6.206E-2
35.692,-0.121,-6.070E-2
35.709,-0.121,-5.918E-2
35.725,-0.121,-5.769E-2
35.742,-0.121,-5.691E-2
35.759,-0.121,-5.651E-2
35.775,-0.121,-5.622E-2
35.792,-0.120,-5.618E-2
35.809,-0.120,-5.631E-2
35.825,-0.119,-5.710E-2
35.842,-0.119,-5.758E-2
35.859,-0.119,-5.834E-2
35.876,-0.119,-5.899E-2
35.892,-0.118,-5.996E-2
35.909,-0.118,-6.086E-2
35.926,-0.118,-6.195E-2
35.942,-0.118,-6.295E-2
35.959,-0.118,-6.377E-2
35.976,-0.118,-6.405E-2
35.992,-0.118,-6.392E-2
36.009,-0.118,-6.313E-2
36.026,-0.119,-6.255E-2
36.042,-0.120,-6.157E-2
36.059,-0.120,-6.102E-2
36.076,-0.121,-6.057E-2
36.092,-0.121,-6.017E-2
36.109,-0.121,-5.942E-2
36.126,-0.121,-5.899E-2
36.142,-0.121,-5.887E-2
36.159,-0.120,-5.889E-2
36.176,-0.120,-5.912E-2
36.192,-0.119,-5.960E-2
36.209,-0.119,-6.064E-2
36.226,-0.119,-6.145E-2
36.242,-0.119,-6.208E-2
36.259,-0.120,-6.230E-2
36.276,-0.120,-6.228E-2
36.292,-0.121,-6.240E-2
36.309,-0.121,-6.283E-2
36.326,-0.121,-6.354E-2
36.343,-0.121,-6.356E-2
36.359,-0.121,-6.298E-2
36.376,-0.122,-6.184E-2
36.393,-0.122,-6.127E-2
36.409,-0.121,-6.090E-2
36.426,-0.121,-6.116E-2
36.443,-0.120,-6.112E-2
36.459,-0.120,-6.103E-2
36.476,-0.119,-6.073E-2
36.493,-0.119,-6.034E-2
36.509,-0.118,-5.954E-2
36.526,-0.118,-5.869E-2
36.543,-0.117,-5.791E-2
36.559,-0.117,-5.712E-2
36.576,-0.117,-5.634E-2
36.593,-0.116,-5.567E-2
36.609,-0.116,-5.494E-2
36.626,-0.116,-5.426E-2
36.643,-0.117,-5.351E-2
36.659,-0.117,-5.300E-2
36.676,-0.117,-5.222E-2
36.693,-0.117,-5.136E-2
36.709,-0.117,-5.026E-2
36.726,-0.117,-4.903E-2
36.743,-0.117,-4.774E-2
36.759,-0.118,-4.669E-2
36.776,-0.118,-4.585E-2
36.793,-0.119,-4.521E-2
36.810,-0.119,-4.448E-2
36.826,-0.119,-4.406E-2
36.843,-0.119,-4.344E-2
36.860,-0.119,-4.261E-2
36.876,-0.120,-4.170E-2
36.893,-0.120,-4.088E-2
36.910,-0.119,-4.043E-2
36.926,-0.119,-4.045E-2
36.943,-0.119,-4.057E-2
36.960,-0.118,-4.114E-2
36.976,-0.118,-4.207E-2
36.993,-0.118,-4.266E-2
37.010,-0.119,-4.304E-2
37.026,-0.119,-4.309E-2
37.043,-0.120,-4.322E-2
37.060,-0.120,-4.369E-2
37.076,-0.121,-4.418E-2
37.093,-0.121,-4.445E-2
37.110,-0.122,-4.476E-2
37.126,-0.122,-4.525E-2
37.143,-0.122,-4.631E-2
37.160,-0.122,-4.778E-2
37.176,-0.122,-4.910E-2
37.193,-0.122,-5.010E-2
37.210,-0.122,-5.100E-2
37.226,-0.122,-5.189E-2
37.243,-0.122,-5.278E-2
37.260,-0.121,-5.383E-2
37.277,-0.121,-5.478E-2
37.293,-0.121,-5.539E-2
37.310,-0.120,-5.517E-2
37.327,-0.120,-5.487E-2
37.343,-0.120,-5.476E-2
37.360,-0.119,-5.517E-2
37.377,-0.119,-5.592E-2
37.393,-0.118,-5.671E-2
37.410,-0.118,-5.718E-2
37.427,-0.118,-5.726E-2
37.443,-0.118,-5.696E-2
37.460,-0.119,-5.644E-2
37.477,-0.119,-5.561E-2
37.493,-0.119,-5.517E-2
37.510,-0.120,-5.463E-2
37.527,-0.120,-5.488E-2
37.543,-0.120,-5.523E-2
37.560,-0.120,-5.599E-2
37.577,-0.119,-5.695E-2
37.593,-0.119,-5.791E-2
37.610,-0.119,-5.873E-2
37.627,-0.119,-5.929E-2
37.643,-0.118,-5.954E-2
37.660,-0.118,-5.975E-2
37.677,-0.118,-5.982E-2
37.693,-0.117,-6.034E-2
37.710,-0.117,-6.128E-2
37.727,-0.117,-6.237E-2
37.744,-0.116,-6.346E-2
37.760,-0.116,-6.410E-2
37.777,-0.116,-6.468E-2
37.794,-0.116,-6.491E-2
37.810,-0.117,-6.490E-2
37.827,-0.117,-6.435E-2
37.844,-0.117,-6.402E-2
37.860,-0.118,-6.351E-2
37.877,-0.118,-6.303E-2
37.894,-0.118,-6.174E-2
37.910,-0.118,-6.066E-2
37.927,-0.118,-5.951E-2
37.944,-0.119,-5.822E-2
37.960,-0.119,-5.658E-2
37.977,-0.119,-5.516E-2
37.994,-0.120,-5.403E-2
38.010,-0.120,-5.315E-2
38.027,-0.120,-5.253E-2
38.044,-0.119,-5.218E-2
38.060,-0.119,-5.227E-2
38.077,-0.118,-5.257E-2
38.094,-0.117,-5.323E-2
38.110,-0.117,-5.381E-2
38.127,-0.116,-5.406E-2
38.144,-0.116,-5.398E-2
38.160,-0.117,-5.340E-2
38.177,-0.117,-5.296E-2
38.194,-0.117,-5.228E-2
38.211,-0.118,-5.182E-2
38.227,-0.118,-5.134E-2
38.244,-0.118,-5.089E-2
38.261,-0.118,-5.034E-2
38.277,-0.119,-5.031E-2
38.294,-0.119,-5.035E-2
38.311,-0.118,-5.093E-2
38.327,-0.119,-5.188E-2
38.344,-0.118,-5.321E-2
38.361,-0.118,-5.491E-2
38.377,-0.118,-5.675E-2
38.394,-0.118,-5.920E-2
38.411,-0.118,-6.019E-2
38.427,-0.118,-6.038E-2
38.444,-0.119,-5.951E-2
38.461,-0.120,-5.839E-2
38.477,-0.120,-5.703E-2
38.494,-0.121,-5.602E-2
38.511,-0.121,-5.553E-2
38.527,-0.121,-5.539E-2
38.544,-0.121,-5.561E-2
38.561,-0.121,-5.559E-2
38.577,-0.121,-5.564E-2
38.594,-0.121,-5.554E-2
38.611,-0.121,-5.562E-2
38.627,-0.121,-5.559E-2
38.644,-0.120,-5.570E-2
38.661,-0.120,-5.564E-2
38.678,-0.119,-5.533E-2
38.694,-0.119,-5.536E-2
38.711,-0.119,-5.586E-2
38.728,-0.118,-5.727E-2
38.744,-0.118,-5.859E-2
38.761,-0.118,-5.989E-2
38.778,-0.117,-6.050E-2
38.794,-0.117,-6.021E-2
38.811,-0.117,-5.867E-2
38.828,-0.118,-5.669E-2
38.844,-0.118,-5.501E-2
38.861,-0.118,-5.363E-2
38.878,-0.118,-5.239E-2
38.894,-0.118,-5.131E-2
38.911,-0.119,-5.032E-2
38.928,-0.119,-4.957E-2
38.944,-0.120,-4.896E-2
38.961,-0.120,-4.869E-2
38.978,-0.120,-4.858E-2
38.994,-0.120,-4.854E-2
39.011,-0.121,-4.840E-2
39.028,-0.121,-4.810E-2
39.044,-0.121,-4.764E-2
39.061,-0.120,-4.742E-2
39.078,-0.120,-4.757E-2
39.094,-0.120,-4.805E-2
39.111,-0.119,-4.879E-2
39.128,-0.119,-4.958E-2
39.145,-0.119,-5.034E-2
39.161,-0.119,-5.068E-2
39.178,-0.119,-5.097E-2
39.195,-0.119,-5.134E-2
39.211,-0.119,-5.168E-2
39.228,-0.119,-5.183E-2
39.245,-0.119,-5.221E-2
39.261,-0.119,-5.247E-2
39.278,-0.120,-5.256E-2
39.295,-0.120,-5.204E-2
39.311,-0.120,-5.195E-2
39.328,-0.120,-5.189E-2
39.345,-0.120,-5.216E-2
39.361,-0.120,-5.251E-2
39.378,-0.120,-5.277E-2
39.395,-0.120,-5.265E-2
39.411,-0.120,-5.206E-2
39.428,-0.120,-5.152E-2
39.445,-0.120,-5.126E-2
39.461,-0.121,-5.166E-2
39.478,-0.121,-5.239E-2
39.495,-0.121,-5.375E-2
39.511,-0.121,-5.487E-2
39.528,-0.121,-5.585E-2
39.545,-0.121,-5.625E-2
39.561,-0.121,-5.625E-2
39.578,-0.122,-5.584E-2
39.595,-0.122,-5.575E-2
39.612,-0.122,-5.570E-2
39.628,-0.123,-5.568E-2
39.645,-0.123,-5.516E-2
39.662,-0.123,-5.485E-2
39.678,-0.124,-5.448E-2
39.695,-0.123,-5.483E-2
39.712,-0.123,-5.537E-2
39.728,-0.122,-5.582E-2
39.745,-0.121,-5.617E-2
39.762,-0.121,-5.669E-2
39.778,-0.120,-5.735E-2
39.795,-0.119,-5.793E-2
39.812,-0.119,-5.839E-2
39.828,-0.119,-5.832E-2
39.845,-0.120,-5.773E-2
39.862,-0.120,-5.696E-2
39.878,-0.120,-5.624E-2
39.895,-0.121,-5.554E-2
39.912,-0.121,-5.499E-2
39.928,-0.121,-5.432E-2
39.945,-0.122,-5.353E-2
39.962,-0.122,-5.267E-2
39.978,-0.123,-5.257E-2
39.995,-0.124,-5.292E-2
40.012,-0.123,-5.406E-2
40.028,-0.122,-5.602E-2
40.045,-0.121,-5.736E-2
40.062,-0.119,-5.911E-2
40.079,-0.118,-6.026E-2
40.095,-0.118,-6.100E-2
40.112,-0.118,-6.077E-2
40.129,-0.118,-6.032E-2
40.145,-0.118,-5.929E-2
40.162,-0.118,-5.812E-2
40.179,-0.118,-5.660E-2
40.195,-0.119,-5.476E-2
40.212,-0.119,-5.323E-2
40.229,-0.119,-5.214E-2
40.245,-0.120,-5.147E-2
40.262,-0.120,-5.100E-2
40.279,-0.121,-5.055E-2
40.295,-0.121,-5.034E-2
40.312,-0.121,-5.046E-2
40.329,-0.120,-5.080E-2
40.345,-0.119,-5.145E-2
40.362,-0.118,-5.241E-2
40.379,-0.117,-5.348E-2
40.395,-0.117,-5.339E-2
40.412,-0.117,-5.205E-2
40.429,-0.118,-5.061E-2
40.445,-0.119,-4.909E-2
40.462,-0.119,-4.785E-2
40.479,-0.120,-4.688E-2
40.495,-0.120,-4.657E-2
40.512,-0.121,-4.658E-2
40.529,-0.121,-4.700E-2
40.546,-0.121,-4.768E-2
40.562,-0.121,-4.826E-2
40.579,-0.121,-4.902E-2
40.596,-0.120,-4.971E-2
40.612,-0.120,-5.056E-2
40.629,-0.120,-5.118E-2
40.646,-0.120,-5.193E-2
40.662,-0.120,-5.241E-2
40.679,-0.120,-5.300E-2
40.696,-0.121,-5.332E-2
40.712,-0.121,-5.351E-2
40.729,-0.122,-5.398E-2
40.746,-0.122,-5.511E-2
40.762,-0.122,-5.658E-2
40.779,-0.121,-5.764E-2
40.796,-0.121,-5.895E-2
40.812,-0.121,-5.936E-2
40.829,-0.121,-5.976E-2
40.846,-0.121,-5.970E-2
40.862,-0.121,-6.028E-2
40.879,-0.121,-6.073E-2
40.896,-0.121,-6.124E-2
40.912,-0.122,-6.117E-2
40.929,-0.122,-6.061E-2
40.946,-0.123,-6.016E-2
40.962,-0.123,-5.966E-2
40.979,-0.123,-5.949E-2
40.996,-0.122,-5.946E-2
41.013,-0.122,-5.951E-2
41.029,-0.121,-5.958E-2
41.046,-0.121,-5.969E-2
41.063,-0.121,-5.951E-2
41.079,-0.120,-5.926E-2
41.096,-0.120,-5.837E-2
41.113,-0.120,-5.702E-2
41.129,-0.120,-5.552E-2
41.146,-0.121,-5.407E-2
41.163,-0.121,-5.304E-2
41.179,-0.121,-5.207E-2
41.196,-0.120,-5.144E-2
41.213,-0.120,-5.119E-2
41.229,-0.120,-5.155E-2
41.246,-0.119,-5.225E-2
41.263,-0.119,-5.334E-2
41.279,-0.118,-5.442E-2
41.296,-0.117,-5.550E-2
41.313,-0.116,-5.674E-2
41.329,-0.116,-5.772E-2
41.346,-0.115,-5.833E-2
41.363,-0.115,-5.860E-2
41.379,-0.116,-5.826E-2
41.396,-0.116,-5.716E-2
41.413,-0.117,-5.622E-2
41.429,-0.117,-5.561E-2
41.446,-0.118,-5.501E-2
41.463,-0.118,-5.465E-2
41.480,-0.118,-5.467E-2
41.496,-0.118,-5.475E-2
41.513,-0.118,-5.478E-2
41.530,-0.118,-5.437E-2
41.546,-0.118,-5.404E-2
41.563,-0.118,-5.380E-2
41.580,-0.119,-5.398E-2
41.596,-0.118,-5.442E-2
41.613,-0.118,-5.519E-2
41.630,-0.118,-5.647E-2
41.646,-0.118,-5.728E-2
41.663,-0.118,-5.723E-2
41.680,-0.118,-5.645E-2
41.696,-0.119,-5.537E-2
41.713,-0.119,-5.403E-2
41.730,-0.120,-5.320E-2
41.746,-0.120,-5.277E-2
41.763,-0.119,-5.283E-2
41.780,-0.118,-5.283E-2
41.796,-0.118,-5.286E-2
41.813,-0.117,-5.252E-2
41.830,-0.117,-5.216E-2
41.846,-0.117,-5.112E-2
41.863,-0.117,-5.020E-2
41.880,-0.118,-4.903E-2
41.896,-0.118,-4.793E-2
41.913,-0.118,-4.674E-2
41.930,-0.118,-4.609E-2
41.947,-0.118,-4.592E-2
41.963,-0.117,-4.631E-2
41.980,-0.117,-4.699E-2
41.997,-0.117,-4.712E-2
42.013,-0.117,-4.677E-2
42.030,-0.117,-4.669E-2
42.047,-0.117,-4.643E-2
42.063,-0.117,-4.606E-2
42.080,-0.117,-4.572E-2
