,mass A,,
t,x,y,
0.000,-0.117,-3.901E-2
0.017,-0.117,-3.835E-2
0.034,-0.118,-3.550E-2
0.050,-0.119,-3.513E-2
0.067,-0.119,-3.387E-2
0.084,-0.120,-3.162E-2
0.101,-0.122,-3.012E-2
0.117,-0.122,-2.872E-2
0.134,-0.123,-2.749E-2
0.151,-0.122,-2.875E-2
0.168,-0.123,-2.830E-2
0.185,-0.121,-3.070E-2
0.201,-0.120,-3.242E-2
0.218,-0.120,-3.422E-2
0.235,-0.120,-3.515E-2
0.252,-0.120,-3.455E-2
0.268,-0.120,-3.421E-2
0.285,-0.120,-3.608E-2
0.302,-0.120,-3.701E-2
0.319,-0.119,-3.741E-2
0.335,-0.119,-3.766E-2
0.352,-0.119,-3.805E-2
0.369,-0.119,-3.671E-2
0.386,-0.120,-3.633E-2
0.403,-0.120,-3.544E-2
0.419,-0.120,-3.327E-2
0.436,-0.121,-3.236E-2
0.453,-0.120,-3.338E-2
0.470,-0.120,-3.336E-2
0.486,-0.119,-3.297E-2
0.503,-0.119,-3.288E-2
0.520,-0.118,-3.248E-2
0.537,-0.116,-3.237E-2
0.554,-0.116,-3.191E-2
0.570,-0.117,-3.159E-2
0.587,-0.118,-2.854E-2
0.604,-0.119,-2.557E-2
0.621,-0.119,-2.428E-2
0.637,-0.121,-2.296E-2
0.654,-0.122,-2.195E-2
0.671,-0.122,-1.879E-2
0.688,-0.123,-1.840E-2
0.705,-0.123,-1.845E-2
0.721,-0.124,-1.781E-2
0.738,-0.123,-1.847E-2
0.755,-0.122,-2.034E-2
0.772,-0.122,-2.320E-2
0.788,-0.122,-2.326E-2
0.805,-0.123,-2.216E-2
0.822,-0.124,-2.157E-2
0.839,-0.124,-2.169E-2
0.855,-0.125,-2.156E-2
0.872,-0.126,-2.194E-2
0.889,-0.126,-2.427E-2
0.906,-0.125,-2.598E-2
0.923,-0.125,-2.673E-2
0.939,-0.125,-2.889E-2
0.956,-0.125,-2.953E-2
0.973,-0.126,-3.149E-2
0.990,-0.125,-3.337E-2
1.006,-0.124,-3.569E-2
1.023,-0.122,-3.776E-2
1.040,-0.120,-4.079E-2
1.057,-0.118,-4.312E-2
1.074,-0.119,-4.267E-2
1.090,-0.120,-4.091E-2
1.107,-0.121,-3.895E-2
1.124,-0.122,-3.683E-2
1.141,-0.123,-3.479E-2
1.157,-0.124,-3.322E-2
1.174,-0.124,-3.323E-2
1.191,-0.123,-3.342E-2
1.208,-0.123,-3.318E-2
1.225,-0.122,-3.272E-2
1.241,-0.122,-3.242E-2
1.258,-0.122,-3.151E-2
1.275,-0.121,-3.208E-2
1.292,-0.121,-3.052E-2
1.308,-0.122,-2.960E-2
1.325,-0.123,-2.868E-2
1.342,-0.123,-2.891E-2
1.359,-0.125,-2.765E-2
1.375,-0.125,-2.685E-2
1.392,-0.126,-2.637E-2
1.409,-0.126,-2.603E-2
1.426,-0.126,-2.633E-2
1.443,-0.126,-2.767E-2
1.459,-0.124,-2.793E-2
1.476,-0.124,-2.864E-2
1.493,-0.123,-3.052E-2
1.510,-0.123,-2.954E-2
1.526,-0.123,-2.965E-2
1.543,-0.123,-3.029E-2
1.560,-0.122,-3.248E-2
1.577,-0.121,-3.359E-2
1.594,-0.120,-3.324E-2
1.610,-0.120,-3.413E-2
1.627,-0.120,-3.320E-2
1.644,-0.120,-3.269E-2
1.661,-0.121,-3.303E-2
1.677,-0.122,-3.199E-2
1.694,-0.122,-3.314E-2
1.711,-0.122,-3.332E-2
1.728,-0.121,-3.424E-2
1.745,-0.121,-3.585E-2
1.761,-0.121,-3.525E-2
1.778,-0.122,-3.492E-2
1.795,-0.122,-3.521E-2
1.812,-0.123,-3.589E-2
1.828,-0.123,-3.625E-2
1.845,-0.123,-3.888E-2
1.862,-0.123,-3.961E-2
1.879,-0.123,-3.855E-2
1.895,-0.122,-4.065E-2
1.912,-0.121,-3.945E-2
1.929,-0.122,-4.161E-2
1.946,-0.121,-4.003E-2
1.963,-0.121,-3.899E-2
1.979,-0.121,-3.860E-2
1.996,-0.120,-3.805E-2
2.013,-0.120,-3.780E-2
2.030,-0.121,-3.624E-2
2.046,-0.121,-3.414E-2
2.063,-0.121,-3.400E-2
2.080,-0.121,-3.331E-2
2.097,-0.121,-3.215E-2
2.114,-0.122,-3.153E-2
2.130,-0.122,-3.122E-2
2.147,-0.122,-3.067E-2
2.164,-0.123,-3.016E-2
2.181,-0.123,-2.960E-2
2.197,-0.123,-2.869E-2
2.214,-0.123,-2.692E-2
2.231,-0.123,-2.663E-2
2.248,-0.123,-2.663E-2
2.265,-0.122,-2.875E-2
2.281,-0.122,-2.932E-2
2.298,-0.122,-3.012E-2
2.315,-0.121,-3.039E-2
2.332,-0.121,-3.130E-2
2.348,-0.121,-3.119E-2
2.365,-0.121,-3.104E-2
2.382,-0.122,-3.209E-2
2.399,-0.122,-3.233E-2
2.415,-0.122,-3.319E-2
2.432,-0.122,-3.583E-2
2.449,-0.121,-3.746E-2
2.466,-0.120,-4.010E-2
2.483,-0.119,-4.224E-2
2.499,-0.118,-4.422E-2
2.516,-0.117,-4.545E-2
2.533,-0.117,-4.600E-2
2.550,-0.117,-4.687E-2
2.566,-0.116,-4.630E-2
2.583,-0.116,-4.603E-2
2.600,-0.116,-4.505E-2
2.617,-0.116,-4.416E-2
2.634,-0.117,-4.359E-2
2.650,-0.117,-4.117E-2
2.667,-0.117,-3.921E-2
2.684,-0.118,-3.751E-2
2.701,-0.118,-3.516E-2
2.717,-0.118,-3.402E-2
2.734,-0.119,-3.347E-2
2.751,-0.119,-3.321E-2
2.768,-0.120,-3.214E-2
2.785,-0.120,-3.068E-2
2.801,-0.121,-2.961E-2
2.818,-0.122,-2.894E-2
2.835,-0.121,-2.720E-2
2.852,-0.121,-2.608E-2
2.868,-0.121,-2.535E-2
2.885,-0.121,-2.526E-2
2.902,-0.121,-2.593E-2
2.919,-0.120,-2.715E-2
2.935,-0.119,-2.762E-2
2.952,-0.118,-3.063E-2
2.969,-0.118,-3.161E-2
2.986,-0.118,-3.143E-2
3.003,-0.118,-3.314E-2
3.019,-0.118,-3.473E-2
3.036,-0.118,-3.423E-2
3.053,-0.118,-3.330E-2
3.070,-0.117,-3.284E-2
3.086,-0.117,-3.404E-2
3.103,-0.117,-3.501E-2
3.120,-0.118,-3.693E-2
3.137,-0.117,-3.973E-2
3.154,-0.115,-4.241E-2
3.170,-0.114,-4.565E-2
3.187,-0.115,-4.694E-2
3.204,-0.116,-4.537E-2
3.221,-0.117,-4.375E-2
3.237,-0.117,-4.105E-2
3.254,-0.118,-3.875E-2
3.271,-0.119,-3.814E-2
3.288,-0.119,-3.869E-2
3.305,-0.119,-3.935E-2
3.321,-0.120,-3.881E-2
3.338,-0.120,-3.867E-2
3.355,-0.120,-3.769E-2
3.372,-0.120,-3.781E-2
3.388,-0.120,-3.861E-2
3.405,-0.119,-3.967E-2
3.422,-0.119,-3.951E-2
3.439,-0.119,-3.983E-2
3.455,-0.119,-3.895E-2
3.472,-0.120,-3.690E-2
3.489,-0.121,-3.593E-2
3.506,-0.121,-3.452E-2
3.523,-0.121,-3.323E-2
3.539,-0.122,-3.249E-2
3.556,-0.122,-3.333E-2
3.573,-0.122,-3.267E-2
3.590,-0.122,-3.222E-2
3.606,-0.122,-3.319E-2
3.623,-0.122,-3.361E-2
3.640,-0.121,-3.491E-2
3.657,-0.121,-3.704E-2
3.674,-0.120,-3.598E-2
3.690,-0.120,-3.592E-2
3.707,-0.121,-3.585E-2
3.724,-0.121,-3.602E-2
3.741,-0.120,-3.667E-2
3.757,-0.121,-3.445E-2
3.774,-0.120,-3.398E-2
3.791,-0.121,-3.466E-2
3.808,-0.121,-3.300E-2
3.825,-0.121,-3.057E-2
3.841,-0.122,-3.102E-2
3.858,-0.123,-2.873E-2
3.875,-0.123,-2.679E-2
3.892,-0.124,-2.607E-2
3.908,-0.124,-2.504E-2
3.925,-0.126,-2.336E-2
3.942,-0.126,-2.096E-2
3.959,-0.127,-2.039E-2
3.975,-0.127,-2.030E-2
3.992,-0.126,-2.045E-2
4.009,-0.126,-2.080E-2
4.026,-0.127,-2.329E-2
4.043,-0.127,-2.420E-2
4.059,-0.126,-2.316E-2
4.076,-0.126,-2.641E-2
4.093,-0.125,-2.790E-2
4.110,-0.124,-2.879E-2
4.126,-0.123,-2.982E-2
4.143,-0.123,-2.941E-2
4.160,-0.123,-3.022E-2
4.177,-0.123,-2.971E-2
4.194,-0.123,-3.007E-2
4.210,-0.122,-3.113E-2
4.227,-0.123,-3.115E-2
4.244,-0.123,-3.246E-2
4.261,-0.122,-3.421E-2
4.277,-0.121,-3.521E-2
4.294,-0.121,-3.385E-2
4.311,-0.120,-3.661E-2
4.328,-0.119,-3.550E-2
4.345,-0.119,-3.233E-2
4.361,-0.121,-3.010E-2
4.378,-0.121,-2.744E-2
4.395,-0.122,-2.502E-2
4.412,-0.123,-2.382E-2
4.428,-0.123,-2.206E-2
4.445,-0.122,-2.280E-2
4.462,-0.121,-2.378E-2
4.479,-0.122,-2.544E-2
4.495,-0.122,-2.651E-2
4.512,-0.121,-2.765E-2
4.529,-0.120,-3.069E-2
4.546,-0.121,-2.960E-2
4.563,-0.120,-3.332E-2
4.579,-0.119,-3.496E-2
4.596,-0.119,-3.614E-2
4.613,-0.119,-3.499E-2
4.630,-0.120,-3.704E-2
4.646,-0.121,-3.474E-2
4.663,-0.121,-3.601E-2
4.680,-0.122,-3.552E-2
4.697,-0.121,-3.788E-2
4.714,-0.119,-3.932E-2
4.730,-0.118,-4.202E-2
4.747,-0.119,-4.070E-2
4.764,-0.120,-3.877E-2
4.781,-0.120,-3.525E-2
4.797,-0.121,-3.397E-2
4.814,-0.121,-3.299E-2
4.831,-0.122,-3.229E-2
4.848,-0.122,-3.308E-2
4.865,-0.122,-3.134E-2
4.881,-0.122,-3.049E-2
4.898,-0.122,-3.125E-2
4.915,-0.123,-3.131E-2
4.932,-0.123,-3.056E-2
4.948,-0.123,-3.040E-2
4.965,-0.123,-3.148E-2
4.982,-0.122,-3.154E-2
4.999,-0.121,-3.371E-2
5.015,-0.121,-3.310E-2
5.032,-0.121,-3.248E-2
5.049,-0.122,-3.240E-2
5.066,-0.122,-3.149E-2
5.083,-0.123,-3.123E-2
5.099,-0.124,-3.122E-2
5.116,-0.124,-3.131E-2
5.133,-0.125,-3.161E-2
5.150,-0.125,-3.320E-2
5.166,-0.126,-3.438E-2
5.183,-0.125,-3.737E-2
5.200,-0.123,-3.990E-2
5.217,-0.122,-4.145E-2
5.234,-0.121,-4.098E-2
5.250,-0.122,-3.963E-2
5.267,-0.121,-3.777E-2
5.284,-0.121,-3.617E-2
5.301,-0.121,-3.402E-2
5.317,-0.121,-3.076E-2
5.334,-0.122,-2.936E-2
5.351,-0.122,-2.759E-2
5.368,-0.121,-2.760E-2
5.385,-0.122,-3.021E-2
5.401,-0.120,-3.106E-2
5.418,-0.122,-3.036E-2
5.435,-0.124,-2.998E-2
5.452,-0.125,-2.677E-2
5.468,-0.126,-2.576E-2
5.485,-0.127,-2.487E-2
5.502,-0.127,-2.489E-2
5.519,-0.127,-2.819E-2
5.535,-0.126,-2.966E-2
5.552,-0.124,-3.267E-2
5.569,-0.121,-3.603E-2
5.586,-0.120,-3.781E-2
5.603,-0.120,-4.031E-2
5.619,-0.120,-3.961E-2
5.636,-0.121,-3.956E-2
5.653,-0.122,-3.867E-2
5.670,-0.122,-3.852E-2
5.686,-0.123,-3.844E-2
5.703,-0.122,-3.864E-2
5.720,-0.121,-3.978E-2
5.737,-0.120,-3.888E-2
5.754,-0.120,-3.736E-2
5.770,-0.120,-3.592E-2
5.787,-0.121,-3.411E-2
5.804,-0.121,-3.336E-2
5.821,-0.121,-3.228E-2
5.837,-0.121,-3.140E-2
5.854,-0.122,-2.981E-2
5.871,-0.123,-2.883E-2
5.888,-0.122,-2.766E-2
5.905,-0.122,-2.586E-2
5.921,-0.123,-2.827E-2
5.938,-0.122,-2.794E-2
5.955,-0.124,-2.517E-2
5.972,-0.125,-2.609E-2
5.988,-0.125,-2.494E-2
6.005,-0.125,-2.642E-2
6.022,-0.126,-2.642E-2
6.039,-0.126,-2.517E-2
6.055,-0.126,-2.729E-2
6.072,-0.126,-2.547E-2
6.089,-0.126,-2.586E-2
6.106,-0.126,-2.666E-2
6.123,-0.124,-2.801E-2
6.139,-0.124,-3.100E-2
6.156,-0.122,-3.218E-2
6.173,-0.122,-3.247E-2
6.190,-0.123,-2.979E-2
6.206,-0.122,-2.962E-2
6.223,-0.122,-3.238E-2
6.240,-0.123,-3.133E-2
6.257,-0.125,-3.044E-2
6.274,-0.126,-2.938E-2
6.290,-0.126,-2.857E-2
6.307,-0.127,-2.933E-2
6.324,-0.127,-3.201E-2
6.341,-0.127,-3.364E-2
6.357,-0.127,-3.308E-2
6.374,-0.126,-3.664E-2
6.391,-0.124,-3.737E-2
6.408,-0.123,-3.835E-2
6.425,-0.122,-3.681E-2
6.441,-0.120,-3.769E-2
6.458,-0.121,-3.780E-2
6.475,-0.121,-3.779E-2
6.492,-0.122,-3.723E-2
6.508,-0.122,-3.587E-2
6.525,-0.123,-3.412E-2
6.542,-0.123,-3.229E-2
6.559,-0.123,-3.210E-2
6.575,-0.123,-3.148E-2
6.592,-0.124,-3.104E-2
6.609,-0.124,-3.007E-2
6.626,-0.125,-2.970E-2
6.643,-0.125,-3.007E-2
6.659,-0.125,-2.818E-2
6.676,-0.124,-3.029E-2
6.693,-0.123,-3.016E-2
6.710,-0.124,-2.895E-2
6.726,-0.125,-2.790E-2
6.743,-0.126,-2.739E-2
6.760,-0.125,-3.011E-2
6.777,-0.122,-3.126E-2
6.794,-0.121,-3.238E-2
6.810,-0.122,-3.284E-2
6.827,-0.122,-3.048E-2
6.844,-0.122,-2.945E-2
6.861,-0.122,-2.846E-2
6.877,-0.124,-2.685E-2
6.894,-0.124,-2.758E-2
6.911,-0.123,-2.883E-2
6.928,-0.123,-2.887E-2
6.945,-0.124,-2.740E-2
6.961,-0.124,-2.713E-2
6.978,-0.122,-2.669E-2
6.995,-0.121,-2.627E-2
7.012,-0.121,-2.496E-2
7.028,-0.121,-2.459E-2
7.045,-0.122,-2.556E-2
7.062,-0.123,-2.396E-2
7.079,-0.124,-2.328E-2
7.095,-0.125,-2.138E-2
7.112,-0.127,-2.128E-2
7.129,-0.128,-2.046E-2
7.146,-0.128,-2.078E-2
7.163,-0.128,-2.032E-2
7.179,-0.130,-2.332E-2
7.196,-0.130,-2.439E-2
7.213,-0.130,-2.513E-2
7.230,-0.129,-2.775E-2
7.246,-0.128,-2.952E-2
7.263,-0.127,-3.144E-2
7.280,-0.126,-3.256E-2
7.297,-0.122,-3.524E-2
7.314,-0.121,-3.882E-2
7.330,-0.122,-3.828E-2
7.347,-0.121,-3.930E-2
7.364,-0.120,-3.791E-2
7.381,-0.119,-3.882E-2
7.397,-0.119,-3.783E-2
7.414,-0.119,-3.685E-2
7.431,-0.120,-3.547E-2
7.448,-0.120,-3.342E-2
7.465,-0.121,-3.267E-2
7.481,-0.121,-3.111E-2
7.498,-0.121,-2.958E-2
7.515,-0.122,-2.867E-2
7.532,-0.123,-3.037E-2
7.548,-0.122,-3.159E-2
7.565,-0.120,-3.321E-2
7.582,-0.120,-3.527E-2
7.599,-0.120,-3.638E-2
7.615,-0.120,-3.695E-2
7.632,-0.120,-3.742E-2
7.649,-0.120,-3.714E-2
7.666,-0.120,-3.929E-2
7.683,-0.120,-3.985E-2
7.699,-0.120,-4.003E-2
7.716,-0.121,-3.962E-2
7.733,-0.122,-3.853E-2
7.750,-0.121,-3.697E-2
7.766,-0.121,-3.572E-2
7.783,-0.121,-3.478E-2
7.800,-0.122,-3.402E-2
7.817,-0.122,-3.233E-2
7.834,-0.122,-3.058E-2
7.850,-0.121,-2.869E-2
7.867,-0.121,-2.925E-2
7.884,-0.121,-2.795E-2
7.901,-0.120,-2.633E-2
7.917,-0.120,-2.479E-2
7.934,-0.121,-2.402E-2
7.951,-0.121,-2.411E-2
7.968,-0.122,-2.217E-2
7.985,-0.123,-2.213E-2
8.001,-0.123,-2.274E-2
8.018,-0.123,-2.370E-2
8.035,-0.123,-2.493E-2
8.052,-0.123,-2.696E-2
8.068,-0.122,-2.883E-2
8.085,-0.121,-3.110E-2
8.102,-0.121,-3.357E-2
8.119,-0.120,-3.581E-2
8.135,-0.119,-3.702E-2
8.152,-0.119,-3.598E-2
8.169,-0.119,-3.766E-2
8.186,-0.120,-3.594E-2
8.203,-0.120,-3.662E-2
8.219,-0.121,-3.688E-2
8.236,-0.123,-3.588E-2
8.253,-0.124,-3.401E-2
8.270,-0.126,-3.187E-2
8.286,-0.127,-3.192E-2
8.303,-0.127,-3.231E-2
8.320,-0.128,-3.419E-2
8.337,-0.127,-3.560E-2
8.354,-0.127,-3.730E-2
8.370,-0.125,-3.823E-2
8.387,-0.124,-4.009E-2
8.404,-0.122,-4.270E-2
8.421,-0.120,-4.519E-2
8.437,-0.118,-4.786E-2
8.454,-0.118,-4.913E-2
8.471,-0.118,-4.775E-2
8.488,-0.118,-4.612E-2
8.505,-0.119,-4.495E-2
8.521,-0.119,-4.190E-2
8.538,-0.120,-3.909E-2
8.555,-0.121,-3.579E-2
8.572,-0.123,-3.200E-2
8.588,-0.123,-2.936E-2
8.605,-0.124,-2.774E-2
8.622,-0.124,-2.595E-2
8.639,-0.123,-2.737E-2
8.655,-0.122,-2.936E-2
8.672,-0.119,-3.224E-2
8.689,-0.116,-3.710E-2
8.706,-0.114,-3.989E-2
8.723,-0.116,-3.824E-2
8.739,-0.118,-3.456E-2
8.756,-0.118,-2.975E-2
8.773,-0.119,-2.592E-2
8.790,-0.120,-2.379E-2
8.806,-0.121,-2.025E-2
8.823,-0.121,-1.933E-2
8.840,-0.123,-1.763E-2
8.857,-0.123,-1.670E-2
8.874,-0.123,-1.596E-2
8.890,-0.123,-1.616E-2
8.907,-0.123,-1.825E-2
8.924,-0.124,-1.757E-2
8.941,-0.125,-1.758E-2
8.957,-0.125,-1.845E-2
8.974,-0.124,-1.956E-2
8.991,-0.123,-2.055E-2
9.008,-0.122,-2.389E-2
9.025,-0.122,-2.507E-2
9.041,-0.122,-2.513E-2
9.058,-0.122,-2.649E-2
9.075,-0.123,-2.774E-2
9.092,-0.122,-2.881E-2
9.108,-0.123,-2.924E-2
9.125,-0.122,-3.057E-2
9.142,-0.123,-3.043E-2
9.159,-0.123,-3.043E-2
9.175,-0.122,-3.046E-2
9.192,-0.122,-3.135E-2
9.209,-0.121,-3.218E-2
9.226,-0.120,-3.265E-2
9.243,-0.119,-3.379E-2
9.259,-0.118,-3.439E-2
9.276,-0.116,-3.496E-2
9.293,-0.116,-3.313E-2
9.310,-0.117,-3.151E-2
9.326,-0.117,-3.068E-2
9.343,-0.117,-3.019E-2
9.360,-0.118,-2.872E-2
9.377,-0.118,-2.873E-2
9.394,-0.118,-2.862E-2
9.410,-0.119,-2.780E-2
9.427,-0.120,-2.680E-2
9.444,-0.120,-2.415E-2
9.461,-0.120,-2.505E-2
9.477,-0.119,-2.706E-2
9.494,-0.119,-2.864E-2
9.511,-0.120,-2.883E-2
9.528,-0.120,-2.778E-2
9.545,-0.120,-2.776E-2
9.561,-0.121,-2.861E-2
9.578,-0.121,-2.779E-2
9.595,-0.121,-2.779E-2
9.612,-0.122,-2.980E-2
9.628,-0.122,-2.985E-2
9.645,-0.122,-2.809E-2
9.662,-0.121,-3.015E-2
9.679,-0.122,-2.802E-2
9.695,-0.122,-2.738E-2
9.712,-0.122,-2.746E-2
9.729,-0.122,-2.726E-2
9.746,-0.121,-2.795E-2
9.763,-0.122,-3.009E-2
9.779,-0.122,-3.077E-2
9.796,-0.121,-3.153E-2
9.813,-0.121,-3.204E-2
9.830,-0.121,-3.142E-2
9.846,-0.121,-3.049E-2
9.863,-0.121,-3.036E-2
9.880,-0.121,-3.075E-2
9.897,-0.121,-3.048E-2
9.914,-0.120,-2.961E-2
9.930,-0.121,-2.949E-2
9.947,-0.121,-3.020E-2
9.964,-0.120,-2.977E-2
9.981,-0.121,-3.063E-2
9.997,-0.120,-3.219E-2
10.014,-0.120,-3.383E-2
10.031,-0.120,-3.238E-2
10.048,-0.121,-3.426E-2
10.065,-0.121,-3.233E-2
10.081,-0.122,-3.213E-2
10.098,-0.122,-3.083E-2
10.115,-0.122,-3.039E-2
10.132,-0.122,-2.957E-2
10.148,-0.123,-3.163E-2
10.165,-0.123,-3.228E-2
10.182,-0.123,-3.132E-2
10.199,-0.124,-2.872E-2
10.215,-0.125,-2.675E-2
10.232,-0.127,-2.591E-2
10.249,-0.128,-2.358E-2
10.266,-0.128,-2.325E-2
10.283,-0.128,-2.337E-2
10.299,-0.128,-2.642E-2
10.316,-0.128,-2.772E-2
10.333,-0.127,-2.920E-2
10.350,-0.126,-3.093E-2
10.366,-0.125,-3.320E-2
10.383,-0.124,-3.526E-2
10.400,-0.123,-3.744E-2
10.417,-0.122,-3.967E-2
10.434,-0.122,-3.893E-2
10.450,-0.121,-3.990E-2
10.467,-0.120,-3.967E-2
10.484,-0.119,-3.899E-2
10.501,-0.119,-3.782E-2
10.517,-0.119,-3.693E-2
10.534,-0.118,-3.686E-2
10.551,-0.119,-3.799E-2
10.568,-0.119,-3.720E-2
10.585,-0.118,-3.705E-2
10.601,-0.119,-3.657E-2
10.618,-0.119,-3.675E-2
10.635,-0.119,-3.508E-2
10.652,-0.120,-3.543E-2
10.668,-0.120,-3.418E-2
10.685,-0.121,-3.397E-2
10.702,-0.121,-3.230E-2
10.719,-0.122,-3.130E-2
10.735,-0.123,-3.097E-2
10.752,-0.124,-2.932E-2
10.769,-0.123,-3.006E-2
10.786,-0.123,-2.974E-2
10.803,-0.123,-2.892E-2
10.819,-0.122,-2.837E-2
10.836,-0.122,-2.878E-2
10.853,-0.122,-2.788E-2
10.870,-0.122,-3.016E-2
10.886,-0.121,-2.863E-2
10.903,-0.121,-2.979E-2
10.920,-0.122,-2.998E-2
10.937,-0.121,-2.982E-2
10.954,-0.121,-3.157E-2
10.970,-0.121,-2.933E-2
10.987,-0.121,-3.141E-2
11.004,-0.121,-2.986E-2
11.021,-0.123,-2.854E-2
11.037,-0.123,-2.750E-2
11.054,-0.124,-2.688E-2
11.071,-0.124,-2.650E-2
11.088,-0.122,-2.502E-2
11.105,-0.121,-2.557E-2
11.121,-0.121,-2.586E-2
11.138,-0.120,-2.649E-2
11.155,-0.120,-2.600E-2
11.172,-0.121,-2.790E-2
11.188,-0.121,-2.503E-2
11.205,-0.122,-2.489E-2
11.222,-0.122,-2.354E-2
11.239,-0.123,-2.203E-2
11.255,-0.124,-2.160E-2
11.272,-0.125,-2.159E-2
11.289,-0.126,-2.055E-2
11.306,-0.127,-1.937E-2
11.323,-0.127,-2.048E-2
11.339,-0.127,-1.948E-2
11.356,-0.126,-2.383E-2
11.373,-0.125,-2.697E-2
11.390,-0.123,-2.975E-2
11.406,-0.121,-3.293E-2
11.423,-0.120,-3.481E-2
11.440,-0.119,-3.518E-2
11.457,-0.119,-3.221E-2
11.474,-0.118,-3.142E-2
11.490,-0.117,-3.135E-2
11.507,-0.117,-3.031E-2
11.524,-0.117,-2.864E-2
11.541,-0.118,-2.858E-2
11.557,-0.119,-2.746E-2
11.574,-0.120,-2.615E-2
11.591,-0.120,-2.504E-2
11.608,-0.120,-2.479E-2
11.625,-0.121,-2.513E-2
11.641,-0.122,-2.425E-2
11.658,-0.123,-2.516E-2
11.675,-0.124,-2.498E-2
11.692,-0.124,-2.476E-2
11.708,-0.125,-2.731E-2
11.725,-0.124,-2.819E-2
11.742,-0.123,-2.886E-2
11.759,-0.122,-2.998E-2
11.775,-0.122,-3.142E-2
11.792,-0.122,-3.233E-2
11.809,-0.122,-3.325E-2
11.826,-0.122,-3.346E-2
11.843,-0.122,-3.230E-2
11.859,-0.122,-3.289E-2
11.876,-0.122,-3.337E-2
11.893,-0.121,-3.528E-2
11.910,-0.121,-3.635E-2
11.926,-0.120,-3.607E-2
11.943,-0.119,-3.747E-2
11.960,-0.120,-3.738E-2
11.977,-0.120,-3.666E-2
11.994,-0.120,-3.647E-2
12.010,-0.120,-3.404E-2
12.027,-0.120,-3.411E-2
12.044,-0.121,-3.324E-2
12.061,-0.121,-3.332E-2
12.077,-0.121,-3.141E-2
12.094,-0.121,-3.141E-2
12.111,-0.122,-3.138E-2
12.128,-0.123,-3.038E-2
12.145,-0.123,-2.860E-2
12.161,-0.124,-2.733E-2
12.178,-0.126,-2.632E-2
12.195,-0.126,-2.483E-2
12.212,-0.126,-2.630E-2
12.228,-0.125,-2.619E-2
12.245,-0.124,-2.697E-2
12.262,-0.124,-2.748E-2
12.279,-0.123,-2.846E-2
12.295,-0.123,-2.893E-2
12.312,-0.124,-2.865E-2
12.329,-0.124,-2.957E-2
12.346,-0.123,-3.043E-2
12.363,-0.122,-3.199E-2
12.379,-0.122,-3.294E-2
12.396,-0.123,-3.319E-2
12.413,-0.124,-3.412E-2
12.430,-0.124,-3.432E-2
12.446,-0.124,-3.529E-2
12.463,-0.124,-3.778E-2
12.480,-0.124,-3.872E-2
12.497,-0.122,-3.787E-2
12.514,-0.121,-3.869E-2
12.530,-0.120,-4.049E-2
12.547,-0.119,-3.942E-2
12.564,-0.119,-3.929E-2
12.581,-0.119,-3.776E-2
12.597,-0.120,-3.598E-2
12.614,-0.120,-3.450E-2
12.631,-0.120,-3.301E-2
12.648,-0.121,-3.167E-2
12.665,-0.122,-2.998E-2
12.681,-0.122,-3.067E-2
12.698,-0.123,-3.049E-2
12.715,-0.122,-3.060E-2
12.732,-0.122,-3.297E-2
12.748,-0.122,-3.413E-2
12.765,-0.122,-3.504E-2
12.782,-0.121,-3.527E-2
12.799,-0.121,-3.706E-2
12.815,-0.121,-3.790E-2
12.832,-0.121,-3.797E-2
12.849,-0.120,-3.758E-2
12.866,-0.120,-3.775E-2
12.883,-0.121,-3.771E-2
12.899,-0.121,-3.770E-2
12.916,-0.121,-3.691E-2
12.933,-0.121,-3.621E-2
12.950,-0.122,-3.629E-2
12.966,-0.122,-3.701E-2
12.983,-0.122,-3.544E-2
13.000,-0.122,-3.385E-2
13.017,-0.123,-3.404E-2
13.034,-0.122,-3.507E-2
13.050,-0.121,-3.738E-2
13.067,-0.121,-3.928E-2
13.084,-0.120,-4.067E-2
13.101,-0.120,-4.209E-2
13.117,-0.120,-4.245E-2
13.134,-0.120,-4.249E-2
13.151,-0.120,-4.232E-2
13.168,-0.120,-4.323E-2
13.185,-0.120,-4.383E-2
13.201,-0.120,-4.331E-2
13.218,-0.120,-4.137E-2
13.235,-0.120,-4.158E-2
13.252,-0.120,-4.015E-2
13.268,-0.119,-3.870E-2
13.285,-0.120,-3.736E-2
13.302,-0.120,-3.392E-2
13.319,-0.121,-3.118E-2
13.335,-0.121,-2.867E-2
13.352,-0.121,-2.779E-2
13.369,-0.121,-2.779E-2
13.386,-0.121,-3.126E-2
13.403,-0.122,-3.035E-2
13.419,-0.122,-3.065E-2
13.436,-0.122,-2.900E-2
13.453,-0.123,-2.974E-2
13.470,-0.122,-2.897E-2
13.486,-0.122,-2.785E-2
13.503,-0.123,-2.736E-2
13.520,-0.124,-2.497E-2
13.537,-0.124,-2.480E-2
13.554,-0.125,-2.404E-2
13.570,-0.125,-2.539E-2
13.587,-0.125,-2.517E-2
13.604,-0.126,-2.302E-2
13.621,-0.127,-2.266E-2
13.637,-0.128,-2.223E-2
13.654,-0.129,-2.288E-2
13.671,-0.129,-2.350E-2
13.688,-0.129,-2.636E-2
13.705,-0.128,-2.581E-2
13.721,-0.128,-2.934E-2
13.738,-0.128,-3.113E-2
13.755,-0.126,-3.361E-2
13.772,-0.122,-3.591E-2
13.788,-0.120,-3.835E-2
13.805,-0.118,-4.008E-2
13.822,-0.117,-4.152E-2
13.839,-0.117,-4.081E-2
13.855,-0.117,-3.966E-2
13.872,-0.119,-3.770E-2
13.889,-0.120,-3.423E-2
13.906,-0.120,-3.120E-2
13.923,-0.121,-2.927E-2
13.939,-0.122,-2.699E-2
13.956,-0.122,-2.825E-2
13.973,-0.121,-2.766E-2
13.990,-0.121,-3.028E-2
14.006,-0.120,-3.244E-2
14.023,-0.119,-3.228E-2
14.040,-0.120,-3.250E-2
14.057,-0.121,-3.307E-2
14.074,-0.121,-3.231E-2
14.090,-0.122,-3.300E-2
14.107,-0.123,-3.233E-2
14.124,-0.122,-3.416E-2
14.141,-0.121,-3.621E-2
14.157,-0.120,-3.743E-2
14.174,-0.120,-3.678E-2
14.191,-0.119,-3.801E-2
14.208,-0.118,-3.769E-2
14.224,-0.118,-3.692E-2
14.241,-0.118,-3.690E-2
14.258,-0.118,-3.760E-2
14.275,-0.118,-3.721E-2
14.292,-0.118,-3.813E-2
14.308,-0.118,-3.883E-2
14.325,-0.118,-3.769E-2
14.342,-0.119,-3.651E-2
14.359,-0.119,-3.538E-2
14.375,-0.119,-3.447E-2
14.392,-0.119,-3.254E-2
14.409,-0.120,-3.162E-2
14.426,-0.122,-3.083E-2
14.443,-0.122,-3.237E-2
14.459,-0.123,-2.966E-2
14.476,-0.123,-3.143E-2
14.493,-0.124,-3.110E-2
14.510,-0.124,-3.169E-2
14.526,-0.122,-3.247E-2
14.543,-0.122,-3.343E-2
14.560,-0.121,-3.424E-2
14.577,-0.121,-3.317E-2
14.594,-0.120,-3.348E-2
14.610,-0.122,-3.109E-2
14.627,-0.121,-3.283E-2
14.644,-0.122,-3.243E-2
14.661,-0.122,-3.223E-2
14.677,-0.122,-3.156E-2
14.694,-0.123,-3.236E-2
14.711,-0.123,-3.043E-2
14.728,-0.124,-3.025E-2
14.744,-0.124,-3.068E-2
14.761,-0.124,-3.134E-2
14.778,-0.124,-3.300E-2
14.795,-0.123,-3.406E-2
14.812,-0.122,-3.742E-2
14.828,-0.120,-3.764E-2
14.845,-0.118,-3.966E-2
14.862,-0.118,-3.973E-2
14.879,-0.119,-3.938E-2
14.895,-0.120,-3.712E-2
14.912,-0.121,-3.432E-2
14.929,-0.122,-3.149E-2
14.946,-0.123,-3.064E-2
14.963,-0.123,-2.843E-2
14.979,-0.123,-2.783E-2
14.996,-0.125,-2.498E-2
15.013,-0.124,-2.526E-2
15.030,-0.125,-2.508E-2
15.046,-0.122,-2.457E-2
15.063,-0.120,-2.676E-2
15.080,-0.122,-2.626E-2
15.097,-0.122,-2.618E-2
15.114,-0.123,-2.412E-2
15.130,-0.124,-2.364E-2
15.147,-0.125,-2.402E-2
15.164,-0.126,-2.500E-2
15.181,-0.125,-2.672E-2
15.197,-0.126,-2.628E-2
15.214,-0.125,-2.776E-2
15.231,-0.125,-3.028E-2
15.248,-0.124,-3.191E-2
15.264,-0.122,-3.382E-2
15.281,-0.122,-3.478E-2
15.298,-0.121,-3.437E-2
15.315,-0.121,-3.350E-2
15.332,-0.121,-3.042E-2
15.348,-0.121,-2.923E-2
15.365,-0.120,-3.067E-2
15.382,-0.121,-2.728E-2
15.399,-0.122,-2.689E-2
15.415,-0.123,-2.594E-2
15.432,-0.123,-2.424E-2
15.449,-0.124,-2.604E-2
15.466,-0.125,-2.475E-2
15.483,-0.125,-2.568E-2
15.499,-0.126,-2.730E-2
15.516,-0.126,-2.801E-2
15.533,-0.125,-2.934E-2
15.550,-0.125,-3.026E-2
15.566,-0.124,-3.112E-2
15.583,-0.123,-3.246E-2
15.600,-0.122,-3.333E-2
15.617,-0.122,-3.501E-2
15.634,-0.122,-3.492E-2
15.650,-0.123,-3.473E-2
15.667,-0.123,-3.484E-2
15.684,-0.123,-3.518E-2
15.701,-0.122,-3.687E-2
15.717,-0.121,-3.737E-2
15.734,-0.121,-3.684E-2
15.751,-0.120,-3.756E-2
15.768,-0.120,-3.660E-2
15.784,-0.121,-3.352E-2
15.801,-0.121,-3.227E-2
15.818,-0.122,-3.110E-2
15.835,-0.123,-2.864E-2
15.852,-0.124,-2.663E-2
15.868,-0.126,-2.426E-2
15.885,-0.126,-2.403E-2
15.902,-0.125,-2.438E-2
15.919,-0.123,-2.429E-2
15.935,-0.126,-2.303E-2
15.952,-0.126,-2.226E-2
15.969,-0.128,-2.180E-2
15.986,-0.126,-2.016E-2
16.003,-0.127,-2.359E-2
16.019,-0.125,-2.478E-2
16.036,-0.123,-2.277E-2
16.053,-0.120,-2.370E-2
16.070,-0.122,-2.309E-2
16.086,-0.122,-2.342E-2
16.103,-0.121,-2.329E-2
16.120,-0.121,-2.246E-2
16.137,-0.122,-2.147E-2
16.154,-0.123,-1.942E-2
16.170,-0.123,-1.787E-2
16.187,-0.124,-1.813E-2
16.204,-0.124,-1.803E-2
16.221,-0.125,-1.848E-2
16.237,-0.126,-2.048E-2
16.254,-0.127,-2.076E-2
16.271,-0.128,-2.082E-2
16.288,-0.129,-1.893E-2
16.304,-0.129,-1.940E-2
16.321,-0.129,-2.326E-2
16.338,-0.128,-2.497E-2
16.355,-0.127,-2.753E-2
16.372,-0.125,-3.114E-2
16.388,-0.122,-3.266E-2
16.405,-0.119,-3.417E-2
16.422,-0.119,-3.567E-2
16.439,-0.119,-3.526E-2
16.455,-0.118,-3.578E-2
16.472,-0.119,-3.430E-2
16.489,-0.119,-3.412E-2
16.506,-0.118,-3.356E-2
16.523,-0.119,-3.333E-2
16.539,-0.120,-3.316E-2
16.556,-0.119,-3.321E-2
16.573,-0.120,-3.402E-2
16.590,-0.121,-3.560E-2
16.606,-0.122,-3.321E-2
16.623,-0.123,-3.317E-2
16.640,-0.124,-3.406E-2
16.657,-0.124,-3.389E-2
16.674,-0.125,-3.371E-2
16.690,-0.124,-3.379E-2
16.707,-0.124,-3.600E-2
16.724,-0.123,-3.664E-2
16.741,-0.123,-3.734E-2
16.757,-0.122,-3.757E-2
16.774,-0.120,-3.951E-2
16.791,-0.118,-4.217E-2
16.808,-0.117,-4.231E-2
16.824,-0.117,-4.270E-2
16.841,-0.118,-4.204E-2
16.858,-0.118,-4.056E-2
16.875,-0.119,-3.877E-2
16.892,-0.119,-3.779E-2
16.908,-0.120,-3.693E-2
16.925,-0.120,-3.520E-2
16.942,-0.120,-3.322E-2
16.959,-0.121,-3.234E-2
16.975,-0.121,-3.130E-2
16.992,-0.122,-3.031E-2
17.009,-0.121,-2.898E-2
17.026,-0.122,-2.842E-2
17.043,-0.122,-2.807E-2
17.059,-0.122,-2.761E-2
17.076,-0.120,-3.059E-2
17.093,-0.118,-3.277E-2
17.110,-0.116,-3.438E-2
17.126,-0.117,-3.220E-2
17.143,-0.118,-2.927E-2
17.160,-0.120,-2.579E-2
17.177,-0.121,-2.297E-2
17.194,-0.122,-1.888E-2
17.210,-0.123,-1.760E-2
17.227,-0.124,-1.701E-2
17.244,-0.124,-1.693E-2
17.261,-0.125,-1.735E-2
17.277,-0.125,-1.754E-2
17.294,-0.126,-1.941E-2
17.311,-0.126,-2.261E-2
17.328,-0.124,-2.491E-2
17.344,-0.122,-2.877E-2
17.361,-0.121,-3.185E-2
17.378,-0.120,-3.467E-2
17.395,-0.119,-3.654E-2
17.412,-0.119,-3.624E-2
17.428,-0.120,-3.428E-2
17.445,-0.120,-3.440E-2
17.462,-0.120,-3.496E-2
17.479,-0.120,-3.601E-2
17.495,-0.121,-3.636E-2
17.512,-0.122,-3.612E-2
17.529,-0.123,-3.641E-2
17.546,-0.123,-3.660E-2
17.563,-0.124,-3.659E-2
17.579,-0.124,-3.584E-2
17.596,-0.124,-3.497E-2
17.613,-0.124,-3.409E-2
17.630,-0.124,-3.317E-2
17.646,-0.125,-3.275E-2
17.663,-0.124,-3.314E-2
17.680,-0.124,-3.229E-2
17.697,-0.124,-3.222E-2
17.714,-0.123,-3.218E-2
17.730,-0.123,-3.225E-2
17.747,-0.122,-3.323E-2
17.764,-0.121,-3.413E-2
17.781,-0.121,-3.535E-2
17.797,-0.121,-3.494E-2
17.814,-0.121,-3.501E-2
17.831,-0.120,-3.486E-2
17.848,-0.121,-3.604E-2
17.864,-0.121,-3.619E-2
17.881,-0.121,-3.595E-2
17.898,-0.122,-3.539E-2
17.915,-0.122,-3.496E-2
17.932,-0.122,-3.420E-2
17.948,-0.122,-3.407E-2
17.965,-0.122,-3.421E-2
17.982,-0.122,-3.306E-2
17.999,-0.122,-3.246E-2
18.015,-0.123,-3.145E-2
18.032,-0.123,-3.206E-2
18.049,-0.123,-3.232E-2
18.066,-0.123,-3.028E-2
18.083,-0.124,-3.036E-2
18.099,-0.123,-3.053E-2
18.116,-0.121,-3.078E-2
18.133,-0.121,-3.440E-2
18.150,-0.120,-3.416E-2
18.166,-0.121,-3.422E-2
18.183,-0.121,-3.422E-2
18.200,-0.122,-3.370E-2
18.217,-0.123,-3.069E-2
18.234,-0.123,-2.863E-2
18.250,-0.126,-2.391E-2
18.267,-0.126,-2.500E-2
18.284,-0.128,-2.434E-2
18.301,-0.130,-2.104E-2
18.317,-0.132,-1.829E-2
18.334,-0.134,-1.644E-2
18.351,-0.132,-1.942E-2
18.368,-0.131,-2.466E-2
18.384,-0.127,-3.429E-2
18.401,-0.142,-5.007E-2
18.418,-0.117,-4.364E-2
18.435,-0.116,-4.501E-2
18.452,-0.118,-4.039E-2
18.468,-0.118,-3.644E-2
18.485,-0.119,-3.309E-2
18.502,-0.119,-3.149E-2
18.519,-0.120,-2.941E-2
18.535,-0.121,-2.863E-2
18.552,-0.121,-2.725E-2
18.569,-0.121,-2.768E-2
18.586,-0.121,-2.973E-2
18.603,-0.122,-3.105E-2
18.619,-0.122,-3.213E-2
18.636,-0.122,-3.218E-2
18.653,-0.121,-3.428E-2
18.670,-0.121,-3.507E-2
18.686,-0.120,-3.532E-2
18.703,-0.120,-3.356E-2
18.720,-0.120,-3.402E-2
18.737,-0.119,-3.466E-2
18.754,-0.118,-3.474E-2
18.770,-0.118,-3.528E-2
18.787,-0.117,-3.368E-2
18.804,-0.117,-3.460E-2
18.821,-0.119,-3.140E-2
18.837,-0.119,-2.909E-2
18.854,-0.119,-3.043E-2
18.871,-0.119,-2.676E-2
18.888,-0.122,-2.648E-2
18.904,-0.125,-2.196E-2
18.921,-0.128,-1.546E-2
18.938,-0.130,-1.123E-2
18.955,-0.132,-9.152E-3
18.972,-0.133,-8.528E-3
18.988,-0.132,-1.293E-2
19.005,-0.132,-1.459E-2
19.022,-0.126,-1.864E-2
19.039,-0.141,-3.432E-2
19.055,-0.123,-2.965E-2
19.072,-0.124,-2.631E-2
19.089,-0.120,-2.983E-2
19.106,-0.119,-3.064E-2
19.123,-0.119,-2.921E-2
19.139,-0.119,-3.073E-2
19.156,-0.118,-3.118E-2
19.173,-0.119,-3.162E-2
19.190,-0.119,-3.052E-2
19.206,-0.119,-3.046E-2
19.223,-0.119,-3.340E-2
19.240,-0.119,-3.315E-2
19.257,-0.121,-3.249E-2
19.274,-0.122,-3.285E-2
19.290,-0.122,-3.234E-2
19.307,-0.123,-3.246E-2
19.324,-0.123,-3.251E-2
19.341,-0.123,-3.329E-2
19.357,-0.123,-3.419E-2
19.374,-0.122,-3.495E-2
19.391,-0.122,-3.484E-2
19.408,-0.121,-3.561E-2
19.424,-0.121,-3.690E-2
19.441,-0.121,-3.641E-2
19.458,-0.122,-3.453E-2
19.475,-0.122,-3.418E-2
19.492,-0.122,-3.411E-2
19.508,-0.121,-3.402E-2
19.525,-0.121,-3.523E-2
19.542,-0.122,-3.414E-2
19.559,-0.122,-3.517E-2
19.575,-0.122,-3.298E-2
19.592,-0.123,-3.282E-2
19.609,-0.123,-3.236E-2
19.626,-0.123,-3.255E-2
19.643,-0.124,-3.115E-2
19.659,-0.123,-3.194E-2
19.676,-0.125,-3.166E-2
19.693,-0.122,-3.259E-2
19.710,-0.123,-3.194E-2
19.726,-0.122,-3.141E-2
19.743,-0.122,-3.070E-2
19.760,-0.123,-2.879E-2
19.777,-0.123,-2.838E-2
19.794,-0.123,-2.711E-2
19.810,-0.121,-2.747E-2
19.827,-0.121,-2.770E-2
19.844,-0.122,-2.697E-2
19.861,-0.123,-2.539E-2
19.877,-0.123,-2.600E-2
19.894,-0.123,-2.451E-2
19.911,-0.123,-2.441E-2
19.928,-0.124,-2.326E-2
19.944,-0.122,-2.533E-2
19.961,-0.123,-2.494E-2
19.978,-0.122,-2.570E-2
19.995,-0.121,-2.704E-2
20.012,-0.121,-2.692E-2
20.028,-0.122,-2.469E-2
20.045,-0.123,-2.409E-2
20.062,-0.123,-2.240E-2
20.079,-0.124,-2.147E-2
20.095,-0.123,-2.009E-2
20.112,-0.124,-1.961E-2
20.129,-0.124,-1.854E-2
20.146,-0.125,-1.774E-2
20.163,-0.125,-1.748E-2
20.179,-0.125,-1.747E-2
20.196,-0.125,-1.691E-2
20.213,-0.127,-1.608E-2
20.230,-0.126,-1.692E-2
20.246,-0.127,-1.694E-2
20.263,-0.127,-1.766E-2
20.280,-0.128,-2.028E-2
20.297,-0.128,-2.256E-2
20.314,-0.127,-2.518E-2
20.330,-0.126,-2.762E-2
20.347,-0.125,-3.038E-2
20.364,-0.123,-3.393E-2
20.381,-0.121,-3.680E-2
20.397,-0.119,-4.103E-2
20.414,-0.117,-4.449E-2
20.431,-0.116,-4.757E-2
20.448,-0.116,-4.923E-2
20.464,-0.116,-4.912E-2
20.481,-0.117,-4.796E-2
20.498,-0.117,-4.687E-2
20.515,-0.118,-4.512E-2
20.532,-0.118,-4.391E-2
20.548,-0.118,-4.234E-2
20.565,-0.118,-4.141E-2
20.582,-0.118,-3.970E-2
20.599,-0.119,-3.758E-2
20.615,-0.120,-3.509E-2
20.632,-0.120,-3.496E-2
20.649,-0.120,-3.416E-2
20.666,-0.120,-3.414E-2
20.683,-0.121,-3.495E-2
20.699,-0.121,-3.507E-2
20.716,-0.121,-3.497E-2
20.733,-0.122,-3.493E-2
20.750,-0.123,-3.446E-2
20.766,-0.123,-3.635E-2
20.783,-0.123,-3.584E-2
20.800,-0.123,-3.720E-2
20.817,-0.122,-3.675E-2
20.834,-0.123,-3.897E-2
20.850,-0.122,-3.949E-2
20.867,-0.122,-3.899E-2
20.884,-0.121,-3.884E-2
20.901,-0.120,-3.879E-2
20.917,-0.120,-3.905E-2
20.934,-0.120,-3.763E-2
20.951,-0.121,-3.606E-2
20.968,-0.122,-3.414E-2
20.984,-0.122,-3.228E-2
21.001,-0.122,-3.095E-2
21.018,-0.123,-2.938E-2
21.035,-0.124,-2.773E-2
21.052,-0.125,-2.735E-2
21.068,-0.126,-2.512E-2
21.085,-0.127,-2.430E-2
21.102,-0.127,-2.226E-2
21.119,-0.127,-2.314E-2
21.135,-0.124,-2.746E-2
21.152,-0.127,-2.463E-2
21.169,-0.127,-2.580E-2
21.186,-0.124,-2.925E-2
21.203,-0.123,-3.066E-2
21.219,-0.123,-3.105E-2
21.236,-0.121,-3.602E-2
21.253,-0.121,-3.579E-2
21.270,-0.122,-3.664E-2
21.286,-0.124,-3.551E-2
21.303,-0.125,-3.317E-2
21.320,-0.126,-3.138E-2
21.337,-0.127,-2.946E-2
21.354,-0.128,-3.070E-2
21.370,-0.127,-2.922E-2
21.387,-0.127,-3.070E-2
21.404,-0.125,-3.165E-2
21.421,-0.125,-3.394E-2
21.437,-0.123,-3.386E-2
21.454,-0.120,-3.611E-2
21.471,-0.120,-3.479E-2
21.488,-0.119,-3.411E-2
21.504,-0.120,-3.270E-2
21.521,-0.121,-3.143E-2
21.538,-0.121,-3.042E-2
21.555,-0.122,-3.029E-2
21.572,-0.123,-2.977E-2
21.588,-0.123,-2.955E-2
21.605,-0.123,-2.948E-2
21.622,-0.124,-2.956E-2
21.639,-0.124,-2.950E-2
21.655,-0.125,-3.021E-2
21.672,-0.125,-2.863E-2
21.689,-0.125,-2.950E-2
21.706,-0.125,-3.234E-2
21.723,-0.126,-3.187E-2
21.739,-0.126,-3.280E-2
21.756,-0.127,-3.384E-2
21.773,-0.126,-3.587E-2
21.790,-0.124,-3.752E-2
21.806,-0.123,-4.024E-2
21.823,-0.122,-4.042E-2
21.840,-0.121,-4.091E-2
21.857,-0.120,-4.198E-2
21.874,-0.120,-4.340E-2
21.890,-0.119,-4.225E-2
21.907,-0.120,-4.139E-2
21.924,-0.121,-4.004E-2
21.941,-0.122,-3.779E-2
21.957,-0.123,-3.557E-2
21.974,-0.123,-3.423E-2
21.991,-0.123,-3.307E-2
22.008,-0.123,-3.044E-2
22.024,-0.123,-3.107E-2
22.041,-0.123,-3.083E-2
22.058,-0.122,-3.224E-2
22.075,-0.121,-3.233E-2
22.092,-0.121,-3.278E-2
22.108,-0.122,-3.326E-2
22.125,-0.122,-3.255E-2
22.142,-0.122,-3.335E-2
22.159,-0.122,-3.307E-2
22.175,-0.122,-3.414E-2
22.192,-0.121,-3.602E-2
22.209,-0.121,-3.789E-2
22.226,-0.120,-3.934E-2
22.243,-0.120,-3.960E-2
22.259,-0.120,-4.047E-2
22.276,-0.120,-4.045E-2
22.293,-0.120,-4.025E-2
22.310,-0.121,-3.870E-2
22.326,-0.121,-3.767E-2
22.343,-0.121,-3.672E-2
22.360,-0.122,-3.612E-2
22.377,-0.122,-3.431E-2
22.394,-0.122,-3.336E-2
22.410,-0.122,-3.421E-2
22.427,-0.121,-3.476E-2
22.444,-0.120,-3.670E-2
22.461,-0.119,-3.707E-2
22.477,-0.119,-3.752E-2
22.494,-0.120,-3.856E-2
22.511,-0.120,-3.850E-2
22.528,-0.120,-3.818E-2
22.544,-0.120,-3.758E-2
22.561,-0.120,-3.615E-2
22.578,-0.121,-3.588E-2
22.595,-0.121,-3.468E-2
22.612,-0.122,-3.481E-2
22.628,-0.122,-3.315E-2
22.645,-0.122,-3.240E-2
22.662,-0.122,-3.140E-2
22.679,-0.122,-3.146E-2
22.695,-0.123,-3.091E-2
22.712,-0.123,-3.130E-2
22.729,-0.123,-3.214E-2
22.746,-0.122,-3.432E-2
22.763,-0.121,-3.507E-2
22.779,-0.122,-3.589E-2
22.796,-0.121,-3.722E-2
22.813,-0.122,-3.688E-2
22.830,-0.122,-3.674E-2
22.846,-0.123,-3.426E-2
22.863,-0.124,-3.226E-2
22.880,-0.126,-3.074E-2
22.897,-0.127,-3.022E-2
22.914,-0.127,-2.850E-2
22.930,-0.128,-2.870E-2
22.947,-0.129,-2.758E-2
22.964,-0.130,-2.668E-2
22.981,-0.128,-2.790E-2
22.997,-0.128,-3.207E-2
23.014,-0.124,-3.397E-2
23.031,-0.124,-3.766E-2
23.048,-0.122,-4.191E-2
23.064,-0.117,-4.580E-2
23.081,-0.115,-4.533E-2
23.098,-0.115,-4.438E-2
23.115,-0.116,-4.223E-2
23.132,-0.117,-4.047E-2
23.148,-0.118,-3.690E-2
23.165,-0.118,-3.454E-2
23.182,-0.119,-3.306E-2
23.199,-0.120,-3.329E-2
23.215,-0.120,-3.140E-2
23.232,-0.120,-3.215E-2
23.249,-0.121,-3.236E-2
23.266,-0.120,-2.960E-2
23.283,-0.121,-3.103E-2
23.299,-0.120,-2.957E-2
23.316,-0.121,-3.056E-2
23.333,-0.120,-2.887E-2
23.350,-0.120,-2.692E-2
23.366,-0.120,-2.684E-2
23.383,-0.119,-2.649E-2
23.400,-0.119,-2.671E-2
23.417,-0.120,-2.492E-2
23.434,-0.121,-2.354E-2
23.450,-0.123,-2.338E-2
23.467,-0.124,-2.234E-2
23.484,-0.124,-2.140E-2
23.501,-0.125,-2.153E-2
23.517,-0.126,-2.143E-2
23.534,-0.126,-2.321E-2
23.551,-0.126,-2.442E-2
23.568,-0.126,-2.502E-2
23.584,-0.125,-2.783E-2
23.601,-0.123,-3.029E-2
23.618,-0.121,-3.296E-2
23.635,-0.120,-3.399E-2
23.652,-0.120,-3.520E-2
23.668,-0.120,-3.422E-2
23.685,-0.120,-3.275E-2
23.702,-0.120,-3.182E-2
23.719,-0.121,-2.971E-2
23.735,-0.121,-2.971E-2
23.752,-0.121,-3.056E-2
23.769,-0.122,-2.960E-2
23.786,-0.123,-2.999E-2
23.803,-0.123,-2.974E-2
23.819,-0.123,-3.013E-2
23.836,-0.122,-3.033E-2
23.853,-0.122,-3.126E-2
23.870,-0.121,-3.212E-2
23.886,-0.120,-3.231E-2
23.903,-0.121,-3.230E-2
23.920,-0.120,-3.467E-2
23.937,-0.120,-3.471E-2
23.954,-0.120,-3.307E-2
23.970,-0.120,-3.227E-2
23.987,-0.121,-3.172E-2
24.004,-0.121,-3.197E-2
24.021,-0.120,-3.234E-2
24.037,-0.120,-3.326E-2
24.054,-0.120,-3.408E-2
24.071,-0.120,-3.417E-2
24.088,-0.121,-3.492E-2
24.104,-0.121,-3.507E-2
24.121,-0.121,-3.737E-2
24.138,-0.119,-3.624E-2
24.155,-0.120,-3.745E-2
24.172,-0.119,-3.574E-2
24.188,-0.119,-3.418E-2
24.205,-0.116,-3.513E-2
24.222,-0.117,-3.604E-2
24.239,-0.116,-3.771E-2
24.255,-0.116,-3.849E-2
24.272,-0.116,-3.875E-2
24.289,-0.116,-4.037E-2
24.306,-0.116,-4.083E-2
24.323,-0.118,-3.945E-2
24.339,-0.119,-3.651E-2
24.356,-0.121,-3.271E-2
24.373,-0.122,-3.052E-2
24.390,-0.123,-2.842E-2
24.406,-0.123,-2.737E-2
24.423,-0.124,-2.733E-2
24.440,-0.123,-2.846E-2
24.457,-0.122,-2.876E-2
24.474,-0.122,-3.016E-2
24.490,-0.121,-2.871E-2
24.507,-0.122,-2.842E-2
24.524,-0.122,-3.091E-2
24.541,-0.123,-3.081E-2
24.557,-0.124,-2.878E-2
24.574,-0.126,-2.849E-2
24.591,-0.127,-2.974E-2
24.608,-0.128,-2.810E-2
24.624,-0.129,-2.958E-2
24.641,-0.127,-3.136E-2
24.658,-0.131,-3.001E-2
24.675,-0.126,-3.392E-2
24.692,-0.124,-3.639E-2
24.708,-0.121,-3.936E-2
24.725,-0.118,-4.217E-2
24.742,-0.117,-4.346E-2
24.759,-0.118,-4.237E-2
24.775,-0.120,-4.047E-2
24.792,-0.121,-3.896E-2
24.809,-0.122,-3.877E-2
24.826,-0.123,-3.893E-2
24.843,-0.124,-3.827E-2
24.859,-0.125,-3.772E-2
24.876,-0.125,-3.598E-2
24.893,-0.125,-3.682E-2
24.910,-0.123,-3.882E-2
24.926,-0.123,-4.123E-2
24.943,-0.122,-4.268E-2
24.960,-0.121,-4.325E-2
24.977,-0.122,-4.329E-2
24.994,-0.121,-4.249E-2
25.010,-0.122,-4.039E-2
25.027,-0.122,-3.913E-2
25.044,-0.123,-3.919E-2
25.061,-0.123,-3.700E-2
25.077,-0.123,-3.799E-2
25.094,-0.123,-3.490E-2
25.111,-0.122,-3.597E-2
25.128,-0.122,-3.595E-2
25.144,-0.122,-3.593E-2
25.161,-0.122,-3.539E-2
25.178,-0.122,-3.512E-2
25.195,-0.122,-3.337E-2
25.212,-0.122,-3.296E-2
25.228,-0.122,-3.299E-2
25.245,-0.123,-3.124E-2
25.262,-0.124,-3.202E-2
25.279,-0.122,-3.985E-2
25.295,-0.124,-3.104E-2
25.312,-0.123,-3.168E-2
25.329,-0.123,-3.210E-2
25.346,-0.124,-2.953E-2
25.363,-0.125,-2.858E-2
25.379,-0.126,-2.772E-2
25.396,-0.126,-2.817E-2
25.413,-0.126,-2.870E-2
25.430,-0.124,-3.154E-2
25.446,-0.124,-3.414E-2
25.463,-0.123,-3.514E-2
25.480,-0.123,-3.605E-2
25.497,-0.123,-3.692E-2
25.514,-0.123,-3.735E-2
25.530,-0.123,-3.678E-2
25.547,-0.122,-3.664E-2
25.564,-0.123,-3.594E-2
25.581,-0.123,-3.437E-2
25.597,-0.123,-3.656E-2
25.614,-0.124,-3.458E-2
25.631,-0.124,-3.470E-2
25.648,-0.124,-3.471E-2
25.664,-0.124,-3.438E-2
25.681,-0.125,-3.371E-2
25.698,-0.125,-3.503E-2
25.715,-0.126,-3.307E-2
25.732,-0.126,-3.309E-2
25.748,-0.124,-3.550E-2
25.765,-0.126,-3.684E-2
25.782,-0.125,-3.523E-2
25.799,-0.122,-3.667E-2
25.815,-0.122,-3.732E-2
25.832,-0.122,-3.587E-2
25.849,-0.122,-3.478E-2
25.866,-0.122,-3.514E-2
25.883,-0.121,-3.407E-2
25.899,-0.121,-3.521E-2
25.916,-0.121,-3.429E-2
25.933,-0.121,-3.271E-2
25.950,-0.122,-3.005E-2
25.966,-0.123,-2.920E-2
25.983,-0.124,-2.713E-2
26.000,-0.123,-2.785E-2
26.017,-0.123,-2.744E-2
26.034,-0.123,-2.689E-2
26.050,-0.123,-2.643E-2
26.067,-0.122,-2.502E-2
26.084,-0.123,-2.701E-2
26.101,-0.123,-2.797E-2
26.117,-0.122,-2.733E-2
26.134,-0.123,-2.732E-2
26.151,-0.122,-2.788E-2
26.168,-0.123,-2.850E-2
26.184,-0.124,-2.883E-2
26.201,-0.123,-2.726E-2
26.218,-0.124,-2.766E-2
26.235,-0.124,-2.794E-2
26.252,-0.125,-2.666E-2
26.268,-0.125,-2.698E-2
26.285,-0.125,-2.957E-2
26.302,-0.124,-2.954E-2
26.319,-0.123,-3.118E-2
26.335,-0.122,-3.231E-2
26.352,-0.121,-3.356E-2
26.369,-0.122,-3.419E-2
26.386,-0.120,-3.505E-2
26.403,-0.119,-3.455E-2
26.419,-0.119,-3.686E-2
26.436,-0.116,-3.990E-2
26.453,-0.116,-4.111E-2
26.470,-0.117,-4.237E-2
26.486,-0.117,-3.989E-2
26.503,-0.117,-3.743E-2
26.520,-0.118,-3.556E-2
26.537,-0.119,-3.319E-2
26.554,-0.120,-3.179E-2
26.570,-0.121,-3.056E-2
26.587,-0.121,-2.961E-2
26.604,-0.120,-2.989E-2
26.621,-0.118,-3.089E-2
26.637,-0.118,-3.199E-2
26.654,-0.118,-3.215E-2
26.671,-0.117,-3.201E-2
26.688,-0.117,-3.155E-2
26.704,-0.119,-2.984E-2
26.721,-0.120,-2.738E-2
26.738,-0.120,-2.588E-2
26.755,-0.121,-2.431E-2
26.772,-0.122,-2.343E-2
26.788,-0.123,-2.242E-2
26.805,-0.124,-2.129E-2
26.822,-0.125,-2.186E-2
26.839,-0.127,-2.043E-2
26.855,-0.127,-1.982E-2
26.872,-0.127,-1.918E-2
26.889,-0.127,-2.194E-2
26.906,-0.127,-2.276E-2
26.923,-0.126,-2.422E-2
26.939,-0.125,-2.452E-2
26.956,-0.123,-2.531E-2
26.973,-0.122,-2.431E-2
26.990,-0.120,-2.447E-2
27.006,-0.121,-2.354E-2
27.023,-0.121,-2.237E-2
27.040,-0.122,-2.202E-2
27.057,-0.122,-2.168E-2
27.074,-0.123,-2.212E-2
27.090,-0.124,-2.106E-2
27.107,-0.124,-1.846E-2
27.124,-0.126,-2.032E-2
27.141,-0.125,-2.097E-2
27.157,-0.126,-2.299E-2
27.174,-0.125,-2.448E-2
27.191,-0.125,-2.565E-2
27.208,-0.122,-2.765E-2
27.224,-0.120,-2.880E-2
27.241,-0.118,-3.139E-2
27.258,-0.117,-3.500E-2
27.275,-0.117,-3.407E-2
27.292,-0.116,-3.397E-2
27.308,-0.116,-3.347E-2
27.325,-0.118,-3.475E-2
27.342,-0.117,-3.254E-2
27.359,-0.118,-3.142E-2
27.375,-0.119,-3.148E-2
27.392,-0.121,-2.877E-2
27.409,-0.122,-2.599E-2
27.426,-0.123,-2.343E-2
27.443,-0.124,-2.283E-2
27.459,-0.125,-2.086E-2
27.476,-0.126,-1.883E-2
27.493,-0.126,-1.806E-2
27.510,-0.126,-1.749E-2
27.526,-0.127,-1.629E-2
27.543,-0.128,-1.536E-2
27.560,-0.128,-1.668E-2
27.577,-0.128,-1.714E-2
27.594,-0.128,-1.770E-2
27.610,-0.127,-1.921E-2
27.627,-0.126,-2.149E-2
27.644,-0.126,-2.295E-2
27.661,-0.125,-2.096E-2
27.677,-0.124,-2.535E-2
27.694,-0.123,-2.618E-2
27.711,-0.124,-2.492E-2
27.728,-0.124,-2.580E-2
27.744,-0.123,-2.841E-2
27.761,-0.122,-2.990E-2
27.778,-0.121,-3.201E-2
27.795,-0.120,-3.421E-2
27.812,-0.118,-3.692E-2
27.828,-0.117,-3.692E-2
27.845,-0.118,-3.598E-2
27.862,-0.119,-3.139E-2
27.879,-0.120,-2.812E-2
27.895,-0.121,-2.511E-2
27.912,-0.121,-2.369E-2
27.929,-0.122,-2.192E-2
27.946,-0.123,-1.850E-2
27.963,-0.124,-1.749E-2
27.979,-0.124,-1.811E-2
27.996,-0.123,-1.867E-2
28.013,-0.122,-1.978E-2
28.030,-0.122,-2.042E-2
28.046,-0.120,-2.408E-2
28.063,-0.120,-2.592E-2
28.080,-0.120,-2.849E-2
28.097,-0.119,-3.029E-2
28.114,-0.120,-2.977E-2
28.130,-0.120,-2.914E-2
28.147,-0.121,-2.764E-2
28.164,-0.121,-2.741E-2
28.181,-0.120,-2.659E-2
28.197,-0.119,-2.749E-2
28.214,-0.119,-2.848E-2
28.231,-0.119,-2.973E-2
28.248,-0.119,-3.014E-2
28.264,-0.119,-2.996E-2
28.281,-0.119,-2.975E-2
28.298,-0.119,-3.109E-2
28.315,-0.120,-2.941E-2
28.332,-0.119,-3.031E-2
28.348,-0.119,-3.028E-2
28.365,-0.118,-2.978E-2
28.382,-0.117,-2.878E-2
28.399,-0.117,-2.827E-2
28.415,-0.118,-2.622E-2
28.432,-0.120,-2.494E-2
28.449,-0.122,-2.265E-2
28.466,-0.122,-1.871E-2
28.483,-0.123,-1.845E-2
28.499,-0.123,-1.925E-2
28.516,-0.123,-2.209E-2
28.533,-0.123,-2.397E-2
28.550,-0.124,-2.576E-2
28.566,-0.124,-2.495E-2
28.583,-0.124,-2.589E-2
28.600,-0.125,-2.651E-2
28.617,-0.126,-2.636E-2
28.634,-0.127,-2.790E-2
28.650,-0.127,-2.700E-2
28.667,-0.126,-2.733E-2
28.684,-0.126,-2.869E-2
28.701,-0.124,-3.259E-2
28.717,-0.123,-3.445E-2
28.734,-0.121,-3.551E-2
28.751,-0.119,-3.758E-2
28.768,-0.118,-3.835E-2
28.784,-0.118,-3.595E-2
28.801,-0.118,-3.587E-2
28.818,-0.119,-3.545E-2
28.835,-0.119,-3.532E-2
28.852,-0.119,-3.698E-2
28.868,-0.119,-3.493E-2
28.885,-0.119,-3.536E-2
28.902,-0.119,-3.741E-2
28.919,-0.119,-3.740E-2
28.935,-0.119,-3.683E-2
28.952,-0.119,-3.665E-2
28.969,-0.119,-3.629E-2
28.986,-0.120,-3.526E-2
29.003,-0.121,-3.235E-2
29.019,-0.121,-3.123E-2
29.036,-0.122,-2.956E-2
29.053,-0.123,-2.883E-2
29.070,-0.123,-2.867E-2
29.086,-0.123,-2.998E-2
29.103,-0.122,-3.060E-2
29.120,-0.122,-3.241E-2
29.137,-0.121,-3.465E-2
29.154,-0.121,-3.438E-2
29.170,-0.121,-3.539E-2
29.187,-0.122,-3.413E-2
29.204,-0.122,-3.324E-2
29.221,-0.123,-3.277E-2
29.237,-0.123,-3.305E-2
29.254,-0.122,-3.225E-2
29.271,-0.122,-3.135E-2
29.288,-0.121,-3.039E-2
29.304,-0.121,-2.878E-2
29.321,-0.121,-2.700E-2
29.338,-0.121,-2.843E-2
29.355,-0.119,-2.880E-2
29.372,-0.120,-2.601E-2
29.388,-0.121,-2.588E-2
29.405,-0.122,-2.472E-2
29.422,-0.122,-2.393E-2
29.439,-0.121,-2.423E-2
29.455,-0.122,-2.311E-2
29.472,-0.123,-2.328E-2
29.489,-0.124,-2.325E-2
29.506,-0.124,-2.225E-2
29.523,-0.125,-2.214E-2
29.539,-0.125,-2.218E-2
29.556,-0.125,-2.556E-2
29.573,-0.125,-2.703E-2
29.590,-0.124,-2.920E-2
29.606,-0.124,-3.107E-2
29.623,-0.124,-3.326E-2
29.640,-0.124,-3.491E-2
29.657,-0.123,-3.693E-2
29.674,-0.122,-3.843E-2
29.690,-0.121,-3.986E-2
29.707,-0.119,-4.250E-2
29.724,-0.118,-4.473E-2
29.741,-0.118,-4.597E-2
29.757,-0.118,-4.660E-2
29.774,-0.118,-4.591E-2
29.791,-0.118,-4.573E-2
29.808,-0.118,-4.567E-2
29.824,-0.118,-4.527E-2
29.841,-0.117,-4.554E-2
29.858,-0.117,-4.618E-2
29.875,-0.118,-4.504E-2
29.892,-0.119,-4.364E-2
29.908,-0.119,-4.106E-2
29.925,-0.119,-3.854E-2
29.942,-0.119,-3.657E-2
29.959,-0.119,-3.389E-2
29.975,-0.120,-3.230E-2
29.992,-0.120,-3.109E-2
30.009,-0.121,-2.975E-2
30.026,-0.121,-3.060E-2
30.043,-0.121,-3.140E-2
30.059,-0.122,-3.039E-2
30.076,-0.123,-3.065E-2
30.093,-0.123,-3.069E-2
30.110,-0.124,-3.045E-2
30.126,-0.124,-3.193E-2
30.143,-0.124,-3.349E-2
30.160,-0.124,-3.582E-2
30.177,-0.124,-3.723E-2
30.194,-0.124,-3.827E-2
30.210,-0.124,-3.939E-2
30.227,-0.123,-4.213E-2
30.244,-0.122,-4.376E-2
30.261,-0.122,-4.414E-2
30.277,-0.122,-4.444E-2
30.294,-0.122,-4.426E-2
30.311,-0.122,-4.342E-2
30.328,-0.122,-4.285E-2
30.344,-0.122,-4.069E-2
30.361,-0.121,-3.936E-2
30.378,-0.121,-3.763E-2
30.395,-0.120,-3.646E-2
30.412,-0.120,-3.321E-2
30.428,-0.121,-3.145E-2
30.445,-0.121,-2.944E-2
30.462,-0.122,-2.756E-2
30.479,-0.123,-2.661E-2
30.495,-0.123,-2.578E-2
30.512,-0.122,-2.592E-2
30.529,-0.121,-2.746E-2
30.546,-0.121,-2.901E-2
30.563,-0.120,-3.154E-2
30.579,-0.119,-3.426E-2
30.596,-0.119,-3.720E-2
30.613,-0.118,-3.967E-2
30.630,-0.117,-4.262E-2
30.646,-0.117,-4.500E-2
30.663,-0.118,-4.565E-2
30.680,-0.119,-4.146E-2
30.697,-0.119,-3.776E-2
30.714,-0.120,-3.410E-2
30.730,-0.121,-3.206E-2
30.747,-0.122,-2.957E-2
30.764,-0.122,-2.760E-2
30.781,-0.122,-2.694E-2
30.797,-0.123,-2.586E-2
30.814,-0.123,-2.643E-2
30.831,-0.124,-2.406E-2
30.848,-0.125,-2.505E-2
30.864,-0.124,-2.606E-2
30.881,-0.122,-2.704E-2
30.898,-0.122,-2.779E-2
30.915,-0.123,-2.858E-2
30.932,-0.123,-2.907E-2
30.948,-0.123,-2.995E-2
30.965,-0.124,-3.075E-2
30.982,-0.124,-3.112E-2
30.999,-0.124,-3.069E-2
31.015,-0.123,-3.123E-2
31.032,-0.124,-3.093E-2
31.049,-0.124,-3.142E-2
31.066,-0.124,-3.122E-2
31.083,-0.124,-3.152E-2
31.099,-0.124,-2.955E-2
31.116,-0.125,-3.051E-2
31.133,-0.125,-3.034E-2
31.150,-0.124,-3.042E-2
31.166,-0.123,-3.282E-2
31.183,-0.122,-3.330E-2
31.200,-0.121,-3.136E-2
31.217,-0.120,-3.109E-2
31.234,-0.120,-3.213E-2
31.250,-0.119,-3.196E-2
31.267,-0.119,-3.084E-2
31.284,-0.119,-2.999E-2
31.301,-0.119,-2.963E-2
31.317,-0.120,-2.726E-2
31.334,-0.121,-2.569E-2
31.351,-0.122,-2.502E-2
31.368,-0.122,-2.435E-2
31.384,-0.122,-2.529E-2
31.401,-0.121,-2.713E-2
31.418,-0.121,-2.782E-2
31.435,-0.122,-2.962E-2
31.452,-0.123,-3.036E-2
31.468,-0.122,-2.958E-2
31.485,-0.123,-3.133E-2
31.502,-0.123,-3.208E-2
31.519,-0.123,-3.410E-2
31.535,-0.124,-3.462E-2
31.552,-0.124,-3.556E-2
31.569,-0.124,-3.682E-2
31.586,-0.124,-3.803E-2
31.603,-0.124,-3.981E-2
31.619,-0.122,-4.071E-2
31.636,-0.121,-4.276E-2
31.653,-0.120,-4.348E-2
31.670,-0.119,-4.501E-2
31.686,-0.117,-4.635E-2
31.703,-0.117,-4.765E-2
31.720,-0.118,-4.652E-2
31.737,-0.118,-4.292E-2
31.754,-0.120,-3.963E-2
31.770,-0.121,-3.519E-2
31.787,-0.121,-3.282E-2
31.804,-0.122,-3.238E-2
31.821,-0.121,-3.163E-2
31.837,-0.121,-2.962E-2
31.854,-0.122,-3.049E-2
31.871,-0.123,-2.961E-2
31.888,-0.123,-2.965E-2
31.904,-0.124,-2.858E-2
31.921,-0.124,-3.011E-2
31.938,-0.125,-2.945E-2
31.955,-0.126,-3.020E-2
31.972,-0.127,-2.991E-2
31.988,-0.127,-3.137E-2
32.005,-0.127,-3.236E-2
32.022,,
32.039,-0.122,-3.438E-2
32.055,-0.124,-3.545E-2
32.072,-0.124,-3.526E-2
32.089,-0.124,-3.400E-2
32.106,-0.125,-3.420E-2
32.123,-0.124,-3.493E-2
32.139,-0.122,-3.683E-2
32.156,-0.121,-3.667E-2
32.173,-0.122,-3.591E-2
32.190,-0.122,-3.674E-2
32.206,-0.122,-3.413E-2
32.223,-0.122,-3.404E-2
32.240,-0.123,-3.406E-2
32.257,-0.123,-3.415E-2
32.274,-0.122,-3.399E-2
32.290,-0.121,-3.612E-2
32.307,-0.120,-3.709E-2
32.324,-0.120,-3.830E-2
32.341,-0.120,-3.876E-2
32.357,-0.120,-3.684E-2
32.374,-0.120,-3.492E-2
32.391,-0.121,-3.342E-2
32.408,-0.122,-3.300E-2
32.424,-0.122,-3.228E-2
32.441,-0.121,-3.403E-2
32.458,-0.120,-3.595E-2
32.475,-0.119,-3.827E-2
32.492,-0.119,-3.679E-2
32.508,-0.120,-3.606E-2
32.525,-0.121,-3.402E-2
32.542,-0.121,-3.300E-2
32.559,-0.120,-3.426E-2
32.575,-0.118,-3.725E-2
32.592,-0.114,-4.229E-2
32.609,,
32.626,-0.115,-4.747E-2
32.643,-0.117,-4.489E-2
32.659,-0.118,-4.234E-2
32.676,-0.120,-3.938E-2
32.693,-0.121,-3.522E-2
32.710,-0.122,-3.137E-2
32.726,-0.123,-2.870E-2
32.743,-0.123,-2.813E-2
32.760,-0.123,-2.971E-2
32.777,-0.120,-3.163E-2
32.794,-0.118,-3.423E-2
32.810,-0.115,-3.789E-2
32.827,-0.115,-3.971E-2
32.844,-0.116,-3.643E-2
32.861,-0.116,-3.608E-2
32.877,-0.116,-3.330E-2
32.894,-0.116,-3.430E-2
32.911,-0.117,-3.185E-2
32.928,-0.118,-2.961E-2
32.944,-0.117,-2.796E-2
32.961,-0.118,-2.764E-2
32.978,-0.116,-2.947E-2
32.995,-0.116,-3.029E-2
33.012,-0.117,-2.957E-2
33.028,-0.118,-2.815E-2
33.045,-0.119,-2.658E-2
33.062,-0.120,-2.584E-2
33.079,-0.121,-2.588E-2
33.095,-0.122,-2.395E-2
33.112,-0.122,-2.342E-2
33.129,-0.122,-2.440E-2
33.146,-0.122,-2.488E-2
33.163,-0.122,-2.545E-2
33.179,-0.122,-2.791E-2
33.196,-0.122,-2.966E-2
33.213,-0.121,-3.036E-2
33.230,-0.120,-3.165E-2
33.246,-0.120,-3.155E-2
33.263,-0.120,-3.142E-2
33.280,-0.121,-3.297E-2
33.297,-0.121,-3.135E-2
33.314,-0.120,-3.252E-2
33.330,-0.119,-3.292E-2
33.347,-0.119,-3.346E-2
33.364,-0.119,-3.129E-2
33.381,-0.119,-3.246E-2
33.397,-0.119,-3.145E-2
33.414,-0.119,-3.189E-2
33.431,-0.120,-3.067E-2
33.448,-0.119,-3.053E-2
33.464,-0.120,-3.013E-2
33.481,-0.120,-2.864E-2
33.498,-0.120,-2.774E-2
33.515,-0.121,-2.644E-2
33.532,-0.121,-2.592E-2
33.548,-0.120,-2.651E-2
33.565,-0.119,-2.600E-2
33.582,-0.118,-2.679E-2
33.599,-0.119,-2.815E-2
33.615,-0.119,-2.731E-2
33.632,-0.120,-2.599E-2
33.649,-0.120,-2.544E-2
33.666,-0.121,-2.505E-2
33.683,-0.121,-2.486E-2
33.699,-0.121,-2.447E-2
33.716,-0.123,-2.581E-2
33.733,-0.123,-2.740E-2
33.750,-0.122,-2.670E-2
33.766,-0.123,-2.771E-2
33.783,-0.123,-3.071E-2
33.800,-0.122,-3.233E-2
33.817,-0.122,-3.312E-2
33.834,-0.121,-3.409E-2
33.850,-0.121,-3.547E-2
33.867,-0.122,-3.524E-2
33.884,-0.123,-3.411E-2
33.901,-0.123,-3.315E-2
33.917,-0.124,-3.372E-2
33.934,-0.124,-3.322E-2
33.951,-0.123,-3.103E-2
33.968,-0.123,-3.015E-2
33.984,-0.123,-3.331E-2
34.001,-0.121,-3.078E-2
34.018,-0.121,-3.141E-2
34.035,-0.121,-3.053E-2
34.052,-0.120,-3.005E-2
34.068,-0.121,-2.898E-2
34.085,-0.122,-2.789E-2
34.102,-0.123,-2.672E-2
34.119,-0.123,-2.621E-2
34.135,-0.123,-2.596E-2
34.152,-0.123,-2.679E-2
34.169,-0.124,-2.717E-2
34.186,-0.124,-2.746E-2
34.203,-0.123,-2.866E-2
34.219,-0.124,-2.886E-2
34.236,-0.123,-3.159E-2
34.253,-0.123,-3.341E-2
34.270,-0.121,-3.420E-2
34.286,-0.121,-3.498E-2
34.303,-0.121,-3.444E-2
34.320,-0.122,-3.413E-2
34.337,-0.122,-3.469E-2
34.354,-0.123,-3.413E-2
34.370,-0.123,-3.419E-2
34.387,-0.123,-3.468E-2
34.404,-0.123,-3.496E-2
34.421,-0.123,-3.814E-2
34.437,-0.123,-3.922E-2
34.454,-0.123,-4.057E-2
34.471,-0.122,-4.151E-2
34.488,-0.122,-4.244E-2
34.504,-0.121,-4.385E-2
34.521,-0.119,-4.518E-2
34.538,-0.119,-4.522E-2
34.555,-0.121,-4.369E-2
34.572,-0.122,-4.112E-2
34.588,-0.123,-3.940E-2
34.605,-0.124,-3.680E-2
34.622,-0.126,-3.469E-2
34.639,-0.127,-3.295E-2
34.655,-0.127,-3.250E-2
34.672,-0.127,-3.410E-2
34.689,-0.127,-3.415E-2
34.706,-0.126,-3.309E-2
34.723,-0.125,-3.305E-2
34.739,-0.122,-3.555E-2
34.756,-0.121,-3.488E-2
34.773,-0.119,-3.742E-2
34.790,-0.119,-3.744E-2
34.806,-0.118,-3.754E-2
34.823,-0.118,-3.698E-2
34.840,-0.119,-3.399E-2
34.857,-0.118,-3.326E-2
34.874,-0.119,-3.299E-2
34.890,-0.120,-3.256E-2
34.907,-0.120,-3.190E-2
34.924,-0.121,-3.079E-2
34.941,-0.121,-3.160E-2
34.957,-0.122,-3.137E-2
34.974,-0.122,-3.051E-2
34.991,-0.122,-3.130E-2
35.008,-0.122,-3.155E-2
35.024,-0.122,-3.232E-2
35.041,-0.122,-3.158E-2
35.058,-0.122,-3.141E-2
35.075,-0.122,-3.199E-2
35.092,-0.121,-3.313E-2
35.108,-0.121,-3.321E-2
35.125,-0.120,-3.384E-2
35.142,-0.120,-3.512E-2
35.159,-0.120,-3.228E-2
35.175,-0.121,-3.292E-2
35.192,-0.119,-3.365E-2
35.209,-0.118,-3.516E-2
35.226,-0.119,-3.512E-2
35.243,-0.120,-3.338E-2
35.259,-0.122,-3.101E-2
35.276,-0.123,-2.949E-2
35.293,-0.124,-2.870E-2
35.310,-0.124,-2.922E-2
35.326,-0.124,-3.072E-2
35.343,-0.122,-3.264E-2
35.360,-0.120,-3.468E-2
35.377,-0.118,-3.636E-2
35.394,-0.117,-3.552E-2
35.410,-0.118,-3.790E-2
35.427,-0.118,-3.790E-2
35.444,-0.118,-3.748E-2
35.461,-0.119,-3.552E-2
35.477,-0.120,-3.616E-2
35.494,-0.120,-3.380E-2
35.511,-0.121,-3.293E-2
35.528,-0.120,-3.431E-2
35.544,-0.119,-3.471E-2
35.561,-0.118,-3.485E-2
35.578,-0.119,-3.572E-2
35.595,-0.118,-3.703E-2
35.612,-0.117,-3.834E-2
35.628,-0.117,-3.778E-2
35.645,-0.117,-3.749E-2
35.662,-0.117,-3.776E-2
35.679,-0.117,-3.854E-2
35.695,-0.117,-3.881E-2
35.712,-0.118,-3.683E-2
35.729,-0.118,-3.511E-2
35.746,-0.119,-3.449E-2
35.763,-0.120,-3.247E-2
35.779,-0.121,-2.956E-2
35.796,-0.122,-2.817E-2
35.813,-0.123,-2.877E-2
35.830,-0.122,-2.898E-2
35.846,-0.122,-2.769E-2
35.863,-0.121,-2.987E-2
35.880,-0.121,-3.057E-2
35.897,-0.121,-2.916E-2
35.914,-0.121,-3.063E-2
35.930,-0.121,-2.917E-2
35.947,-0.122,-3.009E-2
35.964,-0.123,-2.800E-2
35.981,-0.123,-2.924E-2
35.997,-0.123,-2.934E-2
36.014,-0.121,-2.907E-2
36.031,-0.122,-3.103E-2
36.048,-0.121,-3.194E-2
36.064,-0.120,-3.250E-2
36.081,-0.121,-3.113E-2
36.098,-0.121,-3.134E-2
36.115,-0.122,-3.142E-2
36.132,-0.123,-3.061E-2
36.148,-0.121,-3.204E-2
36.165,-0.121,-3.205E-2
36.182,-0.120,-3.254E-2
36.199,-0.119,-3.364E-2
36.215,-0.117,-3.310E-2
36.232,-0.118,-3.417E-2
36.249,-0.118,-3.412E-2
36.266,-0.119,-3.316E-2
36.283,-0.119,-3.178E-2
36.299,-0.120,-3.118E-2
36.316,-0.120,-3.146E-2
36.333,-0.121,-2.969E-2
36.350,-0.121,-2.942E-2
36.366,-0.121,-2.974E-2
36.383,-0.122,-2.960E-2
36.400,-0.122,-2.979E-2
36.417,-0.123,-3.010E-2
36.434,-0.122,-2.988E-2
36.450,-0.123,-3.112E-2
36.467,-0.122,-3.139E-2
36.484,-0.123,-3.050E-2
36.501,-0.122,-3.239E-2
36.517,-0.122,-3.122E-2
36.534,-0.122,-3.327E-2
36.551,-0.122,-3.174E-2
36.568,-0.122,-3.142E-2
36.584,-0.122,-3.261E-2
36.601,-0.122,-3.139E-2
36.618,-0.122,-3.289E-2
36.635,-0.122,-3.309E-2
36.652,-0.122,-3.274E-2
36.668,-0.121,-3.157E-2
36.685,-0.122,-3.128E-2
36.702,-0.123,-3.122E-2
36.719,-0.123,-3.049E-2
36.735,-0.123,-3.053E-2
36.752,-0.124,-2.969E-2
36.769,-0.122,-3.100E-2
36.786,-0.121,-3.159E-2
36.803,-0.119,-3.114E-2
36.819,-0.118,-3.338E-2
36.836,-0.118,-3.231E-2
36.853,-0.118,-3.171E-2
36.870,-0.118,-3.056E-2
36.886,-0.118,-2.973E-2
36.903,-0.119,-2.710E-2
36.920,-0.120,-2.583E-2
36.937,-0.120,-2.414E-2
36.954,-0.122,-2.474E-2
36.970,-0.123,-2.217E-2
36.987,-0.124,-2.131E-2
37.004,-0.124,-2.220E-2
37.021,-0.124,-2.122E-2
37.037,-0.125,-2.274E-2
37.054,-0.126,-1.935E-2
37.071,-0.127,-1.911E-2
37.088,-0.127,-1.847E-2
37.104,-0.127,-1.850E-2
37.121,-0.126,-1.852E-2
37.138,-0.124,-1.848E-2
37.155,-0.124,-1.854E-2
37.172,-0.124,-1.779E-2
37.188,-0.125,-1.659E-2
37.205,-0.126,-1.646E-2
37.222,-0.127,-1.535E-2
37.239,-0.128,-1.609E-2
37.255,-0.128,-1.491E-2
37.272,-0.128,-1.633E-2
37.289,-0.129,-1.743E-2
37.306,-0.128,-1.869E-2
37.323,-0.129,-2.281E-2
37.339,-0.130,-2.463E-2
37.356,-0.130,-2.632E-2
37.373,-0.130,-2.677E-2
37.390,-0.128,-2.872E-2
37.406,,
37.423,-0.116,-3.477E-2
37.440,-0.117,-4.143E-2
37.457,-0.116,-4.130E-2
37.474,-0.117,-4.071E-2
37.490,-0.118,-3.768E-2
37.507,-0.119,-3.369E-2
37.524,-0.120,-2.963E-2
37.541,-0.120,-2.686E-2
37.557,-0.120,-2.689E-2
37.574,-0.121,-2.598E-2
37.591,-0.121,-2.648E-2
37.608,-0.120,-2.581E-2
37.624,-0.120,-2.862E-2
37.641,-0.120,-2.754E-2
37.658,-0.120,-2.819E-2
37.675,-0.121,-2.774E-2
37.692,-0.122,-2.678E-2
37.708,-0.123,-2.589E-2
37.725,-0.124,-2.628E-2
37.742,-0.124,-2.601E-2
37.759,-0.124,-2.787E-2
37.775,-0.124,-2.799E-2
37.792,-0.124,-2.859E-2
37.809,-0.125,-2.949E-2
37.826,-0.126,-3.040E-2
37.843,-0.126,-3.165E-2
37.859,-0.127,-3.234E-2
37.876,-0.122,-3.629E-2
37.893,-0.123,-3.850E-2
37.910,-0.124,-3.919E-2
37.926,-0.123,-3.974E-2
37.943,-0.124,-4.146E-2
37.960,-0.123,-4.341E-2
37.977,-0.121,-4.560E-2
37.994,-0.119,-4.827E-2
38.010,-0.119,-4.952E-2
38.027,-0.119,-5.034E-2
38.044,-0.120,-4.933E-2
38.061,-0.121,-4.681E-2
38.077,-0.121,-4.573E-2
38.094,-0.122,-4.400E-2
38.111,-0.122,-4.308E-2
38.128,-0.123,-4.190E-2
38.144,-0.123,-4.040E-2
38.161,-0.123,-3.886E-2
38.178,-0.123,-3.859E-2
38.195,-0.123,-3.913E-2
38.212,-0.123,-3.772E-2
38.228,-0.124,-3.767E-2
38.245,-0.124,-3.686E-2
38.262,-0.125,-3.593E-2
38.279,-0.126,-3.575E-2
38.295,-0.126,-3.727E-2
38.312,-0.127,-3.709E-2
38.329,-0.124,-3.788E-2
38.346,-0.126,-3.512E-2
38.363,-0.123,-3.793E-2
38.379,-0.123,-3.872E-2
38.396,-0.123,-3.682E-2
38.413,-0.123,-3.682E-2
38.430,-0.122,-3.682E-2
38.446,-0.122,-3.725E-2
38.463,-0.122,-3.684E-2
38.480,-0.122,-3.671E-2
38.497,-0.123,-3.588E-2
38.514,-0.124,-3.567E-2
38.530,-0.124,-3.409E-2
38.547,-0.125,-3.424E-2
38.564,-0.125,-3.433E-2
38.581,-0.123,-3.870E-2
38.597,-0.121,-3.868E-2
38.614,-0.120,-4.039E-2
38.631,-0.120,-4.025E-2
38.648,-0.121,-3.891E-2
38.664,-0.121,-3.869E-2
38.681,-0.120,-3.837E-2
38.698,-0.120,-3.877E-2
38.715,-0.120,-3.817E-2
38.732,-0.120,-3.873E-2
38.748,-0.119,-3.779E-2
38.765,-0.119,-3.818E-2
38.782,-0.119,-3.858E-2
38.799,-0.119,-3.839E-2
38.815,-0.119,-3.696E-2
38.832,-0.119,-3.617E-2
38.849,-0.119,-3.592E-2
38.866,-0.118,-3.613E-2
38.883,-0.119,-3.623E-2
38.899,-0.119,-3.555E-2
38.916,-0.120,-3.469E-2
38.933,-0.121,-3.126E-2
38.950,-0.122,-3.125E-2
38.966,-0.123,-2.831E-2
38.983,-0.124,-2.871E-2
39.000,-0.125,-2.783E-2
39.017,-0.125,-2.680E-2
39.034,-0.122,-2.760E-2
39.050,-0.123,-2.767E-2
39.067,-0.122,-2.858E-2
39.084,-0.123,-2.794E-2
39.101,-0.123,-2.805E-2
39.117,-0.122,-3.068E-2
39.134,-0.120,-2.961E-2
39.151,-0.121,-3.047E-2
39.168,-0.121,-3.082E-2
39.184,-0.122,-3.125E-2
39.201,-0.123,-3.160E-2
39.218,-0.123,-3.126E-2
39.235,-0.123,-3.237E-2
39.252,-0.123,-3.328E-2
39.268,-0.122,-3.298E-2
39.285,-0.122,-3.408E-2
39.302,-0.120,-3.488E-2
39.319,-0.121,-3.323E-2
39.335,-0.122,-3.229E-2
39.352,-0.123,-3.148E-2
39.369,-0.124,-3.119E-2
39.386,-0.125,-2.897E-2
39.403,-0.126,-2.991E-2
39.419,-0.122,-3.002E-2
39.436,-0.123,-3.270E-2
39.453,-0.121,-3.538E-2
39.470,-0.119,-3.644E-2
39.486,-0.118,-3.817E-2
39.503,-0.118,-3.779E-2
39.520,-0.118,-3.818E-2
39.537,-0.119,-3.586E-2
39.554,-0.119,-3.352E-2
39.570,-0.120,-2.969E-2
39.587,-0.120,-2.762E-2
39.604,-0.122,-2.668E-2
39.621,-0.121,-2.689E-2
39.637,-0.121,-2.611E-2
39.654,-0.121,-2.640E-2
39.671,-0.121,-2.698E-2
39.688,-0.120,-2.702E-2
39.704,-0.120,-2.689E-2
39.721,-0.120,-2.679E-2
39.738,-0.121,-2.677E-2
39.755,-0.122,-2.598E-2
39.772,-0.123,-2.595E-2
39.788,-0.123,-2.683E-2
39.805,-0.123,-2.769E-2
39.822,-0.122,-2.839E-2
39.839,-0.122,-2.975E-2
39.855,-0.122,-2.874E-2
39.872,-0.121,-2.691E-2
39.889,-0.121,-2.709E-2
39.906,-0.122,-2.440E-2
39.923,-0.124,-2.463E-2
39.939,-0.123,-2.495E-2
39.956,-0.123,-2.485E-2
39.973,-0.120,-2.795E-2
39.990,-0.121,-2.790E-2
40.006,-0.121,-2.874E-2
40.023,-0.122,-3.058E-2
40.040,-0.123,-2.896E-2
40.057,-0.124,-2.864E-2
40.074,-0.125,-2.937E-2
40.090,-0.126,-3.052E-2
40.107,-0.126,-3.043E-2
40.124,-0.126,-3.309E-2
40.141,-0.126,-3.208E-2
40.157,-0.124,-3.657E-2
40.174,-0.123,-3.842E-2
40.191,-0.122,-3.893E-2
40.208,-0.121,-3.915E-2
40.224,-0.119,-3.877E-2
40.241,-0.119,-3.938E-2
40.258,-0.120,-3.884E-2
40.275,-0.121,-3.504E-2
40.292,-0.122,-3.508E-2
40.308,-0.122,-3.246E-2
40.325,-0.122,-3.227E-2
40.342,-0.123,-3.339E-2
40.359,-0.123,-3.218E-2
40.375,-0.123,-3.335E-2
40.392,-0.122,-3.209E-2
40.409,-0.123,-3.295E-2
40.426,-0.123,-3.321E-2
40.443,-0.123,-3.317E-2
40.459,-0.123,-3.412E-2
40.476,-0.123,-3.558E-2
40.493,-0.122,-3.735E-2
40.510,-0.121,-3.895E-2
40.526,-0.120,-4.070E-2
40.543,-0.119,-4.148E-2
40.560,-0.119,-4.110E-2
40.577,-0.120,-3.899E-2
40.594,-0.120,-3.738E-2
40.610,-0.122,-3.462E-2
40.627,-0.122,-3.331E-2
40.644,-0.123,-3.197E-2
40.661,-0.124,-2.919E-2
40.677,-0.122,-2.941E-2
40.694,-0.122,-2.916E-2
40.711,-0.123,-2.771E-2
40.728,-0.122,-2.700E-2
40.744,-0.123,-2.489E-2
40.761,-0.124,-2.230E-2
40.778,-0.125,-2.187E-2
40.795,-0.126,-2.137E-2
40.812,-0.126,-2.060E-2
40.828,-0.127,-2.291E-2
40.845,-0.127,-2.344E-2
40.862,-0.127,-2.199E-2
40.879,-0.127,-2.308E-2
40.895,-0.126,-2.608E-2
40.912,-0.125,-2.709E-2
40.929,-0.125,-2.874E-2
40.946,-0.124,-3.063E-2
40.963,-0.123,-3.329E-2
40.979,-0.123,-3.413E-2
40.996,-0.122,-3.504E-2
41.013,-0.121,-3.545E-2
41.030,-0.121,-3.709E-2
41.046,-0.120,-3.782E-2
41.063,-0.121,-3.590E-2
41.080,-0.121,-3.416E-2
41.097,-0.122,-3.310E-2
41.114,-0.122,-3.180E-2
41.130,-0.123,-3.045E-2
41.147,-0.123,-2.940E-2
41.164,-0.124,-2.898E-2
41.181,-0.125,-2.763E-2
41.197,-0.126,-2.875E-2
41.214,-0.127,-2.760E-2
41.231,-0.127,-2.857E-2
41.248,-0.127,-2.932E-2
41.264,-0.128,-2.964E-2
41.281,-0.128,-2.983E-2
41.298,-0.127,-3.233E-2
41.315,-0.126,-3.137E-2
41.332,-0.125,-3.245E-2
41.348,-0.124,-3.406E-2
41.365,-0.123,-3.617E-2
41.382,-0.122,-3.755E-2
41.399,-0.122,-3.876E-2
41.415,-0.121,-3.841E-2
41.432,-0.121,-3.861E-2
41.449,-0.121,-3.969E-2
41.466,-0.122,-3.969E-2
41.483,-0.122,-3.868E-2
41.499,-0.123,-4.008E-2
41.516,-0.123,-3.985E-2
41.533,-0.122,-3.775E-2
41.550,-0.120,-3.859E-2
41.566,-0.118,-4.017E-2
41.583,-0.118,-3.966E-2
41.600,-0.119,-3.886E-2
41.617,-0.120,-3.689E-2
41.634,-0.121,-3.499E-2
41.650,-0.122,-3.363E-2
41.667,-0.123,-3.282E-2
41.684,-0.123,-3.209E-2
41.701,-0.123,-3.176E-2
41.717,-0.123,-3.126E-2
41.734,-0.121,-3.419E-2
41.751,-0.120,-3.460E-2
41.768,-0.118,-3.699E-2
41.784,-0.117,-3.602E-2
41.801,-0.118,-3.629E-2
41.818,-0.119,-3.400E-2
41.835,-0.120,-3.298E-2
41.852,-0.121,-3.144E-2
41.868,-0.122,-3.116E-2
41.885,-0.123,-2.867E-2
41.902,-0.123,-3.035E-2
41.919,-0.123,-3.198E-2
41.935,-0.123,-3.253E-2
41.952,-0.123,-3.332E-2
41.969,-0.123,-3.258E-2
41.986,-0.122,-3.315E-2
42.003,-0.122,-3.318E-2
42.019,-0.121,-3.404E-2
42.036,-0.119,-3.707E-2
42.053,-0.119,-3.616E-2
42.070,-0.118,-3.496E-2
42.086,-0.119,-3.238E-2
42.103,-0.120,-3.239E-2
42.120,-0.121,-3.049E-2
42.137,-0.121,-2.863E-2
42.154,-0.122,-2.787E-2
42.170,-0.123,-2.765E-2
42.187,-0.123,-2.761E-2
42.204,-0.122,-2.859E-2
42.221,-0.122,-3.002E-2
42.237,-0.121,-3.190E-2
42.254,-0.120,-3.220E-2
42.271,-0.120,-3.135E-2
42.288,-0.121,-3.216E-2
42.304,-0.121,-3.133E-2
42.321,-0.121,-3.230E-2
42.338,-0.122,-3.171E-2
42.355,-0.122,-3.136E-2
42.372,-0.122,-3.231E-2
42.388,-0.122,-3.227E-2
42.405,-0.122,-3.380E-2
42.422,-0.122,-3.242E-2
42.439,-0.121,-3.271E-2
42.455,-0.121,-3.221E-2
42.472,-0.121,-3.218E-2
42.489,-0.120,-3.465E-2
42.506,-0.120,-3.318E-2
42.523,-0.122,-3.209E-2
42.539,-0.124,-3.016E-2
42.556,-0.125,-2.578E-2
42.573,-0.127,-2.215E-2
42.590,-0.128,-2.316E-2
42.606,-0.129,-2.278E-2
42.623,-0.130,-2.196E-2
42.640,-0.130,-2.513E-2
42.657,-0.128,-2.731E-2
42.673,-0.126,-2.933E-2
42.690,,
42.707,-0.117,-3.486E-2
42.724,-0.118,-3.791E-2
42.741,-0.118,-3.617E-2
42.757,-0.119,-3.230E-2
42.774,-0.120,-2.986E-2
42.791,-0.121,-2.770E-2
42.808,-0.122,-2.629E-2
42.824,-0.122,-2.560E-2
42.841,-0.123,-2.688E-2
42.858,-0.123,-2.797E-2
42.875,-0.123,-2.994E-2
42.892,-0.123,-3.171E-2
42.908,-0.122,-3.294E-2
42.925,-0.121,-3.393E-2
42.942,-0.119,-3.520E-2
42.959,-0.118,-3.571E-2
42.975,-0.119,-3.321E-2
42.992,-0.118,-3.570E-2
43.009,-0.116,-3.864E-2
43.026,-0.117,-3.683E-2
43.043,-0.118,-3.496E-2
43.059,-0.118,-3.318E-2
43.076,-0.119,-3.144E-2
43.093,-0.120,-2.959E-2
43.110,-0.120,-2.961E-2
43.126,-0.120,-3.062E-2
43.143,-0.119,-3.144E-2
43.160,-0.120,-3.222E-2
43.177,-0.120,-3.229E-2
43.193,-0.121,-3.215E-2
43.210,-0.121,-3.137E-2
43.227,-0.121,-3.129E-2
43.244,-0.121,-3.239E-2
43.261,-0.120,-3.146E-2
43.277,-0.121,-3.233E-2
43.294,-0.120,-3.315E-2
43.311,-0.121,-3.216E-2
43.328,-0.122,-3.140E-2
43.344,-0.123,-3.198E-2
43.361,-0.123,-3.246E-2
43.378,-0.123,-3.353E-2
43.395,-0.123,-3.342E-2
43.412,-0.123,-3.115E-2
43.428,-0.122,-3.017E-2
43.445,-0.122,-2.985E-2
43.462,-0.121,-2.949E-2
43.479,-0.120,-3.047E-2
43.495,-0.120,-3.041E-2
43.512,-0.120,-2.952E-2
43.529,-0.120,-2.865E-2
43.546,-0.119,-3.132E-2
43.563,-0.119,-3.287E-2
43.579,-0.119,-3.246E-2
43.596,-0.119,-3.305E-2
43.613,-0.120,-3.144E-2
43.630,-0.120,-3.020E-2
43.646,-0.121,-2.865E-2
43.663,-0.123,-2.638E-2
43.680,-0.124,-2.443E-2
