,mass A,,
t,x,y,
0.000,-0.124,-5.979E-2
0.017,-0.124,-5.991E-2
0.033,-0.124,-6.056E-2
0.050,-0.124,-6.143E-2
0.067,-0.124,-6.237E-2
0.083,-0.124,-6.373E-2
0.100,-0.124,-6.511E-2
0.117,-0.124,-6.655E-2
0.133,-0.124,-6.865E-2
0.150,-0.125,-7.047E-2
0.167,-0.125,-7.251E-2
0.183,-0.125,-7.444E-2
0.200,-0.126,-7.609E-2
0.217,-0.127,-7.742E-2
0.234,-0.127,-7.884E-2
0.250,-0.128,-8.037E-2
0.267,-0.129,-8.164E-2
0.284,-0.129,-8.285E-2
0.300,-0.130,-8.394E-2
0.317,-0.131,-8.495E-2
0.334,-0.131,-8.618E-2
0.350,-0.131,-8.681E-2
0.367,-0.132,-8.725E-2
0.384,-0.132,-8.718E-2
0.400,-0.132,-8.713E-2
0.417,-0.132,-8.708E-2
0.434,-0.132,-8.677E-2
0.450,-0.132,-8.655E-2
0.467,-0.131,-8.641E-2
0.484,-0.131,-8.643E-2
0.500,-0.131,-8.652E-2
0.517,-0.131,-8.688E-2
0.534,-0.131,-8.661E-2
0.550,-0.131,-8.616E-2
0.567,-0.130,-8.571E-2
0.584,-0.130,-8.555E-2
0.600,-0.130,-8.540E-2
0.617,-0.130,-8.519E-2
0.634,-0.130,-8.503E-2
0.651,-0.130,-8.482E-2
0.667,-0.129,-8.476E-2
0.684,-0.130,-8.490E-2
0.701,-0.129,-8.529E-2
0.717,-0.129,-8.562E-2
0.734,-0.129,-8.613E-2
0.751,-0.128,-8.686E-2
0.767,-0.128,-8.745E-2
0.784,-0.128,-8.776E-2
0.801,-0.128,-8.821E-2
0.817,-0.128,-8.792E-2
0.834,-0.129,-8.781E-2
0.851,-0.129,-8.739E-2
0.867,-0.129,-8.715E-2
0.884,-0.130,-8.691E-2
0.901,-0.130,-8.674E-2
0.917,-0.130,-8.661E-2
0.934,-0.130,-8.674E-2
0.951,-0.130,-8.670E-2
0.967,-0.130,-8.681E-2
0.984,-0.130,-8.653E-2
1.001,-0.130,-8.610E-2
1.018,-0.130,-8.545E-2
1.034,-0.130,-8.494E-2
1.051,-0.129,-8.426E-2
1.068,-0.129,-8.347E-2
1.084,-0.129,-8.272E-2
1.101,-0.128,-8.222E-2
1.118,-0.128,-8.194E-2
1.134,-0.128,-8.150E-2
1.151,-0.128,-8.097E-2
1.168,-0.128,-8.049E-2
1.184,-0.127,-8.024E-2
1.201,-0.127,-8.038E-2
1.218,-0.127,-8.057E-2
1.234,-0.127,-8.087E-2
1.251,-0.127,-8.132E-2
1.268,-0.127,-8.182E-2
1.284,-0.127,-8.233E-2
1.301,-0.127,-8.302E-2
1.318,-0.127,-8.384E-2
1.334,-0.128,-8.483E-2
1.351,-0.128,-8.603E-2
1.368,-0.128,-8.712E-2
1.384,-0.128,-8.794E-2
1.401,-0.128,-8.836E-2
1.418,-0.129,-8.866E-2
1.435,-0.129,-8.846E-2
1.451,-0.129,-8.820E-2
1.468,-0.129,-8.765E-2
1.485,-0.130,-8.687E-2
1.501,-0.129,-8.595E-2
1.518,-0.129,-8.505E-2
1.535,-0.129,-8.387E-2
1.551,-0.129,-8.285E-2
1.568,-0.129,-8.155E-2
1.585,-0.129,-8.066E-2
1.601,-0.129,-7.969E-2
1.618,-0.129,-7.903E-2
1.635,-0.129,-7.863E-2
1.651,-0.128,-7.829E-2
1.668,-0.128,-7.794E-2
1.685,-0.128,-7.745E-2
1.701,-0.129,-7.693E-2
1.718,-0.128,-7.618E-2
1.735,-0.128,-7.565E-2
1.751,-0.128,-7.506E-2
1.768,-0.128,-7.446E-2
1.785,-0.127,-7.390E-2
1.801,-0.127,-7.370E-2
1.818,-0.126,-7.345E-2
1.835,-0.126,-7.351E-2
1.852,-0.125,-7.384E-2
1.868,-0.125,-7.434E-2
1.885,-0.125,-7.464E-2
1.902,-0.125,-7.461E-2
1.918,-0.125,-7.424E-2
1.935,-0.126,-7.417E-2
1.952,-0.126,-7.388E-2
1.968,-0.126,-7.374E-2
1.985,-0.127,-7.345E-2
2.002,-0.127,-7.366E-2
2.018,-0.128,-7.375E-2
2.035,-0.128,-7.416E-2
2.052,-0.128,-7.420E-2
2.068,-0.128,-7.448E-2
2.085,-0.128,-7.490E-2
2.102,-0.127,-7.526E-2
2.118,-0.127,-7.529E-2
2.135,-0.127,-7.503E-2
2.152,-0.126,-7.437E-2
2.168,-0.126,-7.366E-2
2.185,-0.126,-7.265E-2
2.202,-0.126,-7.153E-2
2.218,-0.126,-7.048E-2
2.235,-0.126,-6.967E-2
2.252,-0.126,-6.893E-2
2.269,-0.126,-6.873E-2
2.285,-0.126,-6.867E-2
2.302,-0.126,-6.848E-2
2.319,-0.126,-6.856E-2
2.335,-0.126,-6.872E-2
2.352,-0.126,-6.898E-2
2.369,-0.126,-6.945E-2
2.385,-0.125,-6.988E-2
2.402,-0.125,-7.050E-2
2.419,-0.124,-7.128E-2
2.435,-0.124,-7.218E-2
2.452,-0.124,-7.331E-2
2.469,-0.124,-7.435E-2
2.485,-0.124,-7.551E-2
2.502,-0.125,-7.652E-2
2.519,-0.125,-7.747E-2
2.535,-0.125,-7.849E-2
2.552,-0.125,-7.995E-2
2.569,-0.125,-8.087E-2
2.585,-0.125,-8.215E-2
2.602,-0.125,-8.287E-2
2.619,-0.126,-8.387E-2
2.636,-0.126,-8.460E-2
2.652,-0.126,-8.526E-2
2.669,-0.127,-8.568E-2
2.686,-0.127,-8.596E-2
2.702,-0.128,-8.582E-2
2.719,-0.128,-8.546E-2
2.736,-0.128,-8.519E-2
2.752,-0.129,-8.485E-2
2.769,-0.129,-8.456E-2
2.786,-0.129,-8.459E-2
2.802,-0.129,-8.446E-2
2.819,-0.129,-8.474E-2
2.836,-0.129,-8.534E-2
2.852,-0.129,-8.602E-2
2.869,-0.129,-8.688E-2
2.886,-0.129,-8.783E-2
2.902,-0.129,-8.887E-2
2.919,-0.130,-8.944E-2
2.936,-0.130,-8.986E-2
2.952,-0.130,-9.060E-2
2.969,-0.130,-9.138E-2
2.986,-0.130,-9.242E-2
3.002,-0.130,-9.326E-2
3.019,-0.131,-9.413E-2
3.036,-0.131,-9.481E-2
3.053,-0.131,-9.556E-2
3.069,-0.132,-9.601E-2
3.086,-0.132,-9.643E-2
3.103,-0.133,-9.671E-2
3.119,-0.133,-9.701E-2
3.136,-0.133,-9.718E-2
3.153,-0.134,-9.720E-2
3.169,-0.134,-9.668E-2
3.186,-0.134,-9.584E-2
3.203,-0.134,-9.511E-2
3.219,-0.134,-9.448E-2
3.236,-0.134,-9.382E-2
3.253,-0.133,-9.305E-2
3.269,-0.133,-9.257E-2
3.286,-0.132,-9.236E-2
3.303,-0.131,-9.198E-2
3.319,-0.131,-9.180E-2
3.336,-0.130,-9.152E-2
3.353,-0.130,-9.107E-2
3.369,-0.129,-9.061E-2
3.386,-0.129,-9.020E-2
3.403,-0.128,-8.962E-2
3.419,-0.128,-8.895E-2
3.436,-0.128,-8.827E-2
3.453,-0.128,-8.767E-2
3.470,-0.127,-8.723E-2
3.486,-0.127,-8.683E-2
3.503,-0.127,-8.671E-2
3.520,-0.127,-8.658E-2
3.536,-0.127,-8.675E-2
3.553,-0.127,-8.670E-2
3.570,-0.127,-8.672E-2
3.586,-0.128,-8.678E-2
3.603,-0.128,-8.690E-2
3.620,-0.128,-8.682E-2
3.636,-0.128,-8.684E-2
3.653,-0.128,-8.667E-2
3.670,-0.129,-8.642E-2
3.686,-0.129,-8.602E-2
3.703,-0.129,-8.586E-2
3.720,-0.128,-8.565E-2
3.736,-0.128,-8.508E-2
3.753,-0.128,-8.390E-2
3.770,-0.128,-8.260E-2
3.786,-0.128,-8.132E-2
3.803,-0.128,-7.969E-2
3.820,-0.128,-7.786E-2
3.837,-0.128,-7.607E-2
3.853,-0.128,-7.441E-2
3.870,-0.128,-7.312E-2
3.887,-0.128,-7.182E-2
3.903,-0.127,-7.059E-2
3.920,-0.127,-6.955E-2
3.937,-0.127,-6.858E-2
3.953,-0.127,-6.773E-2
3.970,-0.127,-6.700E-2
3.987,-0.126,-6.643E-2
4.003,-0.126,-6.604E-2
4.020,-0.126,-6.575E-2
4.037,-0.125,-6.525E-2
4.053,-0.125,-6.487E-2
4.070,-0.125,-6.453E-2
4.087,-0.124,-6.448E-2
4.103,-0.124,-6.452E-2
4.120,-0.124,-6.478E-2
4.137,-0.124,-6.531E-2
4.153,-0.124,-6.624E-2
4.170,-0.124,-6.714E-2
4.187,-0.124,-6.820E-2
4.203,-0.124,-6.932E-2
4.220,-0.124,-7.040E-2
4.237,-0.124,-7.138E-2
4.254,-0.124,-7.223E-2
4.270,-0.125,-7.306E-2
4.287,-0.125,-7.376E-2
4.304,-0.126,-7.427E-2
4.320,-0.127,-7.464E-2
4.337,-0.127,-7.475E-2
4.354,-0.128,-7.476E-2
4.370,-0.128,-7.447E-2
4.387,-0.129,-7.417E-2
4.404,-0.129,-7.420E-2
4.420,-0.129,-7.424E-2
4.437,-0.129,-7.424E-2
4.454,-0.129,-7.431E-2
4.470,-0.128,-7.431E-2
4.487,-0.128,-7.435E-2
4.504,-0.128,-7.453E-2
4.520,-0.128,-7.441E-2
4.537,-0.128,-7.417E-2
4.554,-0.127,-7.396E-2
4.570,-0.127,-7.354E-2
4.587,-0.127,-7.336E-2
4.604,-0.127,-7.331E-2
4.620,-0.128,-7.346E-2
4.637,-0.128,-7.367E-2
4.654,-0.128,-7.374E-2
4.671,-0.128,-7.383E-2
4.687,-0.128,-7.396E-2
4.704,-0.128,-7.403E-2
4.721,-0.128,-7.428E-2
4.737,-0.127,-7.443E-2
4.754,-0.127,-7.471E-2
4.771,-0.127,-7.495E-2
4.787,-0.127,-7.532E-2
4.804,-0.127,-7.569E-2
4.821,-0.127,-7.599E-2
4.837,-0.127,-7.619E-2
4.854,-0.128,-7.598E-2
4.871,-0.128,-7.582E-2
4.887,-0.128,-7.532E-2
4.904,-0.128,-7.466E-2
4.921,-0.128,-7.410E-2
4.937,-0.128,-7.355E-2
4.954,-0.128,-7.297E-2
4.971,-0.128,-7.226E-2
4.987,-0.128,-7.162E-2
5.004,-0.127,-7.084E-2
5.021,-0.127,-7.008E-2
5.037,-0.126,-6.933E-2
5.054,-0.126,-6.847E-2
5.071,-0.126,-6.763E-2
5.088,-0.125,-6.663E-2
5.104,-0.125,-6.541E-2
5.121,-0.125,-6.387E-2
5.138,-0.125,-6.224E-2
5.154,-0.125,-6.057E-2
5.171,-0.125,-5.890E-2
5.188,-0.125,-5.719E-2
5.204,-0.125,-5.549E-2
5.221,-0.125,-5.386E-2
5.238,-0.125,-5.232E-2
5.254,-0.125,-5.082E-2
5.271,-0.125,-4.954E-2
5.288,-0.125,-4.848E-2
5.304,-0.126,-4.795E-2
5.321,-0.126,-4.782E-2
5.338,-0.126,-4.802E-2
5.354,-0.127,-4.867E-2
5.371,-0.128,-4.906E-2
5.388,-0.128,-5.039E-2
5.404,-0.129,-5.157E-2
5.421,-0.129,-5.286E-2
5.438,-0.129,-5.436E-2
5.455,-0.129,-5.605E-2
5.471,-0.129,-5.794E-2
5.488,-0.129,-5.991E-2
5.505,-0.129,-6.210E-2
5.521,-0.129,-6.399E-2
5.538,-0.129,-6.556E-2
5.555,-0.128,-6.676E-2
5.571,-0.128,-6.781E-2
5.588,-0.128,-6.869E-2
5.605,-0.128,-6.933E-2
5.621,-0.128,-6.997E-2
5.638,-0.128,-7.043E-2
5.655,-0.128,-7.068E-2
5.671,-0.129,-7.095E-2
5.688,-0.129,-7.107E-2
5.705,-0.129,-7.150E-2
5.721,-0.129,-7.177E-2
5.738,-0.129,-7.212E-2
5.755,-0.130,-7.246E-2
5.771,-0.130,-7.295E-2
5.788,-0.130,-7.317E-2
5.805,-0.130,-7.372E-2
5.821,-0.130,-7.412E-2
5.838,-0.130,-7.445E-2
5.855,-0.130,-7.452E-2
5.872,-0.130,-7.440E-2
5.888,-0.130,-7.422E-2
5.905,-0.129,-7.400E-2
5.922,-0.128,-7.374E-2
5.938,-0.128,-7.330E-2
5.955,-0.128,-7.294E-2
5.972,-0.128,-7.235E-2
5.988,-0.128,-7.177E-2
6.005,-0.128,-7.149E-2
6.022,-0.128,-7.137E-2
6.038,-0.128,-7.127E-2
6.055,-0.128,-7.120E-2
6.072,-0.128,-7.125E-2
6.088,-0.128,-7.156E-2
6.105,-0.128,-7.218E-2
6.122,-0.129,-7.283E-2
6.138,-0.129,-7.341E-2
6.155,-0.129,-7.421E-2
6.172,-0.129,-7.508E-2
6.188,-0.129,-7.619E-2
6.205,-0.128,-7.747E-2
6.222,-0.128,-7.846E-2
6.238,-0.127,-7.945E-2
6.255,-0.127,-8.024E-2
6.272,-0.127,-8.064E-2
6.289,-0.128,-8.106E-2
6.305,-0.128,-8.142E-2
6.322,-0.128,-8.142E-2
6.339,-0.128,-8.175E-2
6.355,-0.129,-8.185E-2
6.372,-0.129,-8.219E-2
6.389,-0.129,-8.235E-2
6.405,-0.130,-8.241E-2
6.422,-0.130,-8.215E-2
6.439,-0.130,-8.199E-2
6.455,-0.130,-8.181E-2
6.472,-0.130,-8.185E-2
6.489,-0.130,-8.205E-2
6.505,-0.130,-8.242E-2
6.522,-0.130,-8.258E-2
6.539,-0.129,-8.248E-2
6.555,-0.129,-8.229E-2
6.572,-0.129,-8.232E-2
6.589,-0.128,-8.249E-2
6.605,-0.128,-8.289E-2
6.622,-0.128,-8.356E-2
6.639,-0.128,-8.414E-2
6.655,-0.128,-8.468E-2
6.672,-0.129,-8.494E-2
6.689,-0.129,-8.504E-2
6.706,-0.129,-8.458E-2
6.722,-0.129,-8.404E-2
6.739,-0.129,-8.334E-2
6.756,-0.129,-8.275E-2
6.772,-0.129,-8.269E-2
6.789,-0.129,-8.280E-2
6.806,-0.129,-8.282E-2
6.822,-0.129,-8.302E-2
6.839,-0.129,-8.320E-2
6.856,-0.129,-8.360E-2
6.872,-0.129,-8.398E-2
6.889,-0.129,-8.427E-2
6.906,-0.129,-8.465E-2
6.922,-0.129,-8.475E-2
6.939,-0.129,-8.460E-2
6.956,-0.129,-8.402E-2
6.972,-0.130,-8.322E-2
6.989,-0.130,-8.227E-2
7.006,-0.130,-8.162E-2
7.022,-0.130,-8.085E-2
7.039,-0.130,-8.005E-2
7.056,-0.129,-7.961E-2
7.073,-0.128,-7.925E-2
7.089,-0.128,-7.906E-2
7.106,-0.127,-7.923E-2
7.123,-0.126,-7.937E-2
7.139,-0.126,-7.976E-2
7.156,-0.126,-8.045E-2
7.173,-0.126,-8.117E-2
7.189,-0.126,-8.155E-2
7.206,-0.127,-8.196E-2
7.223,-0.127,-8.245E-2
7.239,-0.128,-8.326E-2
7.256,-0.128,-8.390E-2
7.273,-0.128,-8.438E-2
7.289,-0.128,-8.479E-2
7.306,-0.128,-8.532E-2
7.323,-0.128,-8.600E-2
7.339,-0.129,-8.689E-2
7.356,-0.129,-8.777E-2
7.373,-0.129,-8.871E-2
7.389,-0.129,-8.967E-2
7.406,-0.129,-9.007E-2
7.423,-0.130,-9.015E-2
7.439,-0.130,-8.952E-2
7.456,-0.131,-8.873E-2
7.473,-0.131,-8.829E-2
7.490,-0.131,-8.756E-2
7.506,-0.131,-8.700E-2
7.523,-0.131,-8.638E-2
7.540,-0.131,-8.586E-2
7.556,-0.131,-8.507E-2
7.573,-0.131,-8.480E-2
7.590,-0.130,-8.458E-2
7.606,-0.130,-8.447E-2
7.623,-0.129,-8.437E-2
7.640,-0.129,-8.439E-2
7.656,-0.128,-8.443E-2
7.673,-0.128,-8.473E-2
7.690,-0.127,-8.477E-2
7.706,-0.127,-8.468E-2
7.723,-0.127,-8.461E-2
7.740,-0.127,-8.450E-2
7.756,-0.127,-8.449E-2
7.773,-0.127,-8.453E-2
7.790,-0.127,-8.478E-2
7.806,-0.128,-8.471E-2
7.823,-0.128,-8.470E-2
7.840,-0.128,-8.478E-2
7.856,-0.129,-8.479E-2
7.873,-0.129,-8.456E-2
7.890,-0.129,-8.458E-2
7.907,-0.129,-8.483E-2
7.923,-0.128,-8.489E-2
7.940,-0.128,-8.470E-2
7.957,-0.128,-8.446E-2
7.973,-0.128,-8.408E-2
7.990,-0.127,-8.396E-2
8.007,-0.127,-8.408E-2
8.023,-0.126,-8.419E-2
8.040,-0.126,-8.461E-2
8.057,-0.126,-8.501E-2
8.073,-0.126,-8.561E-2
8.090,-0.125,-8.620E-2
8.107,-0.125,-8.694E-2
8.123,-0.125,-8.764E-2
8.140,-0.125,-8.824E-2
8.157,-0.125,-8.828E-2
8.173,-0.125,-8.824E-2
8.190,-0.125,-8.797E-2
8.207,-0.125,-8.757E-2
8.223,-0.125,-8.698E-2
8.240,-0.124,-8.626E-2
8.257,-0.124,-8.547E-2
8.274,-0.124,-8.476E-2
8.290,-0.123,-8.397E-2
8.307,-0.123,-8.341E-2
8.324,-0.123,-8.254E-2
8.340,-0.124,-8.153E-2
8.357,-0.124,-8.057E-2
8.374,-0.125,-7.969E-2
8.390,-0.125,-7.927E-2
8.407,-0.126,-7.923E-2
8.424,-0.126,-7.925E-2
8.440,-0.127,-7.911E-2
8.457,-0.127,-7.896E-2
8.474,-0.127,-7.877E-2
8.490,-0.127,-7.828E-2
8.507,-0.126,-7.778E-2
8.524,-0.126,-7.712E-2
8.540,-0.125,-7.643E-2
8.557,-0.124,-7.559E-2
8.574,-0.124,-7.449E-2
8.590,-0.123,-7.327E-2
8.607,-0.123,-7.161E-2
8.624,-0.123,-7.028E-2
8.640,-0.123,-6.902E-2
8.657,-0.123,-6.818E-2
8.674,-0.123,-6.747E-2
8.691,-0.124,-6.714E-2
8.707,-0.124,-6.705E-2
8.724,-0.124,-6.692E-2
8.741,-0.124,-6.695E-2
8.757,-0.125,-6.692E-2
8.774,-0.126,-6.766E-2
8.791,-0.126,-6.828E-2
8.807,-0.126,-6.891E-2
8.824,-0.126,-6.939E-2
8.841,-0.126,-6.985E-2
8.857,-0.126,-7.009E-2
8.874,-0.126,-7.031E-2
8.891,-0.127,-7.032E-2
8.907,-0.127,-7.032E-2
8.924,-0.127,-7.017E-2
8.941,-0.128,-7.000E-2
8.957,-0.128,-7.013E-2
8.974,-0.128,-7.019E-2
8.991,-0.129,-7.050E-2
9.007,-0.129,-7.084E-2
9.024,-0.129,-7.129E-2
9.041,-0.129,-7.222E-2
9.057,-0.129,-7.333E-2
9.074,-0.128,-7.480E-2
9.091,-0.128,-7.632E-2
9.108,-0.127,-7.800E-2
9.124,-0.126,-7.977E-2
9.141,-0.126,-8.129E-2
9.158,-0.126,-8.292E-2
9.174,-0.125,-8.419E-2
9.191,-0.125,-8.533E-2
9.208,-0.126,-8.627E-2
9.224,-0.126,-8.701E-2
9.241,-0.127,-8.793E-2
9.258,-0.128,-8.864E-2
9.274,-0.129,-8.909E-2
9.291,-0.130,-8.944E-2
9.308,-0.130,-9.005E-2
9.324,-0.131,-9.057E-2
9.341,-0.131,-9.116E-2
9.358,-0.132,-9.179E-2
9.374,-0.132,-9.215E-2
9.391,-0.133,-9.252E-2
9.408,-0.133,-9.260E-2
9.424,-0.133,-9.254E-2
9.441,-0.132,-9.225E-2
9.458,-0.132,-9.190E-2
9.474,-0.132,-9.116E-2
9.491,-0.131,-9.039E-2
9.508,-0.131,-8.975E-2
9.525,-0.130,-8.888E-2
9.541,-0.130,-8.810E-2
9.558,-0.130,-8.731E-2
9.575,-0.129,-8.631E-2
9.591,-0.129,-8.544E-2
9.608,-0.128,-8.461E-2
9.625,-0.128,-8.371E-2
9.641,-0.128,-8.303E-2
9.658,-0.128,-8.226E-2
9.675,-0.127,-8.176E-2
9.691,-0.127,-8.141E-2
9.708,-0.127,-8.131E-2
9.725,-0.126,-8.114E-2
9.741,-0.126,-8.068E-2
9.758,-0.126,-8.039E-2
9.775,-0.126,-7.983E-2
9.791,-0.126,-7.932E-2
9.808,-0.126,-7.878E-2
9.825,-0.126,-7.830E-2
9.841,-0.126,-7.788E-2
9.858,-0.126,-7.726E-2
9.875,-0.126,-7.681E-2
9.892,-0.126,-7.624E-2
9.908,-0.127,-7.588E-2
9.925,-0.127,-7.541E-2
9.942,-0.126,-7.525E-2
9.958,-0.126,-7.528E-2
9.975,-0.126,-7.540E-2
9.992,-0.126,-7.565E-2
10.008,-0.126,-7.578E-2
10.025,-0.126,-7.588E-2
10.042,-0.126,-7.584E-2
10.058,-0.125,-7.583E-2
10.075,-0.125,-7.550E-2
10.092,-0.125,-7.524E-2
10.108,-0.125,-7.501E-2
10.125,-0.124,-7.488E-2
10.142,-0.124,-7.454E-2
10.158,-0.124,-7.421E-2
10.175,-0.123,-7.360E-2
10.192,-0.123,-7.309E-2
10.208,-0.123,-7.218E-2
10.225,-0.123,-7.162E-2
10.242,-0.123,-7.109E-2
10.258,-0.123,-7.050E-2
10.275,-0.124,-7.003E-2
10.292,-0.124,-6.937E-2
10.309,-0.124,-6.871E-2
10.325,-0.125,-6.823E-2
10.342,-0.125,-6.797E-2
10.359,-0.125,-6.795E-2
10.375,-0.126,-6.807E-2
10.392,-0.126,-6.845E-2
10.409,-0.127,-6.910E-2
10.425,-0.127,-7.015E-2
10.442,-0.127,-7.117E-2
10.459,-0.128,-7.287E-2
10.475,-0.128,-7.441E-2
10.492,-0.129,-7.596E-2
10.509,-0.129,-7.734E-2
10.525,-0.129,-7.890E-2
10.542,-0.129,-8.024E-2
10.559,-0.130,-8.152E-2
10.575,-0.130,-8.256E-2
10.592,-0.130,-8.367E-2
10.609,-0.130,-8.459E-2
10.625,-0.131,-8.500E-2
10.642,-0.131,-8.505E-2
10.659,-0.131,-8.534E-2
10.675,-0.131,-8.537E-2
10.692,-0.131,-8.505E-2
10.709,-0.131,-8.496E-2
10.726,-0.131,-8.468E-2
10.742,-0.131,-8.460E-2
10.759,-0.131,-8.467E-2
10.776,-0.131,-8.465E-2
10.792,-0.130,-8.458E-2
10.809,-0.130,-8.458E-2
10.826,-0.129,-8.458E-2
10.842,-0.129,-8.462E-2
10.859,-0.128,-8.457E-2
10.876,-0.128,-8.434E-2
10.892,-0.127,-8.379E-2
10.909,-0.127,-8.325E-2
10.926,-0.127,-8.240E-2
10.942,-0.126,-8.163E-2
10.959,-0.126,-8.060E-2
10.976,-0.126,-7.982E-2
10.992,-0.125,-7.903E-2
11.009,-0.125,-7.868E-2
11.026,-0.125,-7.835E-2
11.042,-0.124,-7.804E-2
11.059,-0.124,-7.816E-2
11.076,-0.124,-7.842E-2
11.092,-0.125,-7.869E-2
11.109,-0.125,-7.870E-2
11.126,-0.125,-7.887E-2
11.143,-0.125,-7.889E-2
11.159,-0.125,-7.893E-2
11.176,-0.126,-7.916E-2
11.193,-0.126,-7.939E-2
11.209,-0.126,-7.944E-2
11.226,-0.126,-7.952E-2
11.243,-0.126,-7.916E-2
11.259,-0.127,-7.863E-2
11.276,-0.127,-7.794E-2
11.293,-0.127,-7.739E-2
11.309,-0.127,-7.672E-2
11.326,-0.127,-7.622E-2
11.343,-0.127,-7.546E-2
11.359,-0.127,-7.486E-2
11.376,-0.127,-7.374E-2
11.393,-0.126,-7.296E-2
11.409,-0.126,-7.202E-2
11.426,-0.126,-7.112E-2
11.443,-0.126,-7.038E-2
11.459,-0.126,-6.969E-2
11.476,-0.126,-6.900E-2
11.493,-0.126,-6.850E-2
11.510,-0.126,-6.814E-2
11.526,-0.126,-6.799E-2
11.543,-0.126,-6.797E-2
11.560,-0.126,-6.804E-2
11.576,-0.126,-6.822E-2
11.593,-0.125,-6.852E-2
11.610,-0.125,-6.895E-2
11.626,-0.125,-6.912E-2
11.643,-0.125,-6.968E-2
11.660,-0.125,-7.034E-2
11.676,-0.125,-7.076E-2
11.693,-0.125,-7.147E-2
11.710,-0.125,-7.182E-2
11.726,-0.125,-7.244E-2
11.743,-0.126,-7.284E-2
11.760,-0.126,-7.315E-2
11.776,-0.126,-7.334E-2
11.793,-0.126,-7.335E-2
11.810,-0.127,-7.338E-2
11.826,-0.127,-7.337E-2
11.843,-0.127,-7.335E-2
11.860,-0.127,-7.347E-2
11.876,-0.127,-7.384E-2
11.893,-0.127,-7.392E-2
11.910,-0.127,-7.403E-2
11.927,-0.126,-7.398E-2
11.943,-0.126,-7.413E-2
11.960,-0.125,-7.403E-2
11.977,-0.125,-7.380E-2
11.993,-0.125,-7.379E-2
12.010,-0.125,-7.349E-2
12.027,-0.125,-7.371E-2
12.043,-0.125,-7.376E-2
12.060,-0.125,-7.417E-2
12.077,-0.126,-7.433E-2
12.093,-0.126,-7.431E-2
12.110,-0.126,-7.447E-2
12.127,-0.126,-7.466E-2
12.143,-0.126,-7.487E-2
12.160,-0.126,-7.505E-2
12.177,-0.126,-7.556E-2
12.193,-0.126,-7.594E-2
12.210,-0.126,-7.664E-2
12.227,-0.127,-7.739E-2
12.243,-0.127,-7.792E-2
12.260,-0.127,-7.846E-2
12.277,-0.128,-7.898E-2
12.293,-0.128,-7.962E-2
12.310,-0.129,-7.976E-2
12.327,-0.129,-7.959E-2
12.344,-0.129,-7.944E-2
12.360,-0.130,-7.928E-2
12.377,-0.130,-7.881E-2
12.394,-0.130,-7.855E-2
12.410,-0.130,-7.821E-2
12.427,-0.130,-7.785E-2
12.444,-0.130,-7.780E-2
12.460,-0.130,-7.770E-2
12.477,-0.130,-7.743E-2
12.494,-0.129,-7.719E-2
12.510,-0.129,-7.740E-2
12.527,-0.128,-7.745E-2
12.544,-0.127,-7.764E-2
12.560,-0.126,-7.803E-2
12.577,-0.126,-7.879E-2
12.594,-0.125,-7.924E-2
12.610,-0.125,-7.973E-2
12.627,-0.124,-8.034E-2
12.644,-0.124,-8.115E-2
12.660,-0.124,-8.191E-2
12.677,-0.123,-8.254E-2
12.694,-0.123,-8.303E-2
12.710,-0.124,-8.324E-2
12.727,-0.124,-8.320E-2
12.744,-0.125,-8.310E-2
12.761,-0.125,-8.286E-2
12.777,-0.125,-8.250E-2
12.794,-0.125,-8.213E-2
12.811,-0.126,-8.184E-2
12.827,-0.126,-8.168E-2
12.844,-0.126,-8.141E-2
12.861,-0.125,-8.083E-2
12.877,-0.125,-8.077E-2
12.894,-0.125,-8.067E-2
12.911,-0.125,-8.098E-2
12.927,-0.125,-8.144E-2
12.944,-0.125,-8.193E-2
12.961,-0.125,-8.214E-2
12.977,-0.126,-8.247E-2
12.994,-0.126,-8.282E-2
13.011,-0.126,-8.298E-2
13.027,-0.127,-8.340E-2
13.044,-0.127,-8.371E-2
13.061,-0.127,-8.410E-2
13.077,-0.127,-8.425E-2
13.094,-0.127,-8.447E-2
13.111,-0.127,-8.456E-2
13.128,-0.127,-8.471E-2
13.144,-0.127,-8.512E-2
13.161,-0.127,-8.542E-2
13.178,-0.127,-8.595E-2
13.194,-0.127,-8.664E-2
13.211,-0.127,-8.758E-2
13.228,-0.126,-8.845E-2
13.244,-0.126,-8.946E-2
13.261,-0.126,-9.019E-2
13.278,-0.127,-9.061E-2
13.294,-0.127,-9.062E-2
13.311,-0.128,-9.047E-2
13.328,-0.128,-9.022E-2
13.344,-0.128,-9.021E-2
13.361,-0.129,-9.012E-2
13.378,-0.129,-9.003E-2
13.394,-0.129,-9.023E-2
13.411,-0.129,-9.054E-2
13.428,-0.129,-9.097E-2
13.444,-0.129,-9.136E-2
13.461,-0.129,-9.180E-2
13.478,-0.129,-9.226E-2
13.494,-0.129,-9.251E-2
13.511,-0.129,-9.257E-2
13.528,-0.128,-9.254E-2
13.545,-0.128,-9.245E-2
13.561,-0.128,-9.252E-2
13.578,-0.128,-9.277E-2
13.595,-0.128,-9.275E-2
13.611,-0.128,-9.287E-2
13.628,-0.127,-9.281E-2
13.645,-0.127,-9.298E-2
13.661,-0.127,-9.301E-2
13.678,-0.127,-9.336E-2
13.695,-0.127,-9.357E-2
13.711,-0.127,-9.367E-2
13.728,-0.127,-9.370E-2
13.745,-0.127,-9.371E-2
13.761,-0.127,-9.382E-2
13.778,-0.127,-9.389E-2
13.795,-0.127,-9.408E-2
13.811,-0.127,-9.456E-2
13.828,-0.127,-9.485E-2
13.845,-0.127,-9.503E-2
13.861,-0.127,-9.482E-2
13.878,-0.127,-9.439E-2
13.895,-0.128,-9.404E-2
13.911,-0.128,-9.354E-2
13.928,-0.128,-9.294E-2
13.945,-0.128,-9.227E-2
13.962,-0.128,-9.157E-2
13.978,-0.128,-9.080E-2
13.995,-0.128,-9.029E-2
14.012,-0.128,-8.961E-2
14.028,-0.128,-8.894E-2
14.045,-0.128,-8.839E-2
14.062,-0.128,-8.793E-2
14.078,-0.128,-8.747E-2
14.095,-0.127,-8.685E-2
14.112,-0.127,-8.630E-2
14.128,-0.126,-8.564E-2
14.145,-0.125,-8.491E-2
14.162,-0.125,-8.446E-2
14.178,-0.124,-8.410E-2
14.195,-0.124,-8.341E-2
14.212,-0.124,-8.305E-2
14.228,-0.123,-8.262E-2
14.245,-0.123,-8.251E-2
14.262,-0.123,-8.216E-2
14.278,-0.123,-8.187E-2
14.295,-0.123,-8.131E-2
14.312,-0.123,-8.080E-2
14.329,-0.123,-7.986E-2
14.345,-0.123,-7.896E-2
14.362,-0.123,-7.790E-2
14.379,-0.123,-7.706E-2
14.395,-0.124,-7.591E-2
14.412,-0.124,-7.455E-2
14.429,-0.124,-7.333E-2
14.445,-0.124,-7.205E-2
14.462,-0.124,-7.076E-2
14.479,-0.124,-6.971E-2
14.495,-0.124,-6.868E-2
14.512,-0.123,-6.768E-2
14.529,-0.123,-6.707E-2
14.545,-0.123,-6.621E-2
14.562,-0.122,-6.524E-2
14.579,-0.122,-6.436E-2
14.595,-0.122,-6.327E-2
14.612,-0.122,-6.203E-2
14.629,-0.122,-6.084E-2
14.645,-0.122,-5.967E-2
14.662,-0.122,-5.832E-2
14.679,-0.122,-5.719E-2
14.695,-0.122,-5.614E-2
14.712,-0.123,-5.516E-2
14.729,-0.123,-5.430E-2
14.746,-0.123,-5.351E-2
14.762,-0.124,-5.294E-2
14.779,-0.124,-5.255E-2
14.796,-0.124,-5.238E-2
14.812,-0.124,-5.238E-2
14.829,-0.124,-5.262E-2
14.846,-0.124,-5.298E-2
14.862,-0.124,-5.334E-2
14.879,-0.124,-5.421E-2
14.896,-0.124,-5.451E-2
14.912,-0.125,-5.522E-2
14.929,-0.125,-5.604E-2
14.946,-0.125,-5.697E-2
14.962,-0.126,-5.751E-2
14.979,-0.126,-5.846E-2
14.996,-0.126,-5.904E-2
15.012,-0.126,-5.994E-2
15.029,-0.127,-6.062E-2
15.046,-0.127,-6.119E-2
15.062,-0.128,-6.161E-2
15.079,-0.128,-6.213E-2
15.096,-0.128,-6.240E-2
15.112,-0.128,-6.291E-2
15.129,-0.128,-6.339E-2
15.146,-0.128,-6.414E-2
15.163,-0.128,-6.491E-2
15.179,-0.129,-6.574E-2
15.196,-0.129,-6.663E-2
15.213,-0.129,-6.764E-2
15.229,-0.129,-6.879E-2
15.246,-0.129,-6.998E-2
15.263,-0.130,-7.138E-2
15.279,-0.130,-7.267E-2
15.296,-0.131,-7.418E-2
15.313,-0.131,-7.564E-2
15.329,-0.131,-7.722E-2
15.346,-0.131,-7.902E-2
15.363,-0.132,-8.041E-2
15.379,-0.132,-8.182E-2
15.396,-0.132,-8.312E-2
15.413,-0.132,-8.415E-2
15.429,-0.133,-8.516E-2
15.446,-0.133,-8.572E-2
15.463,-0.133,-8.599E-2
15.479,-0.134,-8.599E-2
15.496,-0.134,-8.626E-2
15.513,-0.134,-8.611E-2
15.529,-0.135,-8.564E-2
15.546,-0.135,-8.511E-2
15.563,-0.135,-8.467E-2
15.580,-0.135,-8.422E-2
15.596,-0.135,-8.372E-2
15.613,-0.135,-8.311E-2
15.630,-0.135,-8.222E-2
15.646,-0.134,-8.171E-2
15.663,-0.134,-8.140E-2
15.680,-0.133,-8.133E-2
15.696,-0.132,-8.139E-2
15.713,-0.131,-8.149E-2
15.730,-0.130,-8.176E-2
15.746,-0.129,-8.223E-2
15.763,-0.128,-8.257E-2
15.780,-0.128,-8.335E-2
15.796,-0.127,-8.404E-2
15.813,-0.127,-8.466E-2
15.830,-0.127,-8.504E-2
15.846,-0.127,-8.568E-2
15.863,-0.126,-8.619E-2
15.880,-0.126,-8.615E-2
15.896,-0.126,-8.615E-2
15.913,-0.126,-8.571E-2
15.930,-0.127,-8.509E-2
15.947,-0.127,-8.422E-2
15.963,-0.127,-8.308E-2
15.980,-0.127,-8.210E-2
15.997,-0.127,-8.086E-2
16.013,-0.127,-7.981E-2
16.030,-0.127,-7.867E-2
16.047,-0.127,-7.750E-2
16.063,-0.126,-7.651E-2
16.080,-0.126,-7.542E-2
16.097,-0.126,-7.468E-2
16.113,-0.126,-7.380E-2
16.130,-0.126,-7.283E-2
16.147,-0.126,-7.185E-2
16.163,-0.126,-7.069E-2
16.180,-0.126,-6.971E-2
16.197,-0.126,-6.860E-2
16.213,-0.126,-6.756E-2
16.230,-0.126,-6.680E-2
16.247,-0.126,-6.614E-2
16.263,-0.126,-6.591E-2
16.280,-0.125,-6.577E-2
16.297,-0.125,-6.591E-2
16.313,-0.124,-6.619E-2
16.330,-0.124,-6.661E-2
16.347,-0.123,-6.709E-2
16.364,-0.122,-6.796E-2
16.380,-0.122,-6.879E-2
16.397,-0.121,-6.969E-2
16.414,-0.121,-7.045E-2
16.430,-0.121,-7.113E-2
16.447,-0.121,-7.169E-2
16.464,-0.121,-7.206E-2
16.480,-0.121,-7.200E-2
16.497,-0.122,-7.160E-2
16.514,-0.122,-7.112E-2
16.530,-0.122,-7.023E-2
16.547,-0.122,-6.953E-2
16.564,-0.122,-6.852E-2
16.580,-0.122,-6.720E-2
16.597,-0.122,-6.571E-2
16.614,-0.121,-6.404E-2
16.630,-0.121,-6.249E-2
16.647,-0.121,-6.085E-2
16.664,-0.121,-5.908E-2
16.680,-0.121,-5.736E-2
16.697,-0.121,-5.578E-2
16.714,-0.121,-5.447E-2
16.730,-0.121,-5.348E-2
16.747,-0.122,-5.274E-2
16.764,-0.122,-5.234E-2
16.781,-0.122,-5.221E-2
16.797,-0.122,-5.210E-2
16.814,-0.122,-5.236E-2
16.831,-0.122,-5.276E-2
16.847,-0.122,-5.339E-2
16.864,-0.122,-5.433E-2
16.881,-0.123,-5.540E-2
16.897,-0.123,-5.646E-2
16.914,-0.123,-5.779E-2
16.931,-0.124,-5.924E-2
16.947,-0.125,-6.070E-2
16.964,-0.125,-6.196E-2
16.981,-0.126,-6.262E-2
16.997,-0.127,-6.317E-2
17.014,-0.127,-6.377E-2
17.031,-0.128,-6.456E-2
17.047,-0.128,-6.536E-2
17.064,-0.128,-6.612E-2
17.081,-0.129,-6.672E-2
17.097,-0.129,-6.696E-2
17.114,-0.129,-6.717E-2
17.131,-0.129,-6.714E-2
17.147,-0.130,-6.701E-2
17.164,-0.130,-6.689E-2
17.181,-0.130,-6.678E-2
17.198,-0.131,-6.673E-2
17.214,-0.131,-6.672E-2
17.231,-0.131,-6.699E-2
17.248,-0.131,-6.738E-2
17.264,-0.131,-6.776E-2
17.281,-0.131,-6.830E-2
17.298,-0.130,-6.844E-2
17.314,-0.130,-6.867E-2
17.331,-0.130,-6.865E-2
17.348,-0.129,-6.836E-2
17.364,-0.129,-6.780E-2
17.381,-0.129,-6.706E-2
17.398,-0.128,-6.613E-2
17.414,-0.128,-6.507E-2
17.431,-0.128,-6.393E-2
17.448,-0.128,-6.293E-2
17.464,-0.129,-6.209E-2
17.481,-0.129,-6.157E-2
17.498,-0.129,-6.126E-2
17.514,-0.130,-6.129E-2
17.531,-0.130,-6.145E-2
17.548,-0.131,-6.157E-2
17.565,-0.131,-6.234E-2
17.581,-0.132,-6.314E-2
17.598,-0.132,-6.418E-2
17.615,-0.132,-6.521E-2
17.631,-0.132,-6.611E-2
17.648,-0.132,-6.698E-2
17.665,-0.132,-6.785E-2
17.681,-0.132,-6.846E-2
17.698,-0.131,-6.890E-2
17.715,-0.131,-6.949E-2
17.731,-0.130,-6.954E-2
17.748,-0.130,-6.950E-2
17.765,-0.129,-6.949E-2
17.781,-0.128,-6.933E-2
17.798,-0.128,-6.903E-2
17.815,-0.127,-6.902E-2
17.831,-0.127,-6.909E-2
17.848,-0.126,-6.919E-2
17.865,-0.125,-6.936E-2
17.881,-0.125,-6.964E-2
17.898,-0.125,-6.955E-2
17.915,-0.124,-6.930E-2
17.931,-0.124,-6.870E-2
17.948,-0.124,-6.799E-2
17.965,-0.123,-6.764E-2
17.982,-0.123,-6.735E-2
17.998,-0.123,-6.711E-2
18.015,-0.122,-6.690E-2
18.032,-0.122,-6.666E-2
18.048,-0.121,-6.653E-2
18.065,-0.121,-6.647E-2
18.082,-0.121,-6.651E-2
18.098,-0.121,-6.660E-2
18.115,-0.121,-6.680E-2
18.132,-0.121,-6.734E-2
18.148,-0.122,-6.765E-2
18.165,-0.122,-6.781E-2
18.182,-0.123,-6.774E-2
18.198,-0.123,-6.777E-2
18.215,-0.124,-6.767E-2
18.232,-0.124,-6.774E-2
18.248,-0.124,-6.777E-2
18.265,-0.125,-6.756E-2
18.282,-0.125,-6.715E-2
18.298,-0.125,-6.681E-2
18.315,-0.126,-6.664E-2
18.332,-0.126,-6.647E-2
18.348,-0.126,-6.617E-2
18.365,-0.126,-6.605E-2
18.382,-0.126,-6.596E-2
18.399,-0.126,-6.590E-2
18.415,-0.126,-6.585E-2
18.432,-0.126,-6.567E-2
18.449,-0.126,-6.538E-2
18.465,-0.126,-6.534E-2
18.482,-0.127,-6.536E-2
18.499,-0.127,-6.527E-2
18.515,-0.127,-6.541E-2
18.532,-0.127,-6.558E-2
18.549,-0.126,-6.565E-2
18.565,-0.126,-6.581E-2
18.582,-0.126,-6.588E-2
18.599,-0.126,-6.595E-2
18.615,-0.126,-6.609E-2
18.632,-0.126,-6.603E-2
18.649,-0.126,-6.582E-2
18.665,-0.125,-6.543E-2
18.682,-0.125,-6.527E-2
18.699,-0.125,-6.482E-2
18.715,-0.125,-6.448E-2
18.732,-0.125,-6.405E-2
18.749,-0.125,-6.372E-2
18.766,-0.125,-6.338E-2
18.782,-0.125,-6.308E-2
18.799,-0.124,-6.298E-2
18.816,-0.124,-6.273E-2
18.832,-0.124,-6.254E-2
18.849,-0.124,-6.217E-2
18.866,-0.124,-6.204E-2
18.882,-0.124,-6.188E-2
18.899,-0.123,-6.183E-2
18.916,-0.124,-6.202E-2
18.932,-0.124,-6.216E-2
18.949,-0.124,-6.261E-2
18.966,-0.124,-6.312E-2
18.982,-0.125,-6.342E-2
18.999,-0.125,-6.386E-2
19.016,-0.125,-6.428E-2
19.032,-0.125,-6.511E-2
19.049,-0.125,-6.597E-2
19.066,-0.125,-6.691E-2
19.082,-0.125,-6.763E-2
19.099,-0.126,-6.848E-2
19.116,-0.126,-6.920E-2
19.132,-0.126,-6.970E-2
19.149,-0.127,-7.032E-2
19.166,-0.127,-7.076E-2
19.183,-0.128,-7.130E-2
19.199,-0.128,-7.170E-2
19.216,-0.128,-7.217E-2
19.233,-0.129,-7.251E-2
19.249,-0.129,-7.290E-2
19.266,-0.129,-7.324E-2
19.283,-0.128,-7.347E-2
19.299,-0.128,-7.401E-2
19.316,-0.128,-7.422E-2
19.333,-0.128,-7.430E-2
19.349,-0.128,-7.426E-2
19.366,-0.127,-7.426E-2
19.383,-0.127,-7.428E-2
19.399,-0.127,-7.436E-2
19.416,-0.127,-7.439E-2
19.433,-0.128,-7.430E-2
19.449,-0.128,-7.426E-2
19.466,-0.128,-7.434E-2
19.483,-0.129,-7.429E-2
19.499,-0.129,-7.431E-2
19.516,-0.129,-7.481E-2
19.533,-0.129,-7.503E-2
19.549,-0.129,-7.547E-2
19.566,-0.129,-7.595E-2
19.583,-0.129,-7.661E-2
19.600,-0.129,-7.698E-2
19.616,-0.128,-7.738E-2
19.633,-0.128,-7.745E-2
19.650,-0.128,-7.754E-2
19.666,-0.128,-7.762E-2
19.683,-0.128,-7.763E-2
19.700,-0.128,-7.719E-2
19.716,-0.128,-7.699E-2
19.733,-0.128,-7.672E-2
19.750,-0.129,-7.693E-2
19.766,-0.129,-7.737E-2
19.783,-0.129,-7.828E-2
19.800,-0.129,-7.920E-2
19.816,-0.129,-8.011E-2
19.833,-0.129,-8.107E-2
19.850,-0.129,-8.215E-2
19.866,-0.129,-8.294E-2
19.883,-0.128,-8.371E-2
19.900,-0.128,-8.415E-2
19.916,-0.128,-8.432E-2
19.933,-0.128,-8.441E-2
19.950,-0.128,-8.450E-2
19.966,-0.128,-8.458E-2
19.983,-0.128,-8.449E-2
20.000,-0.128,-8.421E-2
20.017,-0.128,-8.391E-2
20.033,-0.128,-8.321E-2
20.050,-0.128,-8.293E-2
20.067,-0.129,-8.306E-2
20.083,-0.129,-8.318E-2
20.100,-0.130,-8.356E-2
20.117,-0.130,-8.418E-2
20.133,-0.131,-8.505E-2
20.150,-0.131,-8.599E-2
20.167,-0.131,-8.720E-2
20.183,-0.131,-8.801E-2
20.200,-0.132,-8.906E-2
20.217,-0.132,-9.009E-2
20.233,-0.132,-9.132E-2
20.250,-0.132,-9.248E-2
20.267,-0.132,-9.360E-2
20.283,-0.132,-9.474E-2
20.300,-0.132,-9.613E-2
20.317,-0.132,-9.737E-2
20.333,-0.132,-9.815E-2
20.350,-0.133,-9.876E-2
20.367,-0.133,-9.945E-2
20.384,-0.133,-0.100
20.400,-0.133,-0.101
20.417,-0.133,-0.102
20.434,-0.133,-0.103
20.450,-0.133,-0.104
20.467,-0.133,-0.105
20.484,-0.133,-0.106
20.500,-0.133,-0.106
20.517,-0.133,-0.107
20.534,-0.133,-0.107
20.550,-0.133,-0.106
20.567,-0.133,-0.106
20.584,-0.132,-0.105
20.600,-0.132,-0.105
20.617,-0.132,-0.105
20.634,-0.132,-0.105
20.650,-0.132,-0.105
20.667,-0.132,-0.104
20.684,-0.132,-0.104
20.700,-0.132,-0.103
20.717,-0.132,-0.103
20.734,-0.132,-0.102
20.750,-0.132,-0.102
20.767,-0.132,-0.101
20.784,-0.132,-0.101
20.801,-0.131,-0.101
20.817,-0.131,-0.100
20.834,-0.131,-9.961E-2
20.851,-0.131,-9.904E-2
20.867,-0.130,-9.827E-2
20.884,-0.130,-9.748E-2
20.901,-0.130,-9.660E-2
20.917,-0.130,-9.564E-2
20.934,-0.130,-9.467E-2
20.951,-0.129,-9.374E-2
20.967,-0.129,-9.317E-2
20.984,-0.128,-9.287E-2
21.001,-0.128,-9.241E-2
21.017,-0.128,-9.232E-2
21.034,-0.128,-9.212E-2
21.051,-0.128,-9.248E-2
21.067,-0.127,-9.310E-2
21.084,-0.126,-9.399E-2
21.101,-0.126,-9.505E-2
21.117,-0.125,-9.586E-2
21.134,-0.125,-9.617E-2
21.151,-0.125,-9.623E-2
21.167,-0.125,-9.610E-2
21.184,-0.125,-9.550E-2
21.201,-0.125,-9.451E-2
21.218,-0.125,-9.365E-2
21.234,-0.125,-9.262E-2
21.251,-0.125,-9.171E-2
21.268,-0.125,-9.092E-2
21.284,-0.124,-9.024E-2
21.301,-0.124,-8.923E-2
21.318,-0.124,-8.842E-2
21.334,-0.124,-8.735E-2
21.351,-0.123,-8.645E-2
21.368,-0.123,-8.532E-2
21.384,-0.123,-8.395E-2
21.401,-0.123,-8.276E-2
21.418,-0.123,-8.170E-2
21.434,-0.123,-8.078E-2
21.451,-0.123,-8.011E-2
21.468,-0.123,-7.947E-2
21.484,-0.123,-7.882E-2
21.501,-0.123,-7.839E-2
21.518,-0.124,-7.821E-2
21.534,-0.124,-7.811E-2
21.551,-0.124,-7.815E-2
21.568,-0.125,-7.824E-2
21.584,-0.125,-7.845E-2
21.601,-0.126,-7.854E-2
21.618,-0.126,-7.853E-2
21.635,-0.127,-7.848E-2
21.651,-0.127,-7.867E-2
21.668,-0.128,-7.893E-2
21.685,-0.128,-7.903E-2
21.701,-0.128,-7.960E-2
21.718,-0.129,-7.976E-2
21.735,-0.129,-7.987E-2
21.751,-0.129,-7.984E-2
21.768,-0.129,-7.979E-2
21.785,-0.128,-7.946E-2
21.801,-0.128,-7.897E-2
21.818,-0.128,-7.830E-2
21.835,-0.128,-7.763E-2
21.851,-0.128,-7.682E-2
21.868,-0.127,-7.608E-2
21.885,-0.127,-7.530E-2
21.901,-0.127,-7.444E-2
21.918,-0.127,-7.398E-2
21.935,-0.127,-7.349E-2
21.951,-0.126,-7.314E-2
21.968,-0.126,-7.300E-2
21.985,-0.126,-7.250E-2
22.002,-0.126,-7.211E-2
22.018,-0.125,-7.166E-2
22.035,-0.125,-7.124E-2
22.052,-0.124,-7.077E-2
22.068,-0.124,-7.035E-2
22.085,-0.124,-7.000E-2
22.102,-0.124,-6.981E-2
22.118,-0.124,-6.950E-2
22.135,-0.124,-6.931E-2
22.152,-0.124,-6.910E-2
22.168,-0.124,-6.925E-2
22.185,-0.124,-6.916E-2
22.202,-0.124,-6.935E-2
22.218,-0.124,-6.962E-2
22.235,-0.124,-6.998E-2
22.252,-0.125,-7.041E-2
22.268,-0.125,-7.115E-2
22.285,-0.125,-7.177E-2
22.302,-0.126,-7.267E-2
22.318,-0.126,-7.366E-2
22.335,-0.127,-7.470E-2
22.352,-0.127,-7.560E-2
22.368,-0.128,-7.654E-2
22.385,-0.128,-7.768E-2
22.402,-0.129,-7.900E-2
22.419,-0.129,-8.002E-2
22.435,-0.129,-8.096E-2
22.452,-0.129,-8.192E-2
22.469,-0.129,-8.259E-2
22.485,-0.129,-8.318E-2
22.502,-0.129,-8.328E-2
22.519,-0.130,-8.316E-2
22.535,-0.130,-8.246E-2
22.552,-0.130,-8.170E-2
22.569,-0.130,-8.110E-2
22.585,-0.129,-8.070E-2
22.602,-0.129,-8.040E-2
22.619,-0.129,-8.022E-2
22.635,-0.129,-8.018E-2
22.652,-0.129,-8.063E-2
22.669,-0.129,-8.108E-2
22.685,-0.129,-8.138E-2
22.702,-0.129,-8.180E-2
22.719,-0.129,-8.232E-2
22.735,-0.129,-8.318E-2
22.752,-0.130,-8.377E-2
22.769,-0.130,-8.443E-2
22.785,-0.130,-8.488E-2
22.802,-0.130,-8.556E-2
22.819,-0.130,-8.580E-2
22.836,-0.130,-8.581E-2
22.852,-0.131,-8.594E-2
22.869,-0.131,-8.581E-2
22.886,-0.131,-8.585E-2
22.902,-0.131,-8.607E-2
22.919,-0.132,-8.651E-2
22.936,-0.132,-8.708E-2
22.952,-0.132,-8.760E-2
22.969,-0.133,-8.815E-2
22.986,-0.133,-8.851E-2
23.002,-0.133,-8.906E-2
23.019,-0.133,-8.943E-2
23.036,-0.134,-8.963E-2
23.052,-0.134,-9.010E-2
23.069,-0.134,-9.004E-2
23.086,-0.134,-8.988E-2
23.102,-0.134,-9.011E-2
23.119,-0.134,-9.017E-2
23.136,-0.134,-9.040E-2
23.152,-0.134,-9.052E-2
23.169,-0.134,-9.067E-2
23.186,-0.134,-9.081E-2
23.202,-0.134,-9.057E-2
23.219,-0.134,-9.079E-2
23.236,-0.134,-9.078E-2
23.253,-0.133,-9.075E-2
23.269,-0.132,-9.092E-2
23.286,-0.132,-9.085E-2
23.303,-0.131,-9.090E-2
23.319,-0.130,-9.105E-2
23.336,-0.129,-9.123E-2
23.353,-0.128,-9.111E-2
23.369,-0.127,-9.115E-2
23.386,-0.127,-9.083E-2
23.403,-0.126,-9.026E-2
23.419,-0.126,-8.972E-2
23.436,-0.126,-8.915E-2
23.453,-0.126,-8.847E-2
23.469,-0.127,-8.789E-2
23.486,-0.127,-8.736E-2
23.503,-0.127,-8.710E-2
23.519,-0.127,-8.694E-2
23.536,-0.127,-8.692E-2
23.553,-0.127,-8.709E-2
23.569,-0.128,-8.723E-2
23.586,-0.128,-8.758E-2
23.603,-0.128,-8.766E-2
23.620,-0.127,-8.792E-2
23.636,-0.128,-8.796E-2
23.653,-0.128,-8.809E-2
23.670,-0.128,-8.807E-2
23.686,-0.128,-8.784E-2
23.703,-0.128,-8.757E-2
23.720,-0.128,-8.734E-2
23.736,-0.128,-8.703E-2
23.753,-0.127,-8.693E-2
23.770,-0.127,-8.676E-2
23.786,-0.127,-8.671E-2
23.803,-0.127,-8.665E-2
23.820,-0.126,-8.640E-2
23.836,-0.126,-8.617E-2
23.853,-0.126,-8.571E-2
23.870,-0.126,-8.549E-2
23.886,-0.125,-8.523E-2
23.903,-0.125,-8.518E-2
23.920,-0.125,-8.509E-2
23.936,-0.125,-8.502E-2
23.953,-0.125,-8.506E-2
23.970,-0.124,-8.525E-2
23.986,-0.125,-8.561E-2
24.003,-0.125,-8.593E-2
24.020,-0.125,-8.601E-2
24.037,-0.126,-8.591E-2
24.053,-0.126,-8.591E-2
24.070,-0.126,-8.601E-2
24.087,-0.127,-8.623E-2
24.103,-0.127,-8.670E-2
24.120,-0.127,-8.708E-2
24.137,-0.127,-8.738E-2
24.153,-0.127,-8.763E-2
24.170,-0.127,-8.778E-2
24.187,-0.127,-8.773E-2
24.203,-0.127,-8.744E-2
24.220,-0.127,-8.703E-2
24.237,-0.127,-8.672E-2
24.253,-0.128,-8.628E-2
24.270,-0.128,-8.603E-2
24.287,-0.128,-8.570E-2
24.303,-0.128,-8.537E-2
24.320,-0.128,-8.493E-2
24.337,-0.129,-8.433E-2
24.353,-0.129,-8.398E-2
24.370,-0.129,-8.345E-2
24.387,-0.129,-8.284E-2
24.403,-0.129,-8.233E-2
24.420,-0.128,-8.205E-2
24.437,-0.128,-8.152E-2
24.454,-0.127,-8.117E-2
24.470,-0.126,-8.046E-2
24.487,-0.125,-7.983E-2
24.504,-0.125,-7.936E-2
24.520,-0.124,-7.921E-2
24.537,-0.124,-7.905E-2
24.554,-0.124,-7.925E-2
24.570,-0.124,-7.958E-2
24.587,-0.124,-7.984E-2
24.604,-0.124,-8.023E-2
24.620,-0.125,-8.087E-2
24.637,-0.125,-8.147E-2
24.654,-0.125,-8.212E-2
24.670,-0.126,-8.277E-2
24.687,-0.126,-8.343E-2
24.704,-0.126,-8.374E-2
24.720,-0.126,-8.433E-2
24.737,-0.127,-8.498E-2
24.754,-0.127,-8.570E-2
24.770,-0.127,-8.629E-2
24.787,-0.128,-8.698E-2
24.804,-0.128,-8.755E-2
24.821,-0.128,-8.825E-2
24.837,-0.128,-8.868E-2
24.854,-0.129,-8.888E-2
24.871,-0.129,-8.922E-2
24.887,-0.129,-8.968E-2
24.904,-0.130,-8.989E-2
24.921,-0.130,-9.006E-2
24.937,-0.131,-9.003E-2
24.954,-0.131,-9.002E-2
24.971,-0.131,-9.013E-2
24.987,-0.132,-9.046E-2
25.004,-0.132,-9.067E-2
25.021,-0.132,-9.082E-2
25.037,-0.133,-9.090E-2
25.054,-0.133,-9.097E-2
25.071,-0.133,-9.136E-2
25.087,-0.133,-9.164E-2
25.104,-0.133,-9.204E-2
25.121,-0.133,-9.268E-2
25.137,-0.133,-9.356E-2
25.154,-0.133,-9.442E-2
25.171,-0.133,-9.523E-2
25.187,-0.133,-9.585E-2
25.204,-0.133,-9.639E-2
25.221,-0.133,-9.677E-2
25.238,-0.133,-9.762E-2
25.254,-0.134,-9.837E-2
25.271,-0.134,-9.951E-2
25.288,-0.135,-0.101
25.304,-0.135,-0.102
25.321,-0.135,-0.104
25.338,-0.135,-0.105
25.354,-0.135,-0.106
25.371,-0.135,-0.106
25.388,-0.135,-0.106
25.404,-0.135,-0.106
25.421,-0.135,-0.106
25.438,-0.134,-0.106
25.454,-0.134,-0.106
25.471,-0.134,-0.105
25.488,-0.134,-0.105
25.504,-0.134,-0.105
25.521,-0.133,-0.104
25.538,-0.133,-0.103
25.554,-0.133,-0.102
25.571,-0.133,-0.101
25.588,-0.132,-0.100
25.604,-0.132,-9.875E-2
25.621,-0.131,-9.766E-2
25.638,-0.131,-9.649E-2
25.655,-0.131,-9.526E-2
25.671,-0.130,-9.408E-2
25.688,-0.130,-9.326E-2
25.705,-0.129,-9.236E-2
25.721,-0.129,-9.155E-2
25.738,-0.129,-9.067E-2
25.755,-0.128,-9.012E-2
25.771,-0.128,-8.929E-2
25.788,-0.128,-8.830E-2
25.805,-0.128,-8.694E-2
25.821,-0.127,-8.549E-2
25.838,-0.127,-8.411E-2
25.855,-0.126,-8.266E-2
25.871,-0.126,-8.155E-2
25.888,-0.125,-8.047E-2
25.905,-0.124,-7.979E-2
25.921,-0.123,-7.891E-2
25.938,-0.123,-7.831E-2
25.955,-0.122,-7.783E-2
25.971,-0.122,-7.685E-2
25.988,-0.121,-7.586E-2
26.005,-0.121,-7.493E-2
26.021,-0.121,-7.381E-2
26.038,-0.121,-7.304E-2
26.055,-0.121,-7.209E-2
26.072,-0.121,-7.124E-2
26.088,-0.121,-7.046E-2
26.105,-0.121,-6.949E-2
26.122,-0.121,-6.883E-2
26.138,-0.121,-6.802E-2
26.155,-0.122,-6.769E-2
26.172,-0.122,-6.726E-2
26.188,-0.122,-6.704E-2
26.205,-0.122,-6.681E-2
26.222,-0.122,-6.661E-2
26.238,-0.122,-6.633E-2
26.255,-0.122,-6.603E-2
26.272,-0.122,-6.591E-2
26.288,-0.123,-6.583E-2
26.305,-0.123,-6.570E-2
26.322,-0.123,-6.570E-2
26.338,-0.123,-6.585E-2
26.355,-0.123,-6.601E-2
26.372,-0.123,-6.609E-2
26.388,-0.123,-6.615E-2
26.405,-0.124,-6.634E-2
26.422,-0.124,-6.674E-2
26.439,-0.124,-6.713E-2
26.455,-0.124,-6.760E-2
26.472,-0.124,-6.800E-2
26.489,-0.124,-6.869E-2
26.505,-0.124,-6.912E-2
26.522,-0.124,-6.970E-2
26.539,-0.125,-7.024E-2
26.555,-0.125,-7.084E-2
26.572,-0.125,-7.143E-2
26.589,-0.126,-7.226E-2
26.605,-0.126,-7.298E-2
26.622,-0.127,-7.361E-2
26.639,-0.127,-7.400E-2
26.655,-0.128,-7.434E-2
26.672,-0.129,-7.445E-2
26.689,-0.129,-7.438E-2
26.705,-0.129,-7.414E-2
26.722,-0.130,-7.408E-2
26.739,-0.130,-7.388E-2
26.755,-0.130,-7.379E-2
26.772,-0.130,-7.342E-2
26.789,-0.130,-7.311E-2
26.805,-0.130,-7.261E-2
26.822,-0.130,-7.225E-2
26.839,-0.130,-7.200E-2
26.856,-0.130,-7.204E-2
26.872,-0.131,-7.191E-2
26.889,-0.131,-7.187E-2
26.906,-0.132,-7.197E-2
26.922,-0.132,-7.209E-2
26.939,-0.133,-7.253E-2
26.956,-0.134,-7.297E-2
26.972,-0.134,-7.338E-2
26.989,-0.134,-7.425E-2
27.006,-0.135,-7.527E-2
27.022,-0.134,-7.648E-2
27.039,-0.134,-7.744E-2
27.056,-0.133,-7.843E-2
27.072,-0.133,-7.876E-2
27.089,-0.132,-7.881E-2
27.106,-0.132,-7.874E-2
27.122,-0.132,-7.825E-2
27.139,-0.132,-7.789E-2
27.156,-0.132,-7.693E-2
27.172,-0.133,-7.592E-2
27.189,-0.133,-7.496E-2
27.206,-0.133,-7.392E-2
27.222,-0.133,-7.326E-2
27.239,-0.134,-7.302E-2
27.256,-0.134,-7.272E-2
27.273,-0.133,-7.258E-2
27.289,-0.133,-7.263E-2
27.306,-0.133,-7.259E-2
27.323,-0.132,-7.298E-2
27.339,-0.132,-7.346E-2
27.356,-0.131,-7.406E-2
27.373,-0.131,-7.484E-2
27.389,-0.130,-7.595E-2
27.406,-0.130,-7.698E-2
27.423,-0.130,-7.825E-2
27.439,-0.130,-7.968E-2
27.456,-0.130,-8.082E-2
27.473,-0.129,-8.196E-2
27.489,-0.129,-8.315E-2
27.506,-0.129,-8.416E-2
27.523,-0.129,-8.510E-2
27.539,-0.129,-8.609E-2
27.556,-0.129,-8.692E-2
27.573,-0.130,-8.754E-2
27.589,-0.130,-8.796E-2
27.606,-0.130,-8.798E-2
27.623,-0.130,-8.822E-2
27.639,-0.131,-8.811E-2
27.656,-0.131,-8.808E-2
27.673,-0.132,-8.811E-2
27.690,-0.132,-8.855E-2
27.706,-0.132,-8.907E-2
27.723,-0.133,-8.978E-2
27.740,-0.133,-9.057E-2
27.756,-0.133,-9.135E-2
27.773,-0.133,-9.238E-2
27.790,-0.133,-9.347E-2
27.806,-0.133,-9.429E-2
27.823,-0.133,-9.498E-2
27.840,-0.133,-9.532E-2
27.856,-0.134,-9.576E-2
27.873,-0.134,-9.642E-2
27.890,-0.134,-9.721E-2
27.906,-0.135,-9.789E-2
27.923,-0.135,-9.841E-2
27.940,-0.135,-9.940E-2
27.956,-0.136,-0.100
27.973,-0.136,-0.101
27.990,-0.136,-0.102
28.006,-0.136,-0.102
28.023,-0.136,-0.102
28.040,-0.136,-0.102
28.057,-0.136,-0.102
28.073,-0.136,-0.102
28.090,-0.136,-0.101
28.107,-0.136,-0.101
28.123,-0.135,-0.100
28.140,-0.135,-0.100
28.157,-0.134,-9.995E-2
28.173,-0.134,-9.966E-2
28.190,-0.133,-9.936E-2
28.207,-0.133,-9.912E-2
28.223,-0.133,-9.870E-2
28.240,-0.132,-9.774E-2
28.257,-0.132,-9.690E-2
28.273,-0.132,-9.592E-2
28.290,-0.132,-9.474E-2
28.307,-0.132,-9.369E-2
28.323,-0.131,-9.259E-2
28.340,-0.131,-9.148E-2
28.357,-0.131,-9.070E-2
28.373,-0.130,-9.006E-2
28.390,-0.130,-8.943E-2
28.407,-0.129,-8.861E-2
28.423,-0.129,-8.811E-2
28.440,-0.128,-8.763E-2
28.457,-0.128,-8.705E-2
28.474,-0.127,-8.669E-2
28.490,-0.127,-8.648E-2
28.507,-0.126,-8.612E-2
28.524,-0.126,-8.575E-2
28.540,-0.126,-8.527E-2
28.557,-0.125,-8.443E-2
28.574,-0.125,-8.362E-2
28.590,-0.125,-8.250E-2
28.607,-0.125,-8.111E-2
28.624,-0.125,-7.973E-2
28.640,-0.125,-7.813E-2
28.657,-0.125,-7.686E-2
28.674,-0.125,-7.569E-2
28.690,-0.125,-7.451E-2
28.707,-0.124,-7.337E-2
28.724,-0.124,-7.256E-2
28.740,-0.124,-7.200E-2
28.757,-0.124,-7.155E-2
28.774,-0.124,-7.131E-2
28.790,-0.124,-7.090E-2
28.807,-0.124,-7.063E-2
28.824,-0.124,-7.051E-2
28.840,-0.124,-7.096E-2
28.857,-0.123,-7.128E-2
28.874,-0.123,-7.153E-2
28.891,-0.123,-7.174E-2
28.907,-0.123,-7.182E-2
28.924,-0.123,-7.183E-2
28.941,-0.123,-7.162E-2
28.957,-0.122,-7.117E-2
28.974,-0.122,-7.087E-2
28.991,-0.123,-7.056E-2
29.007,-0.123,-7.022E-2
29.024,-0.124,-6.990E-2
29.041,-0.124,-6.952E-2
29.057,-0.125,-6.908E-2
29.074,-0.125,-6.889E-2
29.091,-0.126,-6.879E-2
29.107,-0.126,-6.881E-2
29.124,-0.127,-6.895E-2
29.141,-0.127,-6.929E-2
29.157,-0.128,-6.958E-2
29.174,-0.128,-7.004E-2
29.191,-0.128,-7.075E-2
29.207,-0.128,-7.162E-2
29.224,-0.128,-7.256E-2
29.241,-0.128,-7.378E-2
29.258,-0.128,-7.463E-2
29.274,-0.128,-7.530E-2
29.291,-0.128,-7.586E-2
29.308,-0.128,-7.603E-2
29.324,-0.128,-7.616E-2
29.341,-0.129,-7.620E-2
29.358,-0.129,-7.623E-2
29.374,-0.130,-7.649E-2
29.391,-0.131,-7.693E-2
29.408,-0.131,-7.752E-2
29.424,-0.132,-7.842E-2
29.441,-0.132,-7.949E-2
29.458,-0.132,-8.039E-2
29.474,-0.132,-8.139E-2
29.491,-0.132,-8.242E-2
29.508,-0.132,-8.318E-2
29.524,-0.132,-8.396E-2
29.541,-0.131,-8.433E-2
29.558,-0.131,-8.489E-2
29.574,-0.131,-8.521E-2
29.591,-0.130,-8.524E-2
29.608,-0.130,-8.494E-2
29.624,-0.131,-8.442E-2
29.641,-0.131,-8.394E-2
29.658,-0.131,-8.317E-2
29.675,-0.132,-8.267E-2
29.691,-0.132,-8.266E-2
29.708,-0.132,-8.276E-2
29.725,-0.132,-8.286E-2
29.741,-0.132,-8.325E-2
29.758,-0.132,-8.375E-2
29.775,-0.131,-8.430E-2
29.791,-0.131,-8.525E-2
29.808,-0.130,-8.604E-2
29.825,-0.130,-8.668E-2
29.841,-0.129,-8.727E-2
29.858,-0.129,-8.766E-2
29.875,-0.129,-8.769E-2
29.891,-0.128,-8.727E-2
29.908,-0.128,-8.642E-2
29.925,-0.128,-8.502E-2
29.941,-0.128,-8.394E-2
29.958,-0.128,-8.281E-2
29.975,-0.129,-8.162E-2
29.991,-0.129,-8.075E-2
30.008,-0.129,-7.981E-2
30.025,-0.129,-7.927E-2
30.041,-0.130,-7.867E-2
30.058,-0.130,-7.832E-2
30.075,-0.130,-7.813E-2
30.092,-0.130,-7.818E-2
30.108,-0.130,-7.854E-2
30.125,-0.130,-7.912E-2
30.142,-0.129,-7.985E-2
30.158,-0.129,-8.068E-2
30.175,-0.128,-8.136E-2
30.192,-0.128,-8.210E-2
30.208,-0.127,-8.269E-2
30.225,-0.127,-8.301E-2
30.242,-0.127,-8.336E-2
30.258,-0.127,-8.328E-2
30.275,-0.127,-8.272E-2
30.292,-0.127,-8.182E-2
30.308,-0.127,-8.076E-2
30.325,-0.128,-7.971E-2
30.342,-0.128,-7.888E-2
30.358,-0.128,-7.786E-2
30.375,-0.128,-7.763E-2
30.392,-0.128,-7.770E-2
30.408,-0.128,-7.796E-2
30.425,-0.128,-7.821E-2
30.442,-0.128,-7.873E-2
30.458,-0.128,-7.918E-2
30.475,-0.128,-7.961E-2
30.492,-0.128,-8.001E-2
30.509,-0.128,-8.024E-2
30.525,-0.128,-8.046E-2
30.542,-0.127,-8.089E-2
30.559,-0.127,-8.126E-2
30.575,-0.127,-8.177E-2
30.592,-0.127,-8.231E-2
30.609,-0.127,-8.297E-2
30.625,-0.126,-8.360E-2
30.642,-0.126,-8.432E-2
30.659,-0.126,-8.482E-2
30.675,-0.127,-8.544E-2
30.692,-0.127,-8.591E-2
30.709,-0.127,-8.641E-2
30.725,-0.128,-8.699E-2
30.742,-0.128,-8.743E-2
30.759,-0.129,-8.751E-2
30.775,-0.130,-8.745E-2
30.792,-0.130,-8.745E-2
30.809,-0.130,-8.710E-2
30.825,-0.131,-8.694E-2
30.842,-0.131,-8.629E-2
30.859,-0.131,-8.551E-2
30.876,-0.130,-8.462E-2
30.892,-0.130,-8.360E-2
30.909,-0.130,-8.295E-2
30.926,-0.130,-8.241E-2
30.942,-0.131,-8.166E-2
30.959,-0.131,-8.090E-2
30.976,-0.131,-8.035E-2
30.992,-0.131,-8.005E-2
31.009,-0.131,-7.999E-2
31.026,-0.131,-8.027E-2
31.042,-0.131,-8.097E-2
31.059,-0.131,-8.195E-2
31.076,-0.131,-8.308E-2
31.092,-0.131,-8.429E-2
31.109,-0.132,-8.554E-2
31.126,-0.132,-8.667E-2
31.142,-0.132,-8.768E-2
31.159,-0.132,-8.849E-2
31.176,-0.132,-8.925E-2
31.192,-0.133,-9.021E-2
31.209,-0.133,-9.094E-2
31.226,-0.133,-9.194E-2
31.242,-0.132,-9.284E-2
31.259,-0.132,-9.324E-2
31.276,-0.132,-9.332E-2
31.293,-0.133,-9.303E-2
31.309,-0.133,-9.214E-2
31.326,-0.133,-9.176E-2
31.343,-0.133,-9.078E-2
31.359,-0.133,-9.001E-2
31.376,-0.133,-8.912E-2
31.393,-0.133,-8.826E-2
31.409,-0.132,-8.785E-2
31.426,-0.132,-8.743E-2
31.443,-0.132,-8.719E-2
31.459,-0.131,-8.698E-2
31.476,-0.130,-8.688E-2
31.493,-0.130,-8.679E-2
31.509,-0.129,-8.643E-2
31.526,-0.128,-8.583E-2
31.543,-0.127,-8.563E-2
31.559,-0.127,-8.515E-2
31.576,-0.126,-8.484E-2
31.593,-0.126,-8.439E-2
31.609,-0.126,-8.384E-2
31.626,-0.126,-8.330E-2
31.643,-0.125,-8.304E-2
31.659,-0.125,-8.260E-2
31.676,-0.125,-8.242E-2
31.693,-0.125,-8.215E-2
31.710,-0.125,-8.224E-2
31.726,-0.125,-8.233E-2
31.743,-0.125,-8.255E-2
31.760,-0.125,-8.263E-2
31.776,-0.126,-8.302E-2
31.793,-0.126,-8.316E-2
31.810,-0.126,-8.347E-2
31.826,-0.126,-8.353E-2
31.843,-0.127,-8.314E-2
31.860,-0.127,-8.292E-2
31.876,-0.126,-8.296E-2
31.893,-0.126,-8.308E-2
31.910,-0.126,-8.306E-2
31.926,-0.126,-8.232E-2
31.943,-0.125,-8.165E-2
31.960,-0.125,-8.076E-2
31.976,-0.125,-7.988E-2
31.993,-0.125,-7.881E-2
32.010,-0.125,-7.752E-2
32.026,-0.125,-7.606E-2
32.043,-0.125,-7.486E-2
32.060,-0.125,-7.367E-2
32.076,-0.125,-7.250E-2
32.093,-0.124,-7.140E-2
32.110,-0.124,-7.024E-2
32.127,-0.124,-6.952E-2
32.143,-0.124,-6.872E-2
32.160,-0.124,-6.805E-2
32.177,-0.124,-6.766E-2
32.193,-0.124,-6.753E-2
32.210,-0.124,-6.741E-2
32.227,-0.124,-6.758E-2
32.243,-0.124,-6.778E-2
32.260,-0.123,-6.817E-2
32.277,-0.123,-6.869E-2
32.293,-0.123,-6.918E-2
32.310,-0.123,-6.956E-2
32.327,-0.123,-6.989E-2
32.343,-0.123,-7.021E-2
32.360,-0.122,-7.034E-2
32.377,-0.122,-7.023E-2
32.393,-0.122,-6.983E-2
32.410,-0.122,-6.910E-2
32.427,-0.123,-6.838E-2
32.443,-0.123,-6.747E-2
32.460,-0.123,-6.670E-2
32.477,-0.123,-6.573E-2
32.494,-0.124,-6.491E-2
32.510,-0.124,-6.430E-2
32.527,-0.124,-6.384E-2
32.544,-0.125,-6.341E-2
32.560,-0.125,-6.266E-2
32.577,-0.125,-6.145E-2
32.594,-0.126,-6.049E-2
32.610,-0.126,-5.925E-2
32.627,-0.126,-5.806E-2
32.644,-0.127,-5.691E-2
32.660,-0.127,-5.596E-2
32.677,-0.127,-5.515E-2
32.694,-0.127,-5.474E-2
32.710,-0.127,-5.450E-2
32.727,-0.128,-5.477E-2
32.744,-0.127,-5.529E-2
32.760,-0.127,-5.613E-2
32.777,-0.127,-5.694E-2
32.794,-0.127,-5.753E-2
32.810,-0.127,-5.798E-2
32.827,-0.127,-5.822E-2
32.844,-0.127,-5.839E-2
32.860,-0.127,-5.868E-2
32.877,-0.128,-5.913E-2
32.894,-0.128,-5.974E-2
32.911,-0.129,-6.005E-2
32.927,-0.130,-5.965E-2
32.944,-0.130,-5.921E-2
32.961,-0.131,-5.884E-2
32.977,-0.131,-5.874E-2
32.994,-0.132,-5.855E-2
33.011,-0.132,-5.839E-2
33.027,-0.132,-5.824E-2
33.044,-0.132,-5.816E-2
33.061,-0.132,-5.844E-2
33.077,-0.131,-5.870E-2
33.094,-0.131,-5.905E-2
33.111,-0.131,-5.929E-2
33.127,-0.131,-5.968E-2
33.144,-0.130,-6.017E-2
33.161,-0.129,-6.040E-2
33.177,-0.129,-6.079E-2
33.194,-0.128,-6.094E-2
33.211,-0.128,-6.093E-2
33.227,-0.128,-6.082E-2
33.244,-0.128,-6.053E-2
33.261,-0.128,-6.043E-2
33.277,-0.129,-6.033E-2
33.294,-0.129,-6.052E-2
33.311,-0.129,-6.064E-2
33.328,-0.129,-6.088E-2
33.344,-0.129,-6.102E-2
33.361,-0.129,-6.099E-2
33.378,-0.129,-6.081E-2
33.394,-0.128,-6.087E-2
33.411,-0.128,-6.102E-2
33.428,-0.128,-6.124E-2
33.444,-0.127,-6.144E-2
33.461,-0.127,-6.183E-2
33.478,-0.126,-6.224E-2
33.494,-0.127,-6.247E-2
33.511,-0.127,-6.297E-2
33.528,-0.127,-6.345E-2
33.544,-0.128,-6.410E-2
33.561,-0.128,-6.518E-2
33.578,-0.128,-6.674E-2
33.594,-0.128,-6.810E-2
33.611,-0.129,-6.961E-2
33.628,-0.130,-7.131E-2
33.644,-0.130,-7.297E-2
33.661,-0.131,-7.476E-2
33.678,-0.131,-7.666E-2
33.694,-0.131,-7.855E-2
33.711,-0.131,-8.053E-2
33.728,-0.131,-8.243E-2
33.745,-0.131,-8.396E-2
33.761,-0.131,-8.523E-2
33.778,-0.131,-8.624E-2
33.795,-0.131,-8.746E-2
33.811,-0.132,-8.839E-2
33.828,-0.132,-8.897E-2
33.845,-0.133,-8.942E-2
33.861,-0.133,-8.957E-2
33.878,-0.134,-9.030E-2
33.895,-0.134,-9.095E-2
33.911,-0.134,-9.192E-2
33.928,-0.134,-9.258E-2
33.945,-0.134,-9.360E-2
33.961,-0.134,-9.426E-2
33.978,-0.134,-9.533E-2
33.995,-0.135,-9.617E-2
34.011,-0.134,-9.648E-2
34.028,-0.134,-9.724E-2
34.045,-0.134,-9.757E-2
34.061,-0.134,-9.767E-2
34.078,-0.134,-9.810E-2
34.095,-0.134,-9.859E-2
34.112,-0.134,-9.923E-2
34.128,-0.134,-0.100
34.145,-0.134,-0.101
34.162,-0.134,-0.101
34.178,-0.134,-0.102
34.195,-0.133,-0.101
34.212,-0.133,-0.101
34.228,-0.133,-0.100
34.245,-0.133,-9.924E-2
34.262,-0.133,-9.830E-2
34.278,-0.132,-9.731E-2
34.295,-0.132,-9.673E-2
34.312,-0.132,-9.608E-2
34.328,-0.131,-9.566E-2
34.345,-0.131,-9.535E-2
34.362,-0.130,-9.550E-2
34.378,-0.130,-9.544E-2
34.395,-0.129,-9.521E-2
34.412,-0.128,-9.471E-2
34.428,-0.128,-9.430E-2
34.445,-0.128,-9.353E-2
34.462,-0.128,-9.220E-2
34.478,-0.128,-9.104E-2
34.495,-0.128,-8.999E-2
34.512,-0.128,-8.913E-2
34.529,-0.128,-8.846E-2
34.545,-0.128,-8.790E-2
34.562,-0.128,-8.736E-2
34.579,-0.127,-8.669E-2
34.595,-0.127,-8.610E-2
34.612,-0.127,-8.581E-2
34.629,-0.127,-8.553E-2
34.645,-0.127,-8.490E-2
34.662,-0.127,-8.455E-2
34.679,-0.128,-8.395E-2
34.695,-0.128,-8.369E-2
34.712,-0.128,-8.330E-2
34.729,-0.128,-8.306E-2
34.745,-0.129,-8.297E-2
34.762,-0.129,-8.269E-2
34.779,-0.129,-8.247E-2
34.795,-0.129,-8.201E-2
34.812,-0.129,-8.144E-2
34.829,-0.130,-8.071E-2
34.845,-0.129,-7.981E-2
34.862,-0.129,-7.848E-2
34.879,-0.129,-7.735E-2
34.895,-0.129,-7.582E-2
34.912,-0.128,-7.457E-2
34.929,-0.128,-7.341E-2
34.946,-0.127,-7.256E-2
34.962,-0.126,-7.172E-2
34.979,-0.125,-7.088E-2
34.996,-0.124,-7.043E-2
35.012,-0.123,-7.014E-2
35.029,-0.123,-7.016E-2
35.046,-0.123,-7.046E-2
35.062,-0.123,-7.084E-2
35.079,-0.123,-7.138E-2
35.096,-0.124,-7.181E-2
35.112,-0.124,-7.213E-2
35.129,-0.125,-7.265E-2
35.146,-0.125,-7.331E-2
35.162,-0.125,-7.413E-2
35.179,-0.125,-7.511E-2
35.196,-0.125,-7.606E-2
35.212,-0.126,-7.696E-2
35.229,-0.126,-7.767E-2
35.246,-0.126,-7.838E-2
35.262,-0.126,-7.888E-2
35.279,-0.127,-7.946E-2
35.296,-0.127,-7.979E-2
35.313,-0.127,-8.006E-2
35.329,-0.128,-8.027E-2
35.346,-0.128,-8.054E-2
35.363,-0.128,-8.083E-2
35.379,-0.128,-8.104E-2
35.396,-0.128,-8.109E-2
35.413,-0.128,-8.153E-2
35.429,-0.128,-8.180E-2
35.446,-0.128,-8.231E-2
35.463,-0.128,-8.311E-2
35.479,-0.128,-8.367E-2
35.496,-0.127,-8.416E-2
35.513,-0.127,-8.444E-2
35.529,-0.127,-8.435E-2
35.546,-0.127,-8.422E-2
35.563,-0.127,-8.414E-2
35.579,-0.127,-8.399E-2
35.596,-0.127,-8.365E-2
35.613,-0.127,-8.355E-2
35.629,-0.128,-8.331E-2
35.646,-0.128,-8.316E-2
35.663,-0.128,-8.348E-2
35.679,-0.128,-8.354E-2
35.696,-0.128,-8.383E-2
35.713,-0.128,-8.413E-2
35.730,-0.129,-8.439E-2
35.746,-0.129,-8.484E-2
35.763,-0.129,-8.526E-2
35.780,-0.129,-8.597E-2
35.796,-0.129,-8.660E-2
35.813,-0.129,-8.722E-2
35.830,-0.128,-8.798E-2
35.846,-0.128,-8.854E-2
35.863,-0.128,-8.924E-2
35.880,-0.128,-8.956E-2
35.896,-0.128,-8.995E-2
35.913,-0.127,-9.020E-2
35.930,-0.127,-9.053E-2
35.946,-0.127,-9.058E-2
35.963,-0.127,-9.055E-2
35.980,-0.127,-9.048E-2
35.996,-0.127,-9.042E-2
36.013,-0.128,-9.056E-2
36.030,-0.128,-9.066E-2
36.046,-0.128,-9.042E-2
36.063,-0.128,-9.043E-2
36.080,-0.128,-9.014E-2
36.096,-0.128,-8.970E-2
36.113,-0.128,-8.936E-2
36.130,-0.128,-8.890E-2
36.147,-0.127,-8.874E-2
36.163,-0.127,-8.823E-2
36.180,-0.127,-8.767E-2
36.197,-0.126,-8.705E-2
36.213,-0.126,-8.652E-2
36.230,-0.126,-8.623E-2
36.247,-0.126,-8.580E-2
36.263,-0.126,-8.527E-2
36.280,-0.126,-8.475E-2
36.297,-0.126,-8.444E-2
36.313,-0.126,-8.431E-2
36.330,-0.126,-8.422E-2
36.347,-0.126,-8.418E-2
36.363,-0.126,-8.427E-2
36.380,-0.126,-8.433E-2
36.397,-0.126,-8.434E-2
36.413,-0.126,-8.424E-2
36.430,-0.126,-8.411E-2
36.447,-0.126,-8.380E-2
36.463,-0.125,-8.325E-2
36.480,-0.125,-8.290E-2
36.497,-0.125,-8.262E-2
36.513,-0.125,-8.244E-2
36.530,-0.125,-8.218E-2
36.547,-0.125,-8.190E-2
36.564,-0.125,-8.155E-2
36.580,-0.125,-8.139E-2
36.597,-0.125,-8.123E-2
36.614,-0.125,-8.110E-2
36.630,-0.126,-8.091E-2
36.647,-0.126,-8.100E-2
36.664,-0.126,-8.113E-2
36.680,-0.126,-8.140E-2
36.697,-0.126,-8.175E-2
36.714,-0.126,-8.208E-2
36.730,-0.125,-8.252E-2
36.747,-0.125,-8.275E-2
36.764,-0.125,-8.289E-2
36.780,-0.125,-8.299E-2
36.797,-0.125,-8.278E-2
36.814,-0.124,-8.240E-2
36.830,-0.124,-8.206E-2
36.847,-0.125,-8.196E-2
36.864,-0.125,-8.147E-2
36.880,-0.124,-8.129E-2
36.897,-0.124,-8.115E-2
36.914,-0.124,-8.107E-2
36.931,-0.124,-8.116E-2
36.947,-0.124,-8.115E-2
36.964,-0.124,-8.138E-2
36.981,-0.124,-8.163E-2
36.997,-0.124,-8.176E-2
37.014,-0.124,-8.176E-2
37.031,-0.124,-8.175E-2
37.047,-0.124,-8.180E-2
37.064,-0.124,-8.180E-2
37.081,-0.124,-8.186E-2
37.097,-0.123,-8.200E-2
37.114,-0.123,-8.176E-2
37.131,-0.123,-8.162E-2
37.147,-0.123,-8.143E-2
37.164,-0.123,-8.113E-2
37.181,-0.124,-8.070E-2
37.197,-0.124,-8.020E-2
37.214,-0.124,-7.939E-2
37.231,-0.125,-7.887E-2
37.247,-0.124,-7.838E-2
37.264,-0.124,-7.816E-2
37.281,-0.124,-7.774E-2
37.297,-0.124,-7.715E-2
37.314,-0.124,-7.675E-2
37.331,-0.124,-7.632E-2
37.348,-0.124,-7.609E-2
37.364,-0.124,-7.598E-2
37.381,-0.124,-7.607E-2
37.398,-0.125,-7.615E-2
37.414,-0.125,-7.655E-2
37.431,-0.126,-7.699E-2
37.448,-0.126,-7.716E-2
37.464,-0.127,-7.766E-2
37.481,-0.127,-7.805E-2
37.498,-0.128,-7.879E-2
37.514,-0.128,-7.971E-2
37.531,-0.129,-8.085E-2
37.548,-0.129,-8.203E-2
37.564,-0.130,-8.337E-2
37.581,-0.130,-8.447E-2
37.598,-0.130,-8.578E-2
37.614,-0.130,-8.674E-2
37.631,-0.130,-8.751E-2
37.648,-0.131,-8.792E-2
37.664,-0.131,-8.774E-2
37.681,-0.131,-8.728E-2
37.698,-0.131,-8.662E-2
37.714,-0.131,-8.577E-2
37.731,-0.131,-8.508E-2
37.748,-0.131,-8.433E-2
37.765,-0.131,-8.356E-2
37.781,-0.131,-8.292E-2
37.798,-0.131,-8.223E-2
37.815,-0.131,-8.165E-2
37.831,-0.131,-8.101E-2
37.848,-0.131,-8.029E-2
37.865,-0.131,-7.959E-2
37.881,-0.131,-7.878E-2
37.898,-0.130,-7.829E-2
37.915,-0.130,-7.777E-2
37.931,-0.129,-7.729E-2
37.948,-0.128,-7.646E-2
37.965,-0.128,-7.573E-2
37.981,-0.127,-7.478E-2
37.998,-0.126,-7.391E-2
38.015,-0.126,-7.275E-2
38.031,-0.126,-7.218E-2
38.048,-0.125,-7.123E-2
38.065,-0.125,-7.030E-2
38.081,-0.125,-6.947E-2
38.098,-0.125,-6.863E-2
38.115,-0.125,-6.790E-2
38.131,-0.125,-6.714E-2
38.148,-0.125,-6.672E-2
38.165,-0.125,-6.627E-2
38.182,-0.125,-6.574E-2
38.198,-0.125,-6.515E-2
38.215,-0.125,-6.456E-2
38.232,-0.125,-6.427E-2
38.248,-0.125,-6.420E-2
38.265,-0.125,-6.393E-2
38.282,-0.125,-6.380E-2
38.298,-0.125,-6.377E-2
38.315,-0.125,-6.373E-2
38.332,-0.125,-6.372E-2
38.348,-0.125,-6.368E-2
38.365,-0.125,-6.381E-2
38.382,-0.126,-6.402E-2
38.398,-0.126,-6.430E-2
38.415,-0.127,-6.449E-2
38.432,-0.127,-6.484E-2
38.448,-0.127,-6.520E-2
38.465,-0.128,-6.577E-2
38.482,-0.128,-6.625E-2
38.498,-0.128,-6.669E-2
38.515,-0.128,-6.692E-2
38.532,-0.128,-6.679E-2
38.549,-0.128,-6.634E-2
38.565,-0.128,-6.587E-2
38.582,-0.128,-6.533E-2
38.599,-0.128,-6.504E-2
38.615,-0.129,-6.452E-2
38.632,-0.129,-6.414E-2
38.649,-0.129,-6.373E-2
38.665,-0.129,-6.336E-2
38.682,-0.129,-6.328E-2
38.699,-0.129,-6.321E-2
38.715,-0.128,-6.334E-2
38.732,-0.128,-6.344E-2
38.749,-0.127,-6.348E-2
38.765,-0.127,-6.345E-2
38.782,-0.126,-6.338E-2
38.799,-0.126,-6.339E-2
38.815,-0.125,-6.342E-2
38.832,-0.125,-6.323E-2
38.849,-0.124,-6.318E-2
38.865,-0.125,-6.321E-2
38.882,-0.125,-6.326E-2
38.899,-0.125,-6.321E-2
38.915,-0.126,-6.314E-2
38.932,-0.126,-6.309E-2
38.949,-0.127,-6.324E-2
38.966,-0.127,-6.361E-2
38.982,-0.128,-6.402E-2
38.999,-0.128,-6.440E-2
39.016,-0.128,-6.498E-2
39.032,-0.128,-6.539E-2
39.049,-0.128,-6.572E-2
39.066,-0.128,-6.611E-2
39.082,-0.128,-6.651E-2
39.099,-0.127,-6.696E-2
39.116,-0.127,-6.740E-2
39.132,-0.127,-6.785E-2
39.149,-0.127,-6.838E-2
39.166,-0.127,-6.884E-2
39.182,-0.127,-6.929E-2
39.199,-0.128,-6.987E-2
39.216,-0.128,-7.049E-2
39.232,-0.129,-7.115E-2
39.249,-0.129,-7.210E-2
39.266,-0.130,-7.313E-2
39.282,-0.130,-7.419E-2
39.299,-0.131,-7.551E-2
39.316,-0.131,-7.679E-2
39.332,-0.131,-7.791E-2
39.349,-0.132,-7.905E-2
39.366,-0.132,-8.013E-2
39.383,-0.132,-8.100E-2
39.399,-0.132,-8.156E-2
39.416,-0.132,-8.220E-2
39.433,-0.132,-8.277E-2
39.449,-0.132,-8.305E-2
39.466,-0.132,-8.310E-2
39.483,-0.132,-8.300E-2
39.499,-0.132,-8.267E-2
39.516,-0.132,-8.266E-2
39.533,-0.132,-8.261E-2
39.549,-0.132,-8.244E-2
39.566,-0.132,-8.224E-2
39.583,-0.131,-8.211E-2
39.599,-0.131,-8.206E-2
39.616,-0.130,-8.208E-2
39.633,-0.129,-8.190E-2
39.649,-0.129,-8.184E-2
39.666,-0.128,-8.140E-2
39.683,-0.127,-8.095E-2
39.699,-0.127,-8.038E-2
39.716,-0.126,-7.968E-2
39.733,-0.126,-7.879E-2
39.750,-0.125,-7.825E-2
39.766,-0.125,-7.780E-2
39.783,-0.125,-7.708E-2
39.800,-0.124,-7.651E-2
39.816,-0.124,-7.600E-2
39.833,-0.124,-7.534E-2
39.850,-0.124,-7.474E-2
39.866,-0.124,-7.410E-2
39.883,-0.123,-7.337E-2
39.900,-0.123,-7.272E-2
39.916,-0.123,-7.234E-2
39.933,-0.123,-7.168E-2
39.950,-0.122,-7.150E-2
39.966,-0.122,-7.140E-2
39.983,-0.122,-7.135E-2
40.000,-0.122,-7.153E-2
40.016,-0.122,-7.164E-2
40.033,-0.123,-7.179E-2
40.050,-0.123,-7.224E-2
40.066,-0.124,-7.288E-2
40.083,-0.124,-7.346E-2
40.100,-0.124,-7.439E-2
40.116,-0.124,-7.507E-2
40.133,-0.124,-7.619E-2
40.150,-0.124,-7.717E-2
40.167,-0.124,-7.801E-2
40.183,-0.124,-7.872E-2
40.200,-0.125,-7.945E-2
40.217,-0.125,-7.993E-2
40.233,-0.125,-8.062E-2
40.250,-0.125,-8.106E-2
40.267,-0.126,-8.152E-2
40.283,-0.126,-8.193E-2
40.300,-0.126,-8.231E-2
40.317,-0.126,-8.259E-2
40.333,-0.126,-8.275E-2
40.350,-0.126,-8.284E-2
40.367,-0.126,-8.313E-2
40.383,-0.126,-8.331E-2
40.400,-0.126,-8.366E-2
40.417,-0.126,-8.383E-2
40.433,-0.126,-8.416E-2
40.450,-0.126,-8.473E-2
40.467,-0.126,-8.575E-2
40.483,-0.126,-8.708E-2
40.500,-0.126,-8.835E-2
40.517,-0.126,-8.940E-2
40.533,-0.125,-9.007E-2
40.550,-0.125,-9.048E-2
40.567,-0.125,-9.080E-2
40.584,-0.125,-9.102E-2
40.600,-0.125,-9.078E-2
40.617,-0.125,-9.037E-2
40.634,-0.125,-8.980E-2
40.650,-0.125,-8.932E-2
40.667,-0.125,-8.850E-2
40.684,-0.126,-8.777E-2
40.700,-0.126,-8.692E-2
40.717,-0.126,-8.621E-2
40.734,-0.126,-8.544E-2
40.750,-0.126,-8.470E-2
40.767,-0.126,-8.399E-2
40.784,-0.126,-8.342E-2
40.800,-0.126,-8.297E-2
40.817,-0.126,-8.240E-2
40.834,-0.126,-8.187E-2
40.850,-0.126,-8.139E-2
40.867,-0.126,-8.109E-2
40.884,-0.126,-8.123E-2
40.900,-0.126,-8.140E-2
40.917,-0.127,-8.162E-2
40.934,-0.127,-8.206E-2
40.950,-0.127,-8.238E-2
40.967,-0.128,-8.323E-2
40.984,-0.128,-8.395E-2
41.001,-0.128,-8.453E-2
41.017,-0.128,-8.483E-2
41.034,-0.129,-8.497E-2
41.051,-0.129,-8.529E-2
41.067,-0.129,-8.596E-2
41.084,-0.129,-8.676E-2
41.101,-0.129,-8.766E-2
41.117,-0.129,-8.829E-2
41.134,-0.130,-8.898E-2
41.151,-0.130,-8.949E-2
41.167,-0.130,-8.978E-2
41.184,-0.130,-8.986E-2
41.201,-0.130,-8.994E-2
41.217,-0.131,-9.004E-2
41.234,-0.131,-8.985E-2
41.251,-0.131,-8.993E-2
41.267,-0.131,-8.987E-2
41.284,-0.132,-8.997E-2
41.301,-0.132,-9.001E-2
41.317,-0.132,-9.024E-2
41.334,-0.132,-9.067E-2
41.351,-0.131,-9.116E-2
41.368,-0.131,-9.182E-2
41.384,-0.130,-9.273E-2
41.401,-0.130,-9.368E-2
41.418,-0.130,-9.469E-2
41.434,-0.130,-9.554E-2
41.451,-0.130,-9.641E-2
41.468,-0.129,-9.686E-2
41.484,-0.129,-9.714E-2
41.501,-0.129,-9.712E-2
41.518,-0.129,-9.693E-2
41.534,-0.129,-9.647E-2
41.551,-0.129,-9.577E-2
41.568,-0.129,-9.509E-2
41.584,-0.129,-9.454E-2
41.601,-0.129,-9.372E-2
41.618,-0.129,-9.292E-2
41.634,-0.129,-9.195E-2
41.651,-0.129,-9.153E-2
41.668,-0.129,-9.093E-2
41.684,-0.129,-9.096E-2
41.701,-0.128,-9.078E-2
41.718,-0.128,-9.136E-2
41.734,-0.127,-9.166E-2
41.751,-0.126,-9.215E-2
41.768,-0.125,-9.259E-2
41.785,-0.125,-9.286E-2
41.801,-0.124,-9.288E-2
41.818,-0.124,-9.256E-2
41.835,-0.124,-9.196E-2
41.851,-0.124,-9.102E-2
41.868,-0.124,-9.010E-2
41.885,-0.124,-8.918E-2
41.901,-0.124,-8.829E-2
41.918,-0.124,-8.749E-2
41.935,-0.124,-8.701E-2
41.951,-0.124,-8.638E-2
41.968,-0.124,-8.599E-2
