,mass A,,
t,x,y,
0.000,-0.130,-0.106
0.019,-0.130,-0.106
0.037,-0.130,-0.106
0.056,-0.130,-0.106
0.074,-0.130,-0.105
0.093,-0.130,-0.106
0.112,-0.131,-0.106
0.130,-0.130,-0.106
0.149,-0.130,-0.106
0.168,-0.130,-0.105
0.186,-0.129,-0.104
0.205,-0.129,-0.104
0.223,-0.130,-0.105
0.242,-0.130,-0.103
0.261,-0.130,-0.103
0.279,-0.130,-0.103
0.298,-0.130,-0.102
0.316,-0.130,-0.103
0.335,-0.131,-0.103
0.354,-0.131,-0.104
0.372,-0.130,-0.104
0.391,-0.131,-0.105
0.410,-0.131,-0.105
0.428,-0.131,-0.105
0.447,-0.131,-0.105
0.465,-0.132,-0.107
0.484,-0.132,-0.106
0.503,-0.131,-0.105
0.521,-0.131,-0.105
0.540,-0.132,-0.105
0.559,-0.131,-0.105
0.577,-0.131,-0.104
0.596,-0.131,-0.104
0.614,-0.131,-0.104
0.633,-0.131,-0.104
0.652,-0.131,-0.103
0.670,-0.132,-0.103
0.689,-0.132,-0.103
0.707,-0.132,-0.101
0.726,-0.132,-0.101
0.745,-0.132,-0.101
0.763,-0.131,-0.101
0.782,-0.131,-9.956E-2
0.801,-0.130,-0.101
0.819,-0.131,-9.869E-2
0.838,-0.130,-0.100
0.856,-0.131,-9.935E-2
0.875,-0.130,-9.927E-2
0.894,-0.130,-9.777E-2
0.912,-0.130,-9.805E-2
0.931,-0.129,-9.773E-2
0.949,-0.127,-9.770E-2
0.968,-0.128,-9.770E-2
0.987,-0.128,-9.726E-2
1.005,-0.129,-9.755E-2
1.024,-0.129,-9.723E-2
1.043,-0.129,-9.711E-2
1.061,-0.129,-9.679E-2
1.080,-0.129,-9.700E-2
1.098,-0.129,-9.700E-2
1.117,-0.129,-9.705E-2
1.136,-0.129,-9.704E-2
1.154,-0.130,-9.670E-2
1.173,-0.129,-9.714E-2
1.191,-0.130,-9.683E-2
1.210,-0.130,-9.682E-2
1.229,-0.130,-9.701E-2
1.247,-0.131,-9.695E-2
1.266,-0.131,-9.694E-2
1.285,-0.131,-9.697E-2
1.303,-0.132,-9.677E-2
1.322,-0.132,-9.695E-2
1.340,-0.133,-9.706E-2
1.359,-0.133,-9.736E-2
1.378,-0.133,-9.719E-2
1.396,-0.134,-9.738E-2
1.415,-0.134,-9.713E-2
1.433,-0.135,-9.707E-2
1.452,-0.135,-9.763E-2
1.471,-0.135,-9.683E-2
1.489,-0.135,-9.673E-2
1.508,-0.135,-9.781E-2
1.527,-0.136,-9.751E-2
1.545,-0.135,-9.788E-2
1.564,-0.135,-9.787E-2
1.582,-0.135,-9.787E-2
1.601,-0.135,-9.787E-2
1.620,-0.135,-9.778E-2
1.638,-0.134,-9.797E-2
1.657,-0.134,-9.798E-2
1.676,-0.134,-9.769E-2
1.694,-0.134,-9.829E-2
1.713,-0.134,-9.826E-2
1.731,-0.133,-9.816E-2
1.750,-0.133,-9.807E-2
1.769,-0.132,-9.768E-2
1.787,-0.132,-9.728E-2
1.806,-0.132,-9.694E-2
1.824,-0.131,-9.691E-2
1.843,-0.131,-9.668E-2
1.862,-0.131,-9.691E-2
1.880,-0.132,-9.692E-2
1.899,-0.132,-9.693E-2
1.918,-0.132,-9.704E-2
1.936,-0.132,-9.736E-2
1.955,-0.132,-9.753E-2
1.973,-0.132,-9.781E-2
1.992,-0.132,-9.801E-2
2.011,-0.132,-9.843E-2
2.029,-0.132,-9.872E-2
2.048,-0.132,-9.873E-2
2.066,-0.133,-9.866E-2
2.085,-0.133,-9.878E-2
2.104,-0.133,-9.881E-2
2.122,-0.133,-9.903E-2
2.141,-0.133,-9.932E-2
2.160,-0.133,-9.962E-2
2.178,-0.133,-0.100
2.197,-0.134,-0.100
2.215,-0.134,-0.101
2.234,-0.134,-0.101
2.253,-0.134,-0.101
2.271,-0.134,-0.102
2.290,-0.134,-0.102
2.308,-0.134,-0.103
2.327,-0.133,-0.104
2.346,-0.134,-0.104
2.364,-0.133,-0.105
2.383,-0.134,-0.105
2.402,-0.134,-0.106
2.420,-0.134,-0.107
2.439,-0.134,-0.107
2.457,-0.134,-0.108
2.476,-0.134,-0.108
2.495,-0.134,-0.109
2.513,-0.134,-0.109
2.532,-0.134,-0.110
2.550,-0.135,-0.109
2.569,-0.135,-0.109
2.588,-0.134,-0.109
2.606,-0.135,-0.108
2.625,-0.135,-0.107
2.644,-0.135,-0.107
2.662,-0.135,-0.107
2.681,-0.135,-0.106
2.699,-0.134,-0.107
2.718,-0.134,-0.106
2.737,-0.134,-0.106
2.755,-0.135,-0.105
2.774,-0.135,-0.105
2.793,-0.135,-0.106
2.811,-0.134,-0.106
2.830,-0.135,-0.105
2.848,-0.135,-0.107
2.867,-0.135,-0.107
2.886,-0.135,-0.108
2.904,-0.134,-0.108
2.923,-0.135,-0.109
2.941,-0.135,-0.110
2.960,-0.135,-0.111
2.979,-0.135,-0.112
2.997,-0.135,-0.113
3.016,-0.136,-0.114
3.035,-0.136,-0.115
3.053,-0.136,-0.116
3.072,-0.136,-0.116
3.090,-0.136,-0.117
3.109,-0.137,-0.117
3.128,-0.137,-0.117
3.146,-0.137,-0.117
3.165,-0.137,-0.117
3.183,-0.137,-0.117
3.202,-0.137,-0.117
3.221,-0.137,-0.117
3.239,-0.137,-0.117
3.258,-0.137,-0.117
3.277,-0.137,-0.117
3.295,-0.137,-0.116
3.314,-0.137,-0.116
3.332,-0.137,-0.116
3.351,-0.137,-0.114
3.370,-0.138,-0.115
3.388,-0.137,-0.114
3.407,-0.137,-0.114
3.425,-0.136,-0.113
3.444,-0.136,-0.113
3.463,-0.137,-0.112
3.481,-0.136,-0.111
3.500,-0.135,-0.111
3.519,-0.135,-0.111
3.537,-0.135,-0.111
3.556,-0.135,-0.111
3.574,-0.135,-0.111
3.593,-0.134,-0.111
3.612,-0.134,-0.112
3.630,-0.134,-0.113
3.649,-0.134,-0.114
3.667,-0.134,-0.115
3.686,-0.133,-0.116
3.705,-0.133,-0.117
3.723,-0.134,-0.117
3.742,-0.132,-0.118
3.761,-0.132,-0.118
3.779,-0.132,-0.117
3.798,-0.132,-0.117
3.816,-0.132,-0.116
3.835,-0.131,-0.115
3.854,-0.130,-0.115
3.872,-0.131,-0.114
3.891,-0.129,-0.113
3.910,-0.130,-0.112
3.928,-0.130,-0.110
3.947,-0.129,-0.109
3.965,-0.129,-0.108
3.984,-0.129,-0.107
4.003,-0.128,-0.106
4.021,-0.129,-0.104
4.040,-0.129,-0.103
4.058,-0.128,-0.102
4.077,-0.128,-0.101
4.096,-0.128,-9.983E-2
4.114,-0.128,-9.900E-2
4.133,-0.128,-9.939E-2
4.152,-0.128,-9.888E-2
4.170,-0.128,-9.842E-2
4.189,-0.129,-9.805E-2
4.207,-0.129,-9.787E-2
4.226,-0.129,-9.781E-2
4.245,-0.129,-9.781E-2
4.263,-0.129,-9.792E-2
4.282,-0.128,-9.839E-2
4.300,-0.129,-9.797E-2
4.319,-0.127,-9.780E-2
4.338,-0.129,-9.785E-2
4.356,-0.129,-9.884E-2
4.375,-0.129,-9.784E-2
4.394,-0.129,-9.777E-2
4.412,-0.130,-9.802E-2
4.431,-0.130,-9.791E-2
4.449,-0.130,-9.786E-2
4.468,-0.130,-9.769E-2
4.487,-0.130,-9.755E-2
4.505,-0.130,-9.722E-2
4.524,-0.129,-9.690E-2
4.542,-0.130,-9.714E-2
4.561,-0.130,-9.741E-2
4.580,-0.130,-9.702E-2
4.598,-0.130,-9.659E-2
4.617,-0.130,-9.616E-2
4.636,-0.130,-9.588E-2
4.654,-0.130,-9.559E-2
4.673,-0.130,-9.525E-2
4.691,-0.129,-9.520E-2
4.710,-0.130,-9.470E-2
4.729,-0.130,-9.431E-2
4.747,-0.130,-9.359E-2
4.766,-0.130,-9.421E-2
4.784,-0.130,-9.429E-2
4.803,-0.129,-9.423E-2
4.822,-0.129,-9.421E-2
4.840,-0.129,-9.381E-2
4.859,-0.129,-9.352E-2
4.878,-0.129,-9.352E-2
4.896,-0.129,-9.307E-2
4.915,-0.129,-9.289E-2
4.933,-0.129,-9.288E-2
4.952,-0.129,-9.292E-2
4.971,-0.129,-9.294E-2
4.989,-0.129,-9.338E-2
5.008,-0.129,-9.382E-2
5.027,-0.129,-9.425E-2
5.045,-0.129,-9.472E-2
5.064,-0.129,-9.514E-2
5.082,-0.129,-9.562E-2
5.101,-0.130,-9.603E-2
5.120,-0.130,-9.620E-2
5.138,-0.130,-9.648E-2
5.157,-0.130,-9.689E-2
5.175,-0.131,-9.739E-2
5.194,-0.131,-9.761E-2
5.213,-0.131,-9.785E-2
5.231,-0.131,-9.791E-2
5.250,-0.132,-9.789E-2
5.269,-0.132,-9.795E-2
5.287,-0.132,-9.719E-2
5.306,-0.133,-9.824E-2
5.324,-0.134,-9.786E-2
5.343,-0.134,-9.823E-2
5.362,-0.134,-9.834E-2
5.380,-0.134,-9.869E-2
5.399,-0.135,-9.925E-2
5.417,-0.134,-9.979E-2
5.436,-0.134,-9.965E-2
5.455,-0.135,-0.101
5.473,-0.134,-0.101
5.492,-0.135,-0.102
5.511,-0.135,-0.102
5.529,-0.135,-0.103
5.548,-0.135,-0.103
5.566,-0.135,-0.103
5.585,-0.136,-0.103
5.604,-0.135,-0.103
5.622,-0.136,-0.103
5.641,-0.136,-0.102
5.659,-0.136,-0.102
5.678,-0.135,-0.101
5.697,-0.135,-0.101
5.715,-0.135,-0.101
5.734,-0.136,-0.100
5.753,-0.135,-9.975E-2
5.771,-0.135,-9.861E-2
5.790,-0.135,-9.959E-2
5.808,-0.134,-9.972E-2
5.827,-0.134,-9.860E-2
5.846,-0.135,-9.963E-2
5.864,-0.134,-9.973E-2
5.883,-0.134,-9.987E-2
5.901,-0.134,-9.981E-2
5.920,-0.134,-9.969E-2
5.939,-0.134,-9.968E-2
5.957,-0.134,-9.966E-2
5.976,-0.133,-9.966E-2
5.995,-0.133,-0.100
6.013,-0.133,-9.975E-2
6.032,-0.133,-0.100
6.050,-0.132,-0.100
6.069,-0.131,-0.101
6.088,-0.132,-1.000E-1
6.106,-0.131,-9.998E-2
6.125,-0.132,-0.101
6.144,-0.132,-0.101
6.162,-0.131,-9.963E-2
6.181,-0.131,-0.101
6.199,-0.131,-0.100
6.218,-0.131,-9.971E-2
6.237,-0.131,-9.915E-2
6.255,-0.130,-9.900E-2
6.274,-0.130,-9.833E-2
6.292,-0.130,-9.797E-2
6.311,-0.130,-9.797E-2
6.330,-0.130,-9.752E-2
6.348,-0.129,-9.747E-2
6.367,-0.130,-9.697E-2
6.386,-0.130,-9.649E-2
6.404,-0.130,-9.612E-2
6.423,-0.130,-9.613E-2
6.441,-0.127,-9.597E-2
6.460,-0.128,-9.621E-2
6.479,-0.128,-9.611E-2
6.497,-0.127,-9.573E-2
6.516,-0.127,-9.572E-2
6.534,-0.127,-9.537E-2
6.553,-0.127,-9.541E-2
6.572,-0.127,-9.535E-2
6.590,-0.126,-9.525E-2
6.609,-0.126,-9.341E-2
6.628,-0.125,-9.458E-2
6.646,-0.125,-9.441E-2
6.665,-0.126,-9.324E-2
6.683,-0.126,-9.256E-2
6.702,-0.126,-9.167E-2
6.721,-0.125,-9.076E-2
6.739,-0.125,-8.916E-2
6.758,-0.125,-8.812E-2
6.776,-0.126,-8.645E-2
6.795,-0.124,-8.532E-2
6.814,-0.125,-8.352E-2
6.832,-0.125,-8.219E-2
6.851,-0.126,-8.038E-2
6.870,-0.126,-7.938E-2
6.888,-0.126,-7.810E-2
6.907,-0.126,-7.719E-2
6.925,-0.125,-7.670E-2
6.944,-0.124,-7.595E-2
6.963,-0.126,-7.585E-2
6.981,-0.126,-7.576E-2
7.000,-0.126,-7.574E-2
7.019,-0.126,-7.580E-2
7.037,-0.125,-7.670E-2
7.056,-0.125,-7.714E-2
7.074,-0.125,-7.800E-2
7.093,-0.125,-7.905E-2
7.112,-0.125,-8.006E-2
7.130,-0.125,-8.129E-2
7.149,-0.124,-8.257E-2
7.167,-0.125,-8.365E-2
7.186,-0.124,-8.532E-2
7.205,-0.124,-8.699E-2
7.223,-0.124,-8.875E-2
7.242,-0.124,-9.027E-2
7.261,-0.125,-9.163E-2
7.279,-0.125,-9.253E-2
7.298,-0.125,-9.341E-2
7.316,-0.125,-9.405E-2
7.335,-0.126,-9.435E-2
7.354,-0.126,-9.424E-2
7.372,-0.127,-9.485E-2
7.391,-0.127,-9.512E-2
7.409,-0.128,-9.512E-2
7.428,-0.128,-9.507E-2
7.447,-0.129,-9.486E-2
7.465,-0.129,-9.420E-2
7.484,-0.129,-9.347E-2
7.503,-0.130,-9.238E-2
7.521,-0.131,-9.247E-2
7.540,-0.130,-9.051E-2
7.558,-0.131,-9.055E-2
7.577,-0.130,-9.072E-2
7.596,-0.130,-9.147E-2
7.614,-0.130,-9.222E-2
7.633,-0.131,-9.253E-2
7.651,-0.131,-9.360E-2
7.670,-0.131,-9.411E-2
7.689,-0.131,-9.491E-2
7.707,-0.131,-9.505E-2
7.726,-0.131,-9.506E-2
7.745,-0.132,-9.607E-2
7.763,-0.132,-9.597E-2
7.782,-0.132,-9.689E-2
7.800,-0.132,-9.681E-2
7.819,-0.132,-9.768E-2
7.838,-0.133,-9.771E-2
7.856,-0.133,-9.805E-2
7.875,-0.133,-9.902E-2
7.893,-0.133,-9.775E-2
7.912,-0.134,-9.707E-2
7.931,-0.133,-9.682E-2
7.949,-0.134,-9.680E-2
7.968,-0.135,-9.689E-2
7.987,-0.134,-9.594E-2
8.005,-0.134,-9.571E-2
8.024,-0.134,-9.530E-2
8.042,-0.134,-9.486E-2
8.061,-0.134,-9.425E-2
8.080,-0.135,-9.519E-2
8.098,-0.134,-9.406E-2
8.117,-0.134,-9.392E-2
8.136,-0.134,-9.405E-2
8.154,-0.133,-9.414E-2
8.173,-0.133,-9.495E-2
8.191,-0.134,-9.643E-2
8.210,-0.132,-9.581E-2
8.229,-0.133,-9.708E-2
8.247,-0.133,-9.751E-2
8.266,-0.133,-9.794E-2
8.284,-0.133,-9.825E-2
8.303,-0.132,-9.826E-2
8.322,-0.131,-9.847E-2
8.340,-0.131,-9.837E-2
8.359,-0.132,-9.796E-2
8.378,-0.131,-9.682E-2
8.396,-0.131,-9.679E-2
8.415,-0.131,-9.590E-2
8.433,-0.129,-9.615E-2
8.452,-0.131,-9.566E-2
8.471,-0.130,-9.522E-2
8.489,-0.129,-9.450E-2
8.508,-0.128,-9.360E-2
8.526,-0.128,-9.296E-2
8.545,-0.129,-9.163E-2
8.564,-0.127,-9.071E-2
8.582,-0.126,-9.023E-2
8.601,-0.126,-8.983E-2
8.620,-0.126,-8.936E-2
8.638,-0.125,-8.935E-2
8.657,-0.125,-8.933E-2
8.675,-0.125,-8.898E-2
8.694,-0.125,-8.894E-2
8.713,-0.124,-8.938E-2
8.731,-0.124,-8.914E-2
8.750,-0.124,-8.898E-2
8.768,-0.124,-8.897E-2
8.787,-0.124,-8.892E-2
8.806,-0.124,-8.907E-2
8.824,-0.124,-8.943E-2
8.843,-0.124,-8.997E-2
8.862,-0.124,-9.040E-2
8.880,-0.124,-9.089E-2
8.899,-0.124,-9.162E-2
8.917,-0.125,-9.203E-2
8.936,-0.125,-9.255E-2
8.955,-0.125,-9.299E-2
8.973,-0.125,-9.296E-2
8.992,-0.126,-9.296E-2
9.010,-0.126,-9.302E-2
9.029,-0.127,-9.242E-2
9.048,-0.127,-9.252E-2
9.066,-0.128,-9.217E-2
9.085,-0.128,-9.153E-2
9.104,-0.127,-9.034E-2
9.122,-0.127,-8.963E-2
9.141,-0.128,-8.961E-2
9.159,-0.127,-8.980E-2
9.178,-0.127,-8.923E-2
9.197,-0.128,-8.841E-2
9.215,-0.128,-8.796E-2
9.234,-0.128,-8.704E-2
9.253,-0.128,-8.654E-2
9.271,-0.128,-8.511E-2
9.290,-0.128,-8.483E-2
9.308,-0.127,-8.431E-2
9.327,-0.127,-8.311E-2
9.346,-0.127,-8.226E-2
9.364,-0.126,-8.162E-2
9.383,-0.126,-8.035E-2
9.401,-0.126,-7.973E-2
9.420,-0.126,-7.906E-2
9.439,-0.124,-7.856E-2
9.457,-0.125,-7.870E-2
9.476,-0.124,-7.887E-2
9.495,-0.124,-7.908E-2
9.513,-0.124,-7.981E-2
9.532,-0.124,-8.030E-2
9.550,-0.124,-8.095E-2
9.569,-0.124,-8.149E-2
9.588,-0.124,-8.209E-2
9.606,-0.124,-8.268E-2
9.625,-0.125,-8.341E-2
9.643,-0.124,-8.415E-2
9.662,-0.124,-8.508E-2
9.681,-0.125,-8.615E-2
9.699,-0.125,-8.737E-2
9.718,-0.125,-8.873E-2
9.737,-0.125,-9.023E-2
9.755,-0.125,-9.154E-2
9.774,-0.126,-9.240E-2
9.792,-0.126,-9.327E-2
9.811,-0.126,-9.405E-2
9.830,-0.126,-9.496E-2
9.848,-0.126,-9.586E-2
9.867,-0.126,-9.671E-2
9.885,-0.126,-9.760E-2
9.904,-0.127,-9.775E-2
9.923,-0.128,-9.785E-2
9.941,-0.128,-9.766E-2
9.960,-0.129,-9.724E-2
9.979,-0.129,-9.600E-2
9.997,-0.130,-9.650E-2
10.016,-0.130,-9.411E-2
10.034,-0.130,-9.321E-2
10.053,-0.131,-9.236E-2
10.072,-0.131,-9.154E-2
10.090,-0.131,-9.032E-2
10.109,-0.131,-9.012E-2
10.127,-0.130,-8.872E-2
10.146,-0.131,-8.861E-2
10.165,-0.130,-8.920E-2
10.183,-0.131,-8.968E-2
10.202,-0.131,-9.046E-2
10.221,-0.131,-9.224E-2
10.239,-0.131,-9.414E-2
10.258,-0.131,-9.505E-2
10.276,-0.131,-9.690E-2
10.295,-0.130,-9.779E-2
10.314,-0.131,-9.861E-2
10.332,-0.131,-9.894E-2
10.351,-0.131,-9.933E-2
10.370,-0.131,-9.869E-2
10.388,-0.131,-9.938E-2
10.407,-0.131,-9.778E-2
10.425,-0.130,-9.835E-2
10.444,-0.130,-9.634E-2
10.463,-0.129,-9.532E-2
10.481,-0.129,-9.477E-2
10.500,-0.128,-9.207E-2
10.518,-0.128,-9.053E-2
10.537,-0.128,-8.878E-2
10.556,-0.128,-8.693E-2
10.574,-0.128,-8.590E-2
10.593,-0.128,-8.545E-2
10.612,-0.128,-8.482E-2
10.630,-0.128,-8.430E-2
10.649,-0.127,-8.377E-2
10.667,-0.127,-8.321E-2
10.686,-0.127,-8.474E-2
10.705,-0.126,-8.570E-2
10.723,-0.126,-8.509E-2
10.742,-0.126,-8.649E-2
10.760,-0.126,-8.800E-2
10.779,-0.126,-8.828E-2
10.798,-0.126,-8.996E-2
10.816,-0.127,-9.056E-2
10.835,-0.127,-9.212E-2
10.854,-0.128,-9.261E-2
10.872,-0.127,-9.299E-2
10.891,-0.126,-9.212E-2
10.909,-0.129,-9.306E-2
10.928,-0.128,-9.242E-2
10.947,-0.127,-9.276E-2
10.965,-0.128,-9.388E-2
10.984,-0.128,-9.256E-2
11.002,-0.127,-9.393E-2
11.021,-0.129,-9.257E-2
11.040,-0.129,-9.337E-2
11.058,-0.129,-9.305E-2
11.077,-0.129,-9.282E-2
11.096,-0.129,-9.249E-2
11.114,-0.129,-9.243E-2
11.133,-0.128,-9.114E-2
11.151,-0.128,-9.199E-2
11.170,-0.128,-9.093E-2
11.189,-0.128,-9.079E-2
11.207,-0.128,-9.011E-2
11.226,-0.127,-8.978E-2
11.244,-0.127,-8.897E-2
11.263,-0.127,-8.843E-2
11.282,-0.127,-8.796E-2
11.300,-0.127,-8.646E-2
11.319,-0.127,-8.664E-2
11.338,-0.128,-8.578E-2
11.356,-0.128,-8.532E-2
11.375,-0.127,-8.519E-2
11.393,-0.127,-8.482E-2
11.412,-0.128,-8.477E-2
11.431,-0.127,-8.481E-2
11.449,-0.127,-8.476E-2
11.468,-0.128,-8.451E-2
11.487,-0.128,-8.485E-2
11.505,-0.128,-8.481E-2
11.524,-0.128,-8.474E-2
11.542,-0.128,-8.459E-2
11.561,-0.128,-8.518E-2
11.580,-0.129,-8.523E-2
11.598,-0.128,-8.567E-2
11.617,-0.128,-8.613E-2
11.635,-0.129,-8.637E-2
11.654,-0.128,-8.646E-2
11.673,-0.129,-8.705E-2
11.691,-0.129,-8.798E-2
11.710,-0.129,-8.798E-2
11.729,-0.129,-8.792E-2
11.747,-0.129,-8.832E-2
11.766,-0.130,-8.801E-2
11.784,-0.130,-8.832E-2
11.803,-0.131,-8.833E-2
11.822,-0.131,-8.852E-2
11.840,-0.131,-8.921E-2
11.859,-0.131,-8.971E-2
11.877,-0.131,-9.015E-2
11.896,-0.132,-9.064E-2
11.915,-0.132,-9.029E-2
11.933,-0.132,-9.087E-2
11.952,-0.132,-9.061E-2
11.971,-0.132,-9.066E-2
11.989,-0.133,-8.967E-2
12.008,-0.133,-8.889E-2
12.026,-0.134,-8.875E-2
12.045,-0.134,-8.787E-2
12.064,-0.134,-8.787E-2
12.082,-0.134,-8.743E-2
12.101,-0.135,-8.652E-2
12.119,-0.134,-8.682E-2
12.138,-0.135,-8.620E-2
12.157,-0.135,-8.615E-2
12.175,-0.135,-8.629E-2
12.194,-0.135,-8.692E-2
12.213,-0.135,-8.691E-2
12.231,-0.136,-8.707E-2
12.250,-0.136,-8.729E-2
12.268,-0.136,-8.758E-2
12.287,-0.136,-8.861E-2
12.306,-0.136,-9.019E-2
12.324,-0.136,-9.189E-2
12.343,-0.137,-9.376E-2
12.361,-0.137,-9.574E-2
12.380,-0.137,-9.786E-2
12.399,-0.137,-0.100
12.417,-0.137,-0.102
12.436,-0.138,-0.103
12.455,-0.138,-0.104
12.473,-0.138,-0.104
12.492,-0.138,-0.105
12.510,-0.138,-0.106
12.529,-0.137,-0.106
12.548,-0.137,-0.106
12.566,-0.136,-0.105
12.585,-0.137,-0.106
12.604,-0.136,-0.105
12.622,-0.135,-0.103
12.641,-0.134,-0.102
12.659,-0.133,-0.102
12.678,-0.132,-0.101
12.697,-0.132,-0.102
12.715,-0.131,-0.101
12.734,-0.131,-0.102
12.752,-0.130,-0.102
12.771,-0.130,-0.102
12.790,-0.130,-0.102
12.808,-0.130,-0.104
12.827,-0.130,-0.105
12.846,-0.129,-0.106
12.864,-0.130,-0.106
12.883,-0.130,-0.106
12.901,-0.129,-0.106
12.920,-0.129,-0.106
12.939,-0.129,-0.105
12.957,-0.130,-0.103
12.976,-0.130,-0.102
12.994,-0.129,-0.101
13.013,-0.130,-9.890E-2
13.032,-0.129,-9.707E-2
13.050,-0.128,-9.459E-2
13.069,-0.129,-9.309E-2
13.088,-0.128,-9.059E-2
13.106,-0.129,-8.942E-2
13.125,-0.129,-8.896E-2
13.143,-0.129,-8.748E-2
13.162,-0.129,-8.518E-2
13.181,-0.130,-8.499E-2
13.199,-0.128,-8.396E-2
13.218,-0.129,-8.327E-2
13.236,-0.130,-8.403E-2
13.255,-0.130,-8.519E-2
13.274,-0.130,-8.514E-2
13.292,-0.129,-8.456E-2
13.311,-0.129,-8.536E-2
13.330,-0.129,-8.795E-2
13.348,-0.129,-8.897E-2
13.367,-0.127,-8.959E-2
13.385,-0.127,-9.086E-2
13.404,-0.127,-9.147E-2
13.423,-0.127,-9.200E-2
13.441,-0.127,-9.294E-2
13.460,-0.127,-9.081E-2
13.479,-0.127,-8.959E-2
13.497,-0.126,-8.853E-2
13.516,-0.126,-8.700E-2
13.534,-0.127,-8.636E-2
13.553,-0.127,-8.632E-2
13.572,-0.126,-8.615E-2
13.590,-0.127,-8.523E-2
13.609,-0.127,-8.520E-2
13.627,-0.127,-8.480E-2
13.646,-0.127,-8.481E-2
13.665,-0.127,-8.483E-2
13.683,-0.127,-8.482E-2
13.702,-0.127,-8.484E-2
13.721,-0.127,-8.532E-2
13.739,-0.127,-8.511E-2
13.758,-0.127,-8.651E-2
13.776,-0.127,-8.603E-2
13.795,-0.128,-8.750E-2
13.814,-0.127,-8.802E-2
13.832,-0.127,-8.888E-2
13.851,-0.128,-8.929E-2
13.869,-0.128,-9.022E-2
13.888,-0.128,-9.079E-2
13.907,-0.129,-9.196E-2
13.925,-0.128,-9.297E-2
13.944,-0.129,-9.387E-2
13.963,-0.129,-9.473E-2
13.981,-0.129,-9.565E-2
14.000,-0.129,-9.651E-2
14.018,-0.130,-9.703E-2
14.037,-0.130,-9.769E-2
14.056,-0.130,-9.774E-2
14.074,-0.130,-9.786E-2
14.093,-0.130,-9.844E-2
14.111,-0.131,-9.837E-2
14.130,-0.131,-9.834E-2
14.149,-0.131,-9.830E-2
14.167,-0.131,-9.829E-2
14.186,-0.131,-9.786E-2
14.205,-0.131,-9.747E-2
14.223,-0.132,-9.702E-2
14.242,-0.131,-9.699E-2
14.260,-0.132,-9.625E-2
14.279,-0.131,-9.605E-2
14.298,-0.132,-9.531E-2
14.316,-0.132,-9.518E-2
14.335,-0.132,-9.526E-2
14.353,-0.132,-9.460E-2
14.372,-0.131,-9.514E-2
14.391,-0.132,-9.476E-2
14.409,-0.132,-9.452E-2
14.428,-0.132,-9.424E-2
14.447,-0.131,-9.427E-2
14.465,-0.131,-9.420E-2
14.484,-0.131,-9.421E-2
14.502,-0.131,-9.425E-2
14.521,-0.131,-9.445E-2
14.540,-0.131,-9.475E-2
14.558,-0.131,-9.492E-2
14.577,-0.131,-9.518E-2
14.596,-0.130,-9.522E-2
14.614,-0.130,-9.528E-2
14.633,-0.131,-9.523E-2
14.651,-0.131,-9.516E-2
14.670,-0.131,-9.521E-2
14.689,-0.130,-9.516E-2
14.707,-0.130,-9.493E-2
14.726,-0.130,-9.475E-2
14.744,-0.130,-9.474E-2
14.763,-0.130,-9.469E-2
14.782,-0.130,-9.458E-2
14.800,-0.130,-9.513E-2
14.819,-0.130,-9.557E-2
14.838,-0.130,-9.579E-2
14.856,-0.130,-9.602E-2
14.875,-0.130,-9.634E-2
14.893,-0.130,-9.609E-2
14.912,-0.130,-9.611E-2
14.931,-0.130,-9.541E-2
14.949,-0.130,-9.546E-2
14.968,-0.130,-9.495E-2
14.986,-0.130,-9.444E-2
15.005,-0.130,-9.401E-2
15.024,-0.130,-9.293E-2
15.042,-0.130,-9.243E-2
15.061,-0.130,-9.174E-2
15.080,-0.130,-9.090E-2
15.098,-0.130,-9.074E-2
15.117,-0.129,-9.027E-2
15.135,-0.130,-8.868E-2
15.154,-0.130,-8.882E-2
15.173,-0.130,-8.847E-2
15.191,-0.130,-8.806E-2
15.210,-0.130,-8.796E-2
15.228,-0.130,-8.743E-2
15.247,-0.130,-8.731E-2
15.266,-0.130,-8.787E-2
15.284,-0.130,-8.760E-2
15.303,-0.130,-8.791E-2
15.322,-0.130,-8.797E-2
15.340,-0.130,-8.798E-2
15.359,-0.130,-8.821E-2
15.377,-0.130,-8.864E-2
15.396,-0.130,-8.906E-2
15.415,-0.130,-8.975E-2
15.433,-0.130,-9.056E-2
15.452,-0.129,-9.111E-2
15.470,-0.129,-9.208E-2
15.489,-0.129,-9.309E-2
15.508,-0.129,-9.402E-2
15.526,-0.129,-9.477E-2
15.545,-0.129,-9.521E-2
15.564,-0.129,-9.568E-2
15.582,-0.129,-9.569E-2
15.601,-0.129,-9.562E-2
15.619,-0.129,-9.553E-2
15.638,-0.129,-9.524E-2
15.657,-0.129,-9.517E-2
15.675,-0.129,-9.470E-2
15.694,-0.129,-9.435E-2
15.713,-0.129,-9.381E-2
15.731,-0.130,-9.318E-2
15.750,-0.129,-9.264E-2
15.768,-0.129,-9.235E-2
15.787,-0.129,-9.206E-2
15.806,-0.129,-9.156E-2
15.824,-0.130,-9.055E-2
15.843,-0.129,-9.060E-2
15.861,-0.130,-8.976E-2
15.880,-0.128,-8.901E-2
15.899,-0.130,-8.861E-2
15.917,-0.129,-8.895E-2
15.936,-0.129,-8.867E-2
15.955,-0.130,-8.840E-2
15.973,-0.130,-8.802E-2
15.992,-0.129,-8.882E-2
16.010,-0.130,-8.876E-2
16.029,-0.131,-8.924E-2
16.048,-0.131,-8.968E-2
16.066,-0.131,-8.974E-2
16.085,-0.131,-9.011E-2
16.103,-0.131,-9.060E-2
16.122,-0.131,-9.106E-2
16.141,-0.131,-9.079E-2
16.159,-0.131,-9.293E-2
16.178,-0.131,-9.379E-2
16.197,-0.132,-9.437E-2
16.215,-0.131,-9.577E-2
16.234,-0.131,-9.654E-2
16.252,-0.132,-9.700E-2
16.271,-0.131,-9.833E-2
16.290,-0.132,-9.804E-2
16.308,-0.132,-0.100
16.327,-0.132,-0.101
16.345,-0.132,-0.102
16.364,-0.133,-0.103
16.383,-0.132,-0.104
16.401,-0.133,-0.105
16.420,-0.133,-0.105
16.439,-0.133,-0.106
16.457,-0.133,-0.106
16.476,-0.134,-0.106
16.494,-0.134,-0.107
16.513,-0.134,-0.108
16.532,-0.135,-0.108
16.550,-0.135,-0.108
16.569,-0.135,-0.109
16.587,-0.136,-0.110
16.606,-0.136,-0.110
16.625,-0.137,-0.109
16.643,-0.137,-0.110
16.662,-0.137,-0.109
16.681,-0.137,-0.109
16.699,-0.137,-0.109
16.718,-0.137,-0.108
16.736,-0.137,-0.109
16.755,-0.138,-0.108
16.774,-0.138,-0.108
16.792,-0.138,-0.107
16.811,-0.138,-0.107
16.830,-0.138,-0.106
16.848,-0.137,-0.106
16.867,-0.137,-0.106
16.885,-0.137,-0.106
16.904,-0.137,-0.106
16.923,-0.136,-0.106
16.941,-0.136,-0.106
16.960,-0.137,-0.106
16.978,-0.136,-0.106
16.997,-0.136,-0.107
17.016,-0.136,-0.107
17.034,-0.136,-0.107
17.053,-0.136,-0.108
17.072,-0.136,-0.108
17.090,-0.136,-0.108
17.109,-0.136,-0.109
17.127,-0.136,-0.109
17.146,-0.135,-0.110
17.165,-0.135,-0.110
17.183,-0.135,-0.111
17.202,-0.135,-0.111
17.220,-0.135,-0.111
17.239,-0.135,-0.112
17.258,-0.135,-0.112
17.276,-0.134,-0.112
17.295,-0.134,-0.112
17.314,-0.134,-0.113
17.332,-0.134,-0.113
17.351,-0.134,-0.113
17.369,-0.134,-0.113
17.388,-0.135,-0.112
17.407,-0.135,-0.113
17.425,-0.135,-0.113
17.444,-0.135,-0.112
17.462,-0.135,-0.113
17.481,-0.135,-0.112
17.500,-0.135,-0.113
17.518,-0.136,-0.113
17.537,-0.136,-0.113
17.556,-0.135,-0.112
17.574,-0.136,-0.112
17.593,-0.136,-0.112
17.611,-0.136,-0.112
17.630,-0.136,-0.111
17.649,-0.136,-0.111
17.667,-0.136,-0.111
17.686,-0.135,-0.111
17.704,-0.135,-0.111
17.723,-0.135,-0.111
17.742,-0.135,-0.111
17.760,-0.135,-0.111
17.779,-0.135,-0.111
17.798,-0.135,-0.110
17.816,-0.134,-0.110
17.835,-0.134,-0.110
17.853,-0.134,-0.110
17.872,-0.133,-0.111
17.891,-0.134,-0.110
17.909,-0.133,-0.109
17.928,-0.133,-0.109
17.947,-0.133,-0.107
17.965,-0.133,-0.107
17.984,-0.132,-0.107
18.002,-0.132,-0.106
18.021,-0.132,-0.106
18.040,-0.133,-0.105
18.058,-0.132,-0.105
18.077,-0.132,-0.103
18.095,-0.132,-0.104
18.114,-0.132,-0.103
18.133,-0.132,-0.102
18.151,-0.132,-0.103
18.170,-0.132,-0.102
18.189,-0.133,-0.103
18.207,-0.133,-0.102
18.226,-0.133,-0.103
18.244,-0.132,-0.102
18.263,-0.132,-0.103
18.282,-0.133,-0.104
18.300,-0.132,-0.105
18.319,-0.133,-0.106
18.337,-0.132,-0.106
18.356,-0.132,-0.108
18.375,-0.132,-0.109
18.393,-0.133,-0.110
18.412,-0.132,-0.111
18.431,-0.132,-0.112
18.449,-0.132,-0.112
18.468,-0.132,-0.113
18.486,-0.132,-0.113
18.505,-0.132,-0.113
18.524,-0.132,-0.113
18.542,-0.132,-0.113
18.561,-0.132,-0.112
18.579,-0.132,-0.112
18.598,-0.131,-0.111
18.617,-0.131,-0.110
18.635,-0.131,-0.109
18.654,-0.131,-0.108
18.673,-0.131,-0.107
18.691,-0.131,-0.106
18.710,-0.130,-0.105
18.728,-0.130,-0.104
18.747,-0.129,-0.104
18.766,-0.130,-0.103
18.784,-0.130,-0.102
18.803,-0.129,-0.102
18.821,-0.129,-0.102
18.840,-0.129,-0.102
18.859,-0.129,-0.102
18.877,-0.129,-0.102
18.896,-0.130,-0.101
18.915,-0.130,-0.101
18.933,-0.130,-0.101
18.952,-0.131,-0.100
18.970,-0.131,-0.100
18.989,-0.131,-9.987E-2
19.008,-0.132,-0.100
19.026,-0.131,-0.100
19.045,-0.132,-0.100
19.064,-0.132,-0.101
19.082,-0.132,-0.101
19.101,-0.132,-0.101
19.119,-0.133,-0.102
19.138,-0.133,-0.102
19.157,-0.133,-0.103
19.175,-0.133,-0.103
19.194,-0.133,-0.103
19.212,-0.134,-0.104
19.231,-0.134,-0.105
19.250,-0.134,-0.105
19.268,-0.134,-0.106
19.287,-0.135,-0.106
19.306,-0.135,-0.107
19.324,-0.135,-0.107
19.343,-0.135,-0.108
19.361,-0.136,-0.108
19.380,-0.136,-0.107
19.399,-0.136,-0.107
19.417,-0.136,-0.107
19.436,-0.136,-0.106
19.454,-0.136,-0.105
19.473,-0.137,-0.104
19.492,-0.137,-0.103
19.510,-0.137,-0.103
19.529,-0.137,-0.102
19.548,-0.137,-0.102
19.566,-0.137,-0.101
19.585,-0.137,-0.101
19.603,-0.137,-9.987E-2
19.622,-0.137,-9.951E-2
19.641,-0.137,-9.925E-2
19.659,-0.137,-9.895E-2
19.678,-0.137,-9.924E-2
19.696,-0.136,-9.948E-2
19.715,-0.137,-0.101
19.734,-0.136,-0.101
19.752,-0.136,-0.101
19.771,-0.136,-0.102
19.790,-0.136,-0.104
19.808,-0.137,-0.105
19.827,-0.137,-0.107
19.845,-0.137,-0.108
19.864,-0.137,-0.109
19.883,-0.137,-0.110
19.901,-0.137,-0.110
19.920,-0.136,-0.108
19.939,-0.135,-0.108
19.957,-0.135,-0.109
19.976,-0.134,-0.108
19.994,-0.133,-0.107
20.013,-0.132,-0.104
20.032,-0.132,-0.104
20.050,-0.132,-0.102
20.069,-0.132,-0.101
20.087,-0.131,-9.979E-2
20.106,-0.131,-9.982E-2
20.125,-0.130,-9.903E-2
20.143,-0.129,-9.874E-2
20.162,-0.130,-9.857E-2
20.181,-0.129,-9.774E-2
20.199,-0.128,-9.783E-2
20.218,-0.129,-9.686E-2
20.236,-0.128,-9.618E-2
20.255,-0.128,-9.575E-2
20.274,-0.128,-9.511E-2
20.292,-0.129,-9.454E-2
20.311,-0.128,-9.330E-2
20.329,-0.127,-9.144E-2
20.348,-0.127,-8.971E-2
20.367,-0.127,-8.842E-2
20.385,-0.126,-8.891E-2
20.404,-0.125,-8.802E-2
20.423,-0.126,-8.664E-2
20.441,-0.125,-8.625E-2
20.460,-0.126,-8.490E-2
20.478,-0.124,-8.443E-2
20.497,-0.126,-8.319E-2
20.516,-0.126,-8.275E-2
20.534,-0.126,-8.216E-2
20.553,-0.125,-8.267E-2
20.571,-0.125,-8.263E-2
20.590,-0.125,-8.271E-2
20.609,-0.127,-8.252E-2
20.627,-0.127,-8.284E-2
20.646,-0.127,-8.360E-2
20.665,-0.127,-8.451E-2
20.683,-0.126,-8.548E-2
20.702,-0.128,-8.632E-2
20.720,-0.128,-8.735E-2
20.739,-0.128,-8.904E-2
20.758,-0.128,-9.037E-2
20.776,-0.128,-9.176E-2
20.795,-0.129,-9.335E-2
20.813,-0.130,-9.474E-2
20.832,-0.131,-9.586E-2
20.851,-0.132,-9.702E-2
20.869,-0.132,-9.777E-2
20.888,-0.133,-9.826E-2
20.907,-0.134,-9.798E-2
20.925,-0.134,-9.782E-2
20.944,-0.134,-9.780E-2
20.962,-0.135,-9.801E-2
20.981,-0.135,-9.834E-2
21.000,-0.136,-9.863E-2
21.018,-0.136,-9.883E-2
21.037,-0.136,-9.899E-2
21.056,-0.135,-9.920E-2
21.074,-0.135,-9.870E-2
21.093,-0.135,-9.824E-2
21.111,-0.135,-9.761E-2
21.130,-0.135,-9.678E-2
21.149,-0.134,-9.602E-2
21.167,-0.134,-9.508E-2
21.186,-0.134,-9.423E-2
21.204,-0.134,-9.328E-2
21.223,-0.133,-9.241E-2
21.242,-0.133,-9.160E-2
21.260,-0.132,-9.108E-2
21.279,-0.133,-9.059E-2
21.298,-0.132,-9.021E-2
21.316,-0.132,-8.987E-2
21.335,-0.132,-8.980E-2
21.353,-0.132,-8.967E-2
21.372,-0.132,-8.959E-2
21.391,-0.131,-9.018E-2
21.409,-0.131,-9.056E-2
21.428,-0.131,-9.129E-2
21.446,-0.131,-9.190E-2
21.465,-0.131,-9.286E-2
21.484,-0.131,-9.379E-2
21.502,-0.131,-9.489E-2
21.521,-0.132,-9.596E-2
21.540,-0.132,-9.735E-2
21.558,-0.132,-9.835E-2
21.577,-0.133,-9.925E-2
21.595,-0.133,-0.100
21.614,-0.133,-0.102
21.633,-0.134,-0.103
21.651,-0.134,-0.104
21.670,-0.134,-0.105
21.688,-0.135,-0.106
21.707,-0.135,-0.107
21.726,-0.135,-0.108
21.744,-0.136,-0.109
21.763,-0.136,-0.110
21.782,-0.136,-0.111
21.800,-0.137,-0.112
21.819,-0.137,-0.113
21.837,-0.138,-0.113
21.856,-0.138,-0.114
21.875,-0.138,-0.113
21.893,-0.138,-0.114
21.912,-0.137,-0.114
21.930,-0.138,-0.115
21.949,-0.137,-0.115
21.968,-0.137,-0.115
21.986,-0.137,-0.115
22.005,-0.136,-0.115
22.024,-0.136,-0.114
22.042,-0.136,-0.113
22.061,-0.135,-0.113
22.079,-0.135,-0.112
22.098,-0.134,-0.111
22.117,-0.134,-0.110
22.135,-0.133,-0.109
22.154,-0.133,-0.109
22.173,-0.133,-0.108
22.191,-0.132,-0.107
22.210,-0.132,-0.107
22.228,-0.131,-0.107
22.247,-0.132,-0.107
22.266,-0.131,-0.108
22.284,-0.131,-0.109
22.303,-0.131,-0.110
22.321,-0.131,-0.110
22.340,-0.131,-0.111
22.359,-0.131,-0.112
22.377,-0.130,-0.113
22.396,-0.130,-0.113
22.415,-0.130,-0.114
22.433,-0.130,-0.114
22.452,-0.131,-0.114
22.470,-0.130,-0.114
22.489,-0.131,-0.113
22.508,-0.132,-0.113
22.526,-0.132,-0.113
22.545,-0.132,-0.110
22.563,-0.132,-0.111
22.582,-0.132,-0.110
22.601,-0.131,-0.109
22.619,-0.133,-0.108
22.638,-0.133,-0.108
22.657,-0.133,-0.107
22.675,-0.133,-0.106
22.694,-0.133,-0.106
22.712,-0.133,-0.105
22.731,-0.132,-0.105
22.750,-0.132,-0.104
22.768,-0.133,-0.103
22.787,-0.132,-0.102
22.805,-0.132,-0.101
22.824,-0.133,-9.979E-2
22.843,-0.133,-9.878E-2
22.861,-0.133,-9.793E-2
22.880,-0.132,-9.711E-2
22.899,-0.131,-9.707E-2
22.917,-0.131,-9.658E-2
22.936,-0.131,-9.561E-2
22.954,-0.130,-9.573E-2
22.973,-0.130,-9.546E-2
22.992,-0.129,-9.524E-2
23.010,-0.127,-9.327E-2
23.029,-0.127,-9.342E-2
23.047,-0.128,-9.447E-2
23.066,-0.126,-9.443E-2
23.085,-0.126,-9.436E-2
23.103,-0.125,-9.439E-2
23.122,-0.124,-9.453E-2
23.141,-0.123,-9.483E-2
23.159,-0.123,-9.448E-2
23.178,-0.122,-9.526E-2
23.196,-0.121,-9.463E-2
23.215,-0.122,-9.443E-2
23.234,-0.122,-9.370E-2
23.252,-0.122,-9.307E-2
23.271,-0.121,-9.218E-2
23.290,-0.121,-9.125E-2
23.308,-0.122,-8.988E-2
23.327,-0.123,-8.892E-2
23.345,-0.123,-8.722E-2
23.364,-0.123,-8.655E-2
23.383,-0.123,-8.619E-2
23.401,-0.124,-8.587E-2
23.420,-0.124,-8.535E-2
23.438,-0.124,-8.538E-2
23.457,-0.123,-8.536E-2
23.476,-0.126,-8.441E-2
23.494,-0.126,-8.390E-2
23.513,-0.127,-8.542E-2
23.532,-0.127,-8.591E-2
23.550,-0.128,-8.630E-2
23.569,-0.128,-8.543E-2
23.587,-0.129,-8.753E-2
23.606,-0.129,-8.813E-2
23.625,-0.130,-8.810E-2
23.643,-0.130,-8.972E-2
23.662,-0.131,-8.979E-2
23.680,-0.132,-9.110E-2
23.699,-0.133,-9.136E-2
23.718,-0.133,-9.235E-2
23.736,-0.134,-9.318E-2
23.755,-0.134,-9.413E-2
23.774,-0.135,-9.588E-2
23.792,-0.135,-9.566E-2
23.811,-0.136,-9.734E-2
23.829,-0.136,-9.787E-2
23.848,-0.136,-9.762E-2
23.867,-0.137,-9.764E-2
23.885,-0.138,-9.776E-2
23.904,-0.137,-9.768E-2
23.922,-0.137,-9.800E-2
23.941,-0.137,-9.855E-2
23.960,-0.137,-9.863E-2
23.978,-0.136,-9.794E-2
23.997,-0.136,-9.767E-2
24.016,-0.136,-9.731E-2
24.034,-0.135,-9.689E-2
24.053,-0.135,-9.656E-2
24.071,-0.135,-9.595E-2
24.090,-0.135,-9.538E-2
24.109,-0.135,-9.496E-2
24.127,-0.134,-9.403E-2
24.146,-0.134,-9.372E-2
24.164,-0.134,-9.402E-2
24.183,-0.134,-9.487E-2
24.202,-0.134,-9.609E-2
24.220,-0.134,-9.734E-2
24.239,-0.134,-9.855E-2
24.258,-0.134,-9.968E-2
24.276,-0.135,-0.101
24.295,-0.135,-0.102
24.313,-0.135,-0.102
24.332,-0.135,-0.103
24.351,-0.135,-0.105
24.369,-0.135,-0.107
24.388,-0.135,-0.109
24.407,-0.135,-0.111
24.425,-0.134,-0.112
24.444,-0.134,-0.113
24.462,-0.134,-0.115
24.481,-0.134,-0.116
24.500,-0.134,-0.115
24.518,-0.134,-0.115
24.537,-0.134,-0.114
24.555,-0.133,-0.114
24.574,-0.133,-0.114
24.593,-0.132,-0.112
24.611,-0.132,-0.111
24.630,-0.131,-0.110
24.649,-0.131,-0.109
24.667,-0.131,-0.108
24.686,-0.129,-0.106
24.704,-0.129,-0.104
24.723,-0.129,-0.103
24.742,-0.128,-0.102
24.760,-0.128,-0.100
24.779,-0.128,-9.877E-2
24.797,-0.128,-9.882E-2
24.816,-0.128,-9.784E-2
24.835,-0.127,-9.709E-2
24.853,-0.127,-9.768E-2
24.872,-0.127,-9.787E-2
24.891,-0.126,-9.878E-2
24.909,-0.126,-0.100
24.928,-0.126,-0.102
24.946,-0.126,-0.102
24.965,-0.126,-0.103
24.984,-0.126,-0.104
25.002,-0.126,-0.104
25.021,-0.126,-0.104
25.039,-0.127,-0.103
25.058,-0.127,-0.103
25.077,-0.128,-0.102
25.095,-0.128,-9.978E-2
25.114,-0.128,-9.869E-2
25.133,-0.128,-9.768E-2
25.151,-0.129,-9.685E-2
25.170,-0.128,-9.598E-2
25.188,-0.128,-9.589E-2
25.207,-0.128,-9.634E-2
25.226,-0.128,-9.584E-2
25.244,-0.128,-9.601E-2
25.263,-0.127,-9.515E-2
25.281,-0.127,-9.484E-2
25.300,-0.128,-9.485E-2
25.319,-0.128,-9.323E-2
25.337,-0.128,-9.385E-2
25.356,-0.128,-9.352E-2
25.375,-0.128,-9.253E-2
25.393,-0.128,-9.074E-2
25.412,-0.129,-9.158E-2
25.430,-0.128,-9.120E-2
25.449,-0.129,-9.063E-2
25.468,-0.129,-8.979E-2
25.486,-0.129,-8.973E-2
25.505,-0.129,-8.934E-2
25.524,-0.128,-8.893E-2
25.542,-0.128,-8.897E-2
25.561,-0.128,-8.900E-2
25.579,-0.128,-8.931E-2
25.598,-0.128,-8.908E-2
25.617,-0.126,-8.955E-2
25.635,-0.126,-8.988E-2
25.654,-0.126,-8.993E-2
25.672,-0.127,-8.873E-2
25.691,-0.127,-8.998E-2
25.710,-0.127,-9.026E-2
25.728,-0.127,-8.879E-2
25.747,-0.127,-9.049E-2
25.766,-0.127,-9.072E-2
25.784,-0.127,-9.074E-2
25.803,-0.127,-9.075E-2
25.821,-0.127,-9.065E-2
25.840,-0.128,-9.034E-2
25.859,-0.127,-9.077E-2
25.877,-0.128,-9.016E-2
25.896,-0.127,-8.866E-2
25.914,-0.128,-8.785E-2
25.933,-0.128,-8.936E-2
25.952,-0.128,-8.902E-2
25.970,-0.128,-8.892E-2
25.989,-0.128,-8.884E-2
26.008,-0.129,-8.727E-2
26.026,-0.127,-8.947E-2
26.045,-0.129,-8.936E-2
26.063,-0.129,-8.892E-2
26.082,-0.129,-9.022E-2
26.101,-0.128,-9.079E-2
26.119,-0.129,-8.921E-2
26.138,-0.129,-8.967E-2
26.156,-0.128,-9.201E-2
26.175,-0.129,-9.164E-2
26.194,-0.129,-9.195E-2
26.212,-0.129,-9.197E-2
26.231,-0.129,-9.200E-2
26.250,-0.129,-9.151E-2
26.268,-0.129,-8.963E-2
26.287,-0.129,-8.963E-2
26.305,-0.129,-8.944E-2
26.324,-0.127,-8.931E-2
26.343,-0.128,-9.122E-2
26.361,-0.128,-9.111E-2
26.380,-0.130,-9.077E-2
26.399,-0.130,-9.076E-2
26.417,-0.129,-8.971E-2
26.436,-0.128,-9.010E-2
26.454,-0.130,-9.149E-2
26.473,-0.130,-9.135E-2
26.492,-0.130,-9.002E-2
26.510,-0.130,-8.996E-2
26.529,-0.129,-9.121E-2
26.547,-0.130,-9.151E-2
26.566,-0.131,-9.039E-2
26.585,-0.130,-9.196E-2
26.603,-0.131,-9.206E-2
26.622,-0.130,-9.067E-2
26.641,-0.130,-9.117E-2
26.659,-0.131,-9.214E-2
26.678,-0.132,-9.218E-2
26.696,-0.132,-9.308E-2
26.715,-0.133,-9.412E-2
26.734,-0.133,-9.454E-2
26.752,-0.134,-9.554E-2
26.771,-0.134,-9.606E-2
26.789,-0.134,-9.759E-2
26.808,-0.135,-9.934E-2
26.827,-0.135,-0.100
26.845,-0.136,-0.101
26.864,-0.136,-0.102
26.883,-0.137,-0.102
26.901,-0.138,-0.102
26.920,-0.138,-0.102
26.938,-0.138,-0.101
26.957,-0.139,-0.100
26.976,-0.139,-0.101
26.994,-0.139,-0.100
27.013,-0.138,-9.965E-2
27.031,-0.137,-0.100
27.050,-0.136,-0.101
27.069,-0.135,-0.101
27.087,-0.134,-0.101
27.106,-0.133,-0.101
27.125,-0.132,-0.101
27.143,-0.131,-0.101
27.162,-0.130,-0.101
27.180,-0.129,-0.102
27.199,-0.128,-0.103
27.218,-0.128,-0.105
27.236,-0.127,-0.107
27.255,-0.127,-0.108
27.273,-0.127,-0.109
27.292,-0.126,-0.110
27.311,-0.127,-0.110
27.329,-0.126,-0.110
27.348,-0.126,-0.109
27.367,-0.126,-0.108
27.385,-0.127,-0.108
27.404,-0.127,-0.107
27.422,-0.127,-0.105
27.441,-0.127,-0.103
27.460,-0.127,-0.102
27.478,-0.128,-9.959E-2
27.497,-0.127,-9.696E-2
27.516,-0.128,-9.461E-2
27.534,-0.128,-9.281E-2
27.553,-0.128,-9.053E-2
27.571,-0.128,-8.882E-2
27.590,-0.128,-8.702E-2
27.609,-0.128,-8.448E-2
27.627,-0.127,-8.358E-2
27.646,-0.127,-8.254E-2
27.664,-0.126,-7.972E-2
27.683,-0.126,-7.860E-2
27.702,-0.126,-7.771E-2
27.720,-0.123,-7.691E-2
27.739,-0.124,-7.680E-2
27.758,-0.122,-7.773E-2
27.776,-0.122,-7.856E-2
27.795,-0.123,-7.837E-2
27.813,-0.122,-7.822E-2
27.832,-0.122,-7.891E-2
27.851,-0.122,-7.895E-2
27.869,-0.122,-7.897E-2
27.888,-0.120,-7.794E-2
27.906,-0.122,-7.925E-2
27.925,-0.122,-7.875E-2
27.944,-0.122,-7.889E-2
27.962,-0.122,-7.900E-2
27.981,-0.122,-7.976E-2
28.000,-0.121,-8.131E-2
28.018,-0.122,-8.177E-2
28.037,-0.122,-8.219E-2
28.055,-0.124,-8.209E-2
28.074,-0.124,-8.209E-2
28.093,-0.125,-8.209E-2
28.111,-0.125,-8.209E-2
28.130,-0.125,-8.208E-2
28.148,-0.125,-8.175E-2
28.167,-0.125,-8.020E-2
28.186,-0.126,-8.024E-2
28.204,-0.126,-8.161E-2
28.223,-0.126,-8.072E-2
28.242,-0.127,-8.202E-2
28.260,-0.125,-8.230E-2
28.279,-0.127,-8.211E-2
28.297,-0.126,-8.217E-2
28.316,-0.127,-8.210E-2
28.335,-0.126,-7.951E-2
28.353,-0.127,-8.184E-2
28.372,-0.127,-8.148E-2
28.390,-0.129,-8.085E-2
28.409,-0.127,-8.110E-2
28.428,-0.127,-8.080E-2
28.446,-0.127,-8.059E-2
28.465,-0.128,-8.028E-2
28.484,-0.128,-7.988E-2
28.502,-0.129,-7.944E-2
28.521,-0.129,-7.897E-2
28.539,-0.130,-7.818E-2
28.558,-0.128,-7.806E-2
28.577,-0.129,-7.723E-2
28.595,-0.128,-7.633E-2
28.614,-0.127,-7.554E-2
28.633,-0.127,-7.459E-2
28.651,-0.127,-7.351E-2
28.670,-0.127,-7.261E-2
28.688,-0.126,-7.177E-2
28.707,-0.126,-7.087E-2
28.726,-0.125,-6.997E-2
28.744,-0.127,-6.904E-2
28.763,-0.125,-6.896E-2
28.781,-0.126,-6.811E-2
28.800,-0.125,-6.815E-2
28.819,-0.125,-6.761E-2
28.837,-0.125,-6.718E-2
28.856,-0.125,-6.691E-2
28.875,-0.125,-6.677E-2
28.893,-0.125,-6.679E-2
28.912,-0.124,-6.656E-2
28.930,-0.125,-6.677E-2
28.949,-0.124,-6.693E-2
28.968,-0.124,-6.700E-2
28.986,-0.125,-6.711E-2
29.005,-0.125,-6.700E-2
29.023,-0.125,-6.687E-2
29.042,-0.126,-6.712E-2
29.061,-0.126,-6.730E-2
29.079,-0.126,-6.735E-2
29.098,-0.126,-6.757E-2
29.117,-0.126,-6.774E-2
29.135,-0.127,-6.783E-2
29.154,-0.127,-6.792E-2
29.172,-0.127,-6.782E-2
29.191,-0.128,-6.783E-2
29.210,-0.128,-6.755E-2
29.228,-0.129,-6.714E-2
29.247,-0.130,-6.664E-2
29.265,-0.130,-6.625E-2
29.284,-0.130,-6.580E-2
29.303,-0.132,-6.533E-2
29.321,-0.132,-6.537E-2
29.340,-0.131,-6.563E-2
29.359,-0.132,-6.571E-2
29.377,-0.133,-6.583E-2
29.396,-0.131,-6.616E-2
29.414,-0.131,-6.620E-2
29.433,-0.132,-6.577E-2
29.452,-0.132,-6.566E-2
29.470,-0.132,-6.613E-2
29.489,-0.132,-6.663E-2
29.507,-0.134,-6.712E-2
29.526,-0.132,-6.807E-2
29.545,-0.132,-6.912E-2
29.563,-0.131,-6.997E-2
29.582,-0.132,-7.116E-2
29.601,-0.133,-7.207E-2
29.619,-0.132,-7.340E-2
29.638,-0.132,-7.437E-2
29.656,-0.133,-7.541E-2
29.675,-0.132,-7.667E-2
29.694,-0.132,-7.810E-2
29.712,-0.131,-7.946E-2
29.731,-0.131,-8.083E-2
29.750,-0.131,-8.217E-2
29.768,-0.132,-8.344E-2
29.787,-0.132,-8.439E-2
29.805,-0.131,-8.565E-2
29.824,-0.132,-8.667E-2
29.843,-0.131,-8.809E-2
29.861,-0.132,-8.926E-2
29.880,-0.131,-9.076E-2
29.898,-0.131,-9.258E-2
29.917,-0.131,-9.433E-2
29.936,-0.131,-9.609E-2
29.954,-0.131,-9.728E-2
29.973,-0.131,-9.833E-2
29.992,-0.131,-9.896E-2
30.010,-0.131,-9.988E-2
30.029,-0.131,-0.101
30.047,-0.133,-0.102
30.066,-0.131,-0.103
30.085,-0.131,-0.104
30.103,-0.131,-0.105
30.122,-0.131,-0.105
30.140,-0.131,-0.106
30.159,-0.130,-0.106
30.178,-0.130,-0.106
30.196,-0.129,-0.106
30.215,-0.128,-0.106
30.234,-0.128,-0.106
30.252,-0.127,-0.105
30.271,-0.127,-0.105
30.289,-0.127,-0.104
30.308,-0.127,-0.103
30.327,-0.126,-0.101
30.345,-0.126,-0.101
30.364,-0.125,-0.101
30.382,-0.125,-0.102
30.401,-0.125,-0.102
30.420,-0.124,-0.100
30.438,-0.125,-0.101
30.457,-0.125,-0.102
30.476,-0.125,-0.102
30.494,-0.125,-0.102
30.513,-0.125,-0.103
30.531,-0.125,-0.102
30.550,-0.125,-0.102
30.569,-0.125,-0.102
30.587,-0.125,-0.102
30.606,-0.125,-0.102
30.624,-0.126,-0.101
30.643,-0.127,-0.100
30.662,-0.125,-9.997E-2
30.680,-0.126,-9.915E-2
30.699,-0.127,-9.810E-2
30.718,-0.125,-9.720E-2
30.736,-0.127,-9.570E-2
30.755,-0.126,-9.463E-2
30.773,-0.126,-9.341E-2
30.792,-0.126,-9.221E-2
30.811,-0.125,-9.108E-2
30.829,-0.125,-9.005E-2
30.848,-0.125,-8.940E-2
30.867,-0.125,-8.862E-2
30.885,-0.125,-8.846E-2
30.904,-0.125,-8.818E-2
30.922,-0.125,-8.805E-2
30.941,-0.125,-8.821E-2
30.960,-0.125,-8.810E-2
30.978,-0.125,-8.850E-2
30.997,-0.125,-8.869E-2
31.015,-0.125,-8.917E-2
31.034,-0.125,-8.934E-2
31.053,-0.125,-8.941E-2
31.071,-0.125,-8.950E-2
31.090,-0.125,-8.981E-2
31.109,-0.125,-8.989E-2
31.127,-0.126,-8.987E-2
31.146,-0.126,-9.027E-2
31.164,-0.127,-8.992E-2
31.183,-0.126,-9.035E-2
31.202,-0.126,-9.085E-2
31.220,-0.126,-9.125E-2
31.239,-0.126,-9.164E-2
31.257,-0.126,-9.206E-2
31.276,-0.127,-9.250E-2
31.295,-0.126,-9.275E-2
31.313,-0.127,-9.292E-2
31.332,-0.127,-9.297E-2
31.351,-0.127,-9.294E-2
31.369,-0.127,-9.258E-2
31.388,-0.127,-9.252E-2
31.406,-0.127,-9.222E-2
31.425,-0.128,-9.205E-2
31.444,-0.128,-9.179E-2
31.462,-0.127,-8.988E-2
31.481,-0.128,-9.087E-2
31.499,-0.129,-9.063E-2
31.518,-0.129,-9.031E-2
31.537,-0.129,-8.991E-2
31.555,-0.129,-8.948E-2
31.574,-0.129,-8.912E-2
31.593,-0.130,-8.889E-2
31.611,-0.130,-8.891E-2
31.630,-0.130,-8.873E-2
31.648,-0.130,-8.890E-2
31.667,-0.130,-8.906E-2
31.686,-0.131,-8.944E-2
31.704,-0.130,-9.006E-2
31.723,-0.131,-9.059E-2
31.741,-0.131,-9.118E-2
31.760,-0.131,-9.207E-2
31.779,-0.131,-9.304E-2
31.797,-0.131,-9.387E-2
31.816,-0.132,-9.432E-2
31.835,-0.132,-9.527E-2
31.853,-0.133,-9.570E-2
31.872,-0.132,-9.663E-2
31.890,-0.132,-9.713E-2
31.909,-0.132,-9.766E-2
31.928,-0.133,-9.833E-2
31.946,-0.133,-9.866E-2
31.965,-0.134,-9.933E-2
31.984,-0.134,-0.100
32.002,-0.135,-0.101
32.021,-0.135,-0.102
32.039,-0.136,-0.102
32.058,-0.136,-0.102
32.077,-0.137,-0.103
32.095,-0.137,-0.103
32.114,-0.138,-0.103
32.132,-0.138,-0.103
32.151,-0.138,-0.104
32.170,-0.138,-0.104
32.188,-0.139,-0.104
32.207,-0.139,-0.104
32.226,-0.139,-0.103
32.244,-0.139,-0.103
32.263,-0.139,-0.102
32.281,-0.139,-0.102
32.300,-0.140,-0.101
32.319,-0.140,-0.101
32.337,-0.140,-9.860E-2
32.356,-0.139,-0.101
32.374,-0.138,-0.101
32.393,-0.138,-0.101
32.412,-0.138,-0.101
32.430,-0.137,-0.102
32.449,-0.137,-0.102
32.468,-0.137,-0.102
32.486,-0.136,-0.103
32.505,-0.136,-0.103
32.523,-0.135,-0.103
32.542,-0.135,-0.104
32.561,-0.135,-0.104
32.579,-0.134,-0.105
32.598,-0.134,-0.105
32.616,-0.133,-0.105
32.635,-0.133,-0.105
32.654,-0.133,-0.105
32.672,-0.133,-0.105
32.691,-0.133,-0.106
32.710,-0.132,-0.106
32.728,-0.132,-0.106
32.747,-0.132,-0.105
32.765,-0.131,-0.105
32.784,-0.131,-0.104
32.803,-0.130,-0.103
32.821,-0.130,-0.102
32.840,-0.129,-0.101
32.859,-0.129,-9.996E-2
32.877,-0.128,-9.897E-2
32.896,-0.128,-9.794E-2
32.914,-0.127,-9.669E-2
32.933,-0.126,-9.539E-2
32.952,-0.126,-9.435E-2
32.970,-0.125,-9.345E-2
32.989,-0.125,-9.268E-2
33.007,-0.123,-9.241E-2
33.026,-0.123,-9.221E-2
33.045,-0.122,-9.185E-2
33.063,-0.122,-9.186E-2
33.082,-0.122,-9.148E-2
33.101,-0.122,-9.139E-2
33.119,-0.121,-9.107E-2
33.138,-0.121,-9.111E-2
33.156,-0.121,-9.123E-2
33.175,-0.121,-9.160E-2
33.194,-0.121,-9.180E-2
33.212,-0.121,-9.222E-2
33.231,-0.121,-9.235E-2
33.249,-0.121,-9.224E-2
33.268,-0.120,-9.197E-2
33.287,-0.120,-9.142E-2
33.305,-0.120,-9.084E-2
33.324,-0.120,-8.996E-2
33.343,-0.120,-8.939E-2
33.361,-0.120,-8.839E-2
33.380,-0.120,-8.746E-2
33.398,-0.121,-8.636E-2
33.417,-0.121,-8.557E-2
33.436,-0.121,-8.458E-2
33.454,-0.121,-8.386E-2
33.473,-0.121,-8.325E-2
33.491,-0.121,-8.265E-2
33.510,-0.121,-8.178E-2
33.529,-0.122,-8.132E-2
33.547,-0.122,-8.068E-2
33.566,-0.122,-7.997E-2
33.585,-0.122,-7.909E-2
33.603,-0.123,-7.827E-2
33.622,-0.123,-7.727E-2
33.640,-0.123,-7.643E-2
33.659,-0.123,-7.553E-2
33.678,-0.124,-7.473E-2
33.696,-0.124,-7.431E-2
33.715,-0.125,-7.353E-2
33.733,-0.125,-7.307E-2
33.752,-0.126,-7.221E-2
33.771,-0.126,-7.121E-2
33.789,-0.126,-7.058E-2
33.808,-0.126,-6.999E-2
33.827,-0.126,-7.005E-2
33.845,-0.127,-7.037E-2
33.864,-0.127,-7.136E-2
33.882,-0.127,-7.233E-2
33.901,-0.127,-7.356E-2
33.920,-0.127,-7.502E-2
33.938,-0.127,-7.668E-2
33.957,-0.127,-7.866E-2
33.976,-0.127,-8.083E-2
33.994,-0.127,-8.325E-2
34.013,-0.126,-8.546E-2
34.031,-0.127,-8.820E-2
34.050,-0.127,-9.082E-2
34.069,-0.127,-9.345E-2
34.087,-0.127,-9.586E-2
34.106,-0.127,-9.804E-2
34.124,-0.128,-0.100
34.143,-0.128,-0.102
34.162,-0.128,-0.103
34.180,-0.128,-0.104
34.199,-0.129,-0.105
34.218,-0.129,-0.107
34.236,-0.130,-0.107
34.255,-0.130,-0.108
34.273,-0.130,-0.109
34.292,-0.130,-0.108
34.311,-0.131,-0.109
34.329,-0.131,-0.110
34.348,-0.131,-0.111
34.366,-0.132,-0.111
34.385,-0.131,-0.111
34.404,-0.132,-0.112
34.422,-0.131,-0.111
34.441,-0.132,-0.112
34.460,-0.132,-0.112
34.478,-0.132,-0.112
34.497,-0.132,-0.111
34.515,-0.131,-0.110
34.534,-0.132,-0.110
34.553,-0.132,-0.109
34.571,-0.131,-0.109
34.590,-0.131,-0.109
34.608,-0.131,-0.108
34.627,-0.132,-0.109
34.646,-0.132,-0.109
34.664,-0.132,-0.109
34.683,-0.132,-0.109
34.702,-0.132,-0.110
34.720,-0.132,-0.110
34.739,-0.132,-0.111
34.757,-0.132,-0.111
34.776,-0.132,-0.112
34.795,-0.132,-0.114
34.813,-0.132,-0.115
34.832,-0.132,-0.116
34.850,-0.133,-0.117
34.869,-0.133,-0.117
34.888,-0.133,-0.117
34.906,-0.133,-0.116
34.925,-0.133,-0.114
34.944,-0.133,-0.114
34.962,-0.133,-0.113
34.981,-0.133,-0.112
34.999,-0.134,-0.112
35.018,-0.133,-0.111
35.037,-0.133,-0.111
35.055,-0.133,-0.112
35.074,-0.133,-0.112
35.093,-0.133,-0.112
35.111,-0.132,-0.111
35.130,-0.132,-0.111
35.148,-0.131,-0.111
35.167,-0.130,-0.111
35.186,-0.129,-0.111
35.204,-0.128,-0.112
35.223,-0.127,-0.112
35.241,-0.127,-0.113
35.260,-0.127,-0.113
35.279,-0.126,-0.111
35.297,-0.126,-0.111
35.316,-0.126,-0.111
35.335,-0.126,-0.112
35.353,-0.126,-0.112
35.372,-0.126,-0.112
35.390,-0.126,-0.112
35.409,-0.126,-0.112
35.428,-0.126,-0.112
35.446,-0.126,-0.112
35.465,-0.127,-0.112
35.483,-0.126,-0.110
35.502,-0.127,-0.111
35.521,-0.127,-0.112
35.539,-0.127,-0.112
35.558,-0.127,-0.110
35.577,-0.129,-0.111
35.595,-0.127,-0.111
35.614,-0.128,-0.112
35.632,-0.128,-0.112
35.651,-0.128,-0.112
35.670,-0.129,-0.112
35.688,-0.129,-0.112
35.707,-0.129,-0.111
35.725,-0.129,-0.111
35.744,-0.129,-0.110
35.763,-0.129,-0.110
35.781,-0.129,-0.109
35.800,-0.130,-0.109
35.819,-0.130,-0.108
35.837,-0.130,-0.108
35.856,-0.130,-0.108
35.874,-0.130,-0.107
35.893,-0.131,-0.107
35.912,-0.130,-0.105
35.930,-0.131,-0.105
35.949,-0.131,-0.104
35.967,-0.131,-0.103
35.986,-0.131,-0.102
36.005,-0.131,-0.101
36.023,-0.131,-0.100
36.042,-0.131,-9.923E-2
36.061,-0.131,-9.843E-2
36.079,-0.131,-9.802E-2
36.098,-0.131,-9.760E-2
36.116,-0.130,-9.692E-2
36.135,-0.130,-9.651E-2
36.154,-0.130,-9.585E-2
36.172,-0.130,-9.558E-2
36.191,-0.131,-9.522E-2
36.210,-0.131,-9.470E-2
36.228,-0.131,-9.423E-2
36.247,-0.131,-9.376E-2
36.265,-0.130,-9.334E-2
36.284,-0.130,-9.335E-2
36.303,-0.130,-9.380E-2
36.321,-0.130,-9.401E-2
36.340,-0.130,-9.421E-2
36.358,-0.131,-9.508E-2
36.377,-0.131,-9.589E-2
36.396,-0.130,-9.688E-2
36.414,-0.131,-9.832E-2
36.433,-0.131,-9.930E-2
36.452,-0.132,-0.100
36.470,-0.132,-0.101
36.489,-0.132,-0.102
36.507,-0.133,-0.104
36.526,-0.132,-0.105
36.545,-0.133,-0.107
36.563,-0.133,-0.109
36.582,-0.133,-0.110
36.600,-0.133,-0.112
36.619,-0.133,-0.113
36.638,-0.134,-0.114
36.656,-0.134,-0.115
36.675,-0.135,-0.116
36.694,-0.135,-0.116
36.712,-0.135,-0.116
36.731,-0.135,-0.116
36.749,-0.135,-0.116
36.768,-0.135,-0.117
36.787,-0.136,-0.117
36.805,-0.135,-0.117
36.824,-0.135,-0.117
36.842,-0.134,-0.117
36.861,-0.134,-0.116
36.880,-0.135,-0.117
36.898,-0.134,-0.116
36.917,-0.134,-0.115
36.936,-0.134,-0.114
36.954,-0.133,-0.114
36.973,-0.133,-0.114
36.991,-0.132,-0.113
37.010,-0.132,-0.113
37.029,-0.132,-0.113
37.047,-0.131,-0.112
37.066,-0.131,-0.112
37.084,-0.130,-0.112
37.103,-0.130,-0.112
37.122,-0.130,-0.113
37.140,-0.130,-0.112
37.159,-0.129,-0.112
37.178,-0.129,-0.112
37.196,-0.129,-0.111
37.215,-0.128,-0.110
37.233,-0.128,-0.111
37.252,-0.127,-0.110
37.271,-0.126,-0.108
37.289,-0.126,-0.108
37.308,-0.125,-0.106
37.327,-0.125,-0.106
37.345,-0.125,-0.106
37.364,-0.125,-0.105
37.382,-0.125,-0.104
37.401,-0.127,-0.103
37.420,-0.126,-0.102
37.438,-0.124,-0.101
37.457,-0.124,-0.101
37.475,-0.125,-0.102
37.494,-0.125,-0.102
37.513,-0.126,-0.101
37.531,-0.125,-0.101
37.550,-0.125,-0.101
37.569,-0.125,-0.101
37.587,-0.125,-0.101
37.606,-0.127,-0.101
37.624,-0.125,-9.970E-2
37.643,-0.126,-0.101
37.662,-0.126,-0.101
37.680,-0.127,-9.946E-2
37.699,-0.126,-0.101
37.717,-0.126,-9.981E-2
37.736,-0.126,-0.101
37.755,-0.126,-0.101
37.773,-0.127,-0.102
37.792,-0.126,-0.102
37.811,-0.126,-0.101
37.829,-0.127,-0.101
37.848,-0.127,-0.100
37.866,-0.126,-9.907E-2
37.885,-0.126,-9.716E-2
37.904,-0.126,-9.619E-2
37.922,-0.126,-9.494E-2
37.941,-0.126,-9.433E-2
37.959,-0.126,-9.265E-2
37.978,-0.126,-9.293E-2
37.997,-0.126,-9.159E-2
38.015,-0.126,-9.083E-2
38.034,-0.126,-9.022E-2
38.053,-0.126,-8.951E-2
38.071,-0.125,-8.889E-2
38.090,-0.126,-8.810E-2
38.108,-0.126,-8.757E-2
38.127,-0.125,-8.756E-2
38.146,-0.125,-8.714E-2
38.164,-0.126,-8.595E-2
38.183,-0.125,-8.668E-2
38.201,-0.125,-8.639E-2
38.220,-0.125,-8.619E-2
38.239,-0.127,-8.539E-2
38.257,-0.127,-8.533E-2
38.276,-0.127,-8.521E-2
38.295,-0.127,-8.528E-2
38.313,-0.128,-8.528E-2
38.332,-0.128,-8.541E-2
38.350,-0.128,-8.534E-2
38.369,-0.128,-8.605E-2
38.388,-0.128,-8.616E-2
38.406,-0.129,-8.651E-2
38.425,-0.129,-8.653E-2
38.444,-0.129,-8.693E-2
38.462,-0.130,-8.699E-2
38.481,-0.130,-8.710E-2
38.499,-0.130,-8.744E-2
38.518,-0.130,-8.761E-2
38.537,-0.130,-8.786E-2
38.555,-0.130,-8.796E-2
38.574,-0.131,-8.791E-2
38.592,-0.130,-8.788E-2
38.611,-0.131,-8.767E-2
38.630,-0.131,-8.754E-2
38.648,-0.132,-8.589E-2
38.667,-0.131,-8.658E-2
38.686,-0.131,-8.616E-2
38.704,-0.131,-8.603E-2
38.723,-0.131,-8.528E-2
38.741,-0.132,-8.544E-2
38.760,-0.131,-8.551E-2
38.779,-0.132,-8.567E-2
38.797,-0.133,-8.624E-2
38.816,-0.133,-8.698E-2
38.834,-0.133,-8.787E-2
38.853,-0.133,-8.852E-2
38.872,-0.132,-8.929E-2
38.890,-0.132,-9.023E-2
38.909,-0.132,-9.151E-2
38.928,-0.133,-9.283E-2
38.946,-0.133,-9.381E-2
38.965,-0.132,-9.470E-2
38.983,-0.132,-9.522E-2
39.002,-0.133,-9.598E-2
39.021,-0.132,-9.656E-2
39.039,-0.132,-9.757E-2
39.058,-0.132,-9.848E-2
39.076,-0.132,-9.922E-2
39.095,-0.132,-9.969E-2
39.114,-0.133,-0.100
39.132,-0.133,-0.100
39.151,-0.133,-0.101
39.170,-0.134,-0.101
39.188,-0.134,-0.100
39.207,-0.134,-9.970E-2
39.225,-0.134,-9.964E-2
39.244,-0.133,-9.770E-2
39.263,-0.134,-9.892E-2
39.281,-0.135,-9.847E-2
39.300,-0.136,-9.703E-2
39.319,-0.135,-9.825E-2
39.337,-0.135,-9.810E-2
39.356,-0.135,-9.795E-2
39.374,-0.135,-9.791E-2
39.393,-0.135,-9.784E-2
39.412,-0.134,-9.785E-2
39.430,-0.134,-9.841E-2
39.449,-0.134,-9.877E-2
39.467,-0.134,-9.929E-2
39.486,-0.134,-9.972E-2
39.505,-0.134,-0.101
39.523,-0.133,-0.101
39.542,-0.133,-0.102
39.561,-0.133,-0.102
39.579,-0.133,-0.103
39.598,-0.133,-0.104
39.616,-0.132,-0.104
39.635,-0.132,-0.105
39.654,-0.132,-0.106
39.672,-0.133,-0.106
39.691,-0.131,-0.107
39.709,-0.132,-0.107
39.728,-0.131,-0.107
39.747,-0.131,-0.108
39.765,-0.131,-0.108
39.784,-0.131,-0.108
39.803,-0.132,-0.108
39.821,-0.132,-0.109
39.840,-0.131,-0.109
39.858,-0.131,-0.109
39.877,-0.132,-0.108
39.896,-0.131,-0.109
39.914,-0.132,-0.108
39.933,-0.132,-0.108
39.951,-0.131,-0.106
39.970,-0.131,-0.107
39.989,-0.132,-0.107
40.007,-0.132,-0.106
40.026,-0.131,-0.106
40.045,-0.131,-0.106
40.063,-0.131,-0.106
40.082,-0.131,-0.106
40.100,-0.131,-0.106
40.119,-0.133,-0.105
40.138,-0.133,-0.105
40.156,-0.131,-0.105
40.175,-0.131,-0.105
40.193,-0.132,-0.105
40.212,-0.132,-0.105
40.231,-0.133,-0.104
40.249,-0.131,-0.105
40.268,-0.131,-0.105
40.287,-0.132,-0.105
40.305,-0.132,-0.105
40.324,-0.132,-0.105
40.342,-0.132,-0.105
40.361,-0.132,-0.105
40.380,-0.132,-0.104
40.398,-0.132,-0.104
40.417,-0.132,-0.104
40.436,-0.133,-0.104
40.454,-0.133,-0.103
40.473,-0.133,-0.103
40.491,-0.133,-0.103
40.510,-0.133,-0.102
40.529,-0.132,-0.102
40.547,-0.133,-0.102
40.566,-0.132,-0.101
40.584,-0.133,-0.101
40.603,-0.132,-0.101
40.622,-0.132,-0.101
40.640,-0.133,-0.101
40.659,-0.134,-0.101
40.678,-0.134,-0.101
40.696,-0.133,-0.101
40.715,-0.133,-0.101
40.733,-0.133,-0.101
40.752,-0.133,-0.101
40.771,-0.134,-0.101
40.789,-0.133,-0.100
40.808,-0.134,-0.100
40.826,-0.134,-0.100
40.845,-0.133,-9.988E-2
40.864,-0.134,-9.972E-2
40.882,-0.133,-9.953E-2
40.901,-0.134,-9.961E-2
40.920,-0.133,-9.851E-2
40.938,-0.134,-9.973E-2
40.957,-0.134,-0.100
40.975,-0.134,-0.100
40.994,-0.134,-0.101
41.013,-0.134,-0.102
41.031,-0.134,-0.102
41.050,-0.134,-0.102
41.068,-0.134,-0.103
41.087,-0.133,-0.103
41.106,-0.133,-0.104
41.124,-0.133,-0.104
41.143,-0.133,-0.104
41.162,-0.132,-0.104
41.180,-0.132,-0.103
41.199,-0.132,-0.103
41.217,-0.132,-0.103
41.236,-0.131,-0.103
41.255,-0.131,-0.102
41.273,-0.132,-0.102
41.292,-0.132,-0.102
41.310,-0.131,-0.102
41.329,-0.132,-0.102
41.348,-0.132,-0.102
41.366,-0.132,-0.103
41.385,-0.132,-0.103
41.404,-0.132,-0.103
41.422,-0.133,-0.103
41.441,-0.133,-0.104
41.459,-0.133,-0.104
41.478,-0.133,-0.105
41.497,-0.133,-0.105
41.515,-0.134,-0.106
41.534,-0.134,-0.106
41.553,-0.133,-0.106
41.571,-0.133,-0.106
41.590,-0.133,-0.107
41.608,-0.133,-0.107
41.627,-0.133,-0.108
41.646,-0.133,-0.109
41.664,-0.133,-0.109
41.683,-0.133,-0.110
41.701,-0.134,-0.110
41.720,-0.134,-0.110
41.739,-0.133,-0.110
41.757,-0.134,-0.110
41.776,-0.134,-0.110
41.795,-0.135,-0.110
41.813,-0.135,-0.110
41.832,-0.135,-0.109
41.850,-0.135,-0.108
41.869,-0.135,-0.108
41.888,-0.136,-0.107
41.906,-0.136,-0.106
41.925,-0.136,-0.106
41.943,-0.136,-0.105
41.962,-0.137,-0.105
41.981,-0.137,-0.104
41.999,-0.137,-0.104
42.018,-0.137,-0.103
42.037,-0.138,-0.103
42.055,-0.137,-0.103
42.074,-0.136,-0.103
42.092,-0.136,-0.104
42.111,-0.136,-0.105
42.130,-0.136,-0.106
42.148,-0.136,-0.107
42.167,-0.135,-0.108
42.185,-0.135,-0.110
42.204,-0.134,-0.112
42.223,-0.134,-0.114
42.241,-0.133,-0.117
42.260,-0.133,-0.119
42.279,-0.132,-0.122
42.297,-0.131,-0.125
42.316,-0.131,-0.127
42.334,-0.130,-0.128
42.353,-0.131,-0.128
42.372,-0.131,-0.127
42.390,-0.131,-0.126
42.409,-0.131,-0.125
42.427,-0.131,-0.123
42.446,-0.132,-0.124
42.465,-0.131,-0.121
42.483,-0.132,-0.122
42.502,-0.132,-0.121
42.521,-0.132,-0.119
42.539,-0.132,-0.118
42.558,-0.132,-0.117
42.576,-0.132,-0.116
42.595,-0.133,-0.114
42.614,-0.133,-0.113
42.632,-0.133,-0.112
42.651,-0.133,-0.111
42.670,-0.133,-0.110
42.688,-0.132,-0.110
42.707,-0.132,-0.109
42.725,-0.133,-0.110
42.744,-0.132,-0.108
42.763,-0.132,-0.109
42.781,-0.132,-0.109
42.800,-0.131,-0.108
42.818,-0.132,-0.108
42.837,-0.131,-0.109
42.856,-0.131,-0.108
42.874,-0.130,-0.107
42.893,-0.130,-0.106
42.912,-0.130,-0.106
42.930,-0.130,-0.105
42.949,-0.130,-0.105
42.967,-0.131,-0.104
42.986,-0.130,-0.104
43.005,-0.130,-0.104
43.023,-0.130,-0.104
43.042,-0.131,-0.104
43.060,-0.131,-0.105
43.079,-0.131,-0.105
43.098,-0.131,-0.105
43.116,-0.131,-0.106
43.135,-0.131,-0.106
43.154,-0.131,-0.106
43.172,-0.132,-0.107
43.191,-0.132,-0.108
43.209,-0.132,-0.108
43.228,-0.132,-0.109
43.247,-0.132,-0.110
43.265,-0.134,-0.110
43.284,-0.133,-0.111
43.302,-0.133,-0.112
43.321,-0.133,-0.112
43.340,-0.134,-0.112
43.358,-0.134,-0.113
43.377,-0.134,-0.114
43.396,-0.133,-0.114
43.414,-0.134,-0.115
43.433,-0.133,-0.115
43.451,-0.133,-0.116
43.470,-0.133,-0.116
43.489,-0.132,-0.116
43.507,-0.133,-0.116
43.526,-0.133,-0.116
43.544,-0.134,-0.116
43.563,-0.134,-0.117
43.582,-0.134,-0.117
43.600,-0.133,-0.116
43.619,-0.135,-0.117
43.638,-0.135,-0.116
43.656,-0.135,-0.115
43.675,-0.135,-0.115
43.693,-0.135,-0.113
43.712,-0.135,-0.113
43.731,-0.136,-0.112
43.749,-0.136,-0.112
43.768,-0.135,-0.111
43.787,-0.136,-0.111
43.805,-0.135,-0.111
43.824,-0.135,-0.111
43.842,-0.135,-0.112
43.861,-0.135,-0.111
43.880,-0.135,-0.111
43.898,-0.135,-0.111
43.917,-0.135,-0.110
43.935,-0.135,-0.110
43.954,-0.135,-0.110
43.973,-0.135,-0.110
43.991,-0.135,-0.111
44.010,-0.134,-0.111
44.029,-0.134,-0.112
44.047,-0.134,-0.112
44.066,-0.135,-0.113
44.084,-0.134,-0.114
44.103,-0.134,-0.115
44.122,-0.134,-0.116
44.140,-0.134,-0.117
44.159,-0.134,-0.118
44.177,-0.134,-0.118
44.196,-0.134,-0.118
44.215,-0.135,-0.119
44.233,-0.135,-0.119
44.252,-0.136,-0.120
44.271,-0.136,-0.120
44.289,-0.136,-0.120
44.308,-0.136,-0.120
44.326,-0.136,-0.120
44.345,-0.137,-0.120
44.364,-0.137,-0.119
44.382,-0.137,-0.118
44.401,-0.137,-0.118
44.419,-0.137,-0.118
44.438,-0.137,-0.118
44.457,-0.136,-0.117
44.475,-0.136,-0.118
44.494,-0.136,-0.118
44.513,-0.136,-0.118
44.531,-0.136,-0.118
44.550,-0.137,-0.119
44.568,-0.137,-0.119
44.587,-0.136,-0.119
44.606,-0.137,-0.119
44.624,-0.136,-0.119
44.643,-0.136,-0.119
44.661,-0.136,-0.120
44.680,-0.136,-0.121
44.699,-0.136,-0.121
44.717,-0.136,-0.122
44.736,-0.136,-0.122
