,mass A,,
t,x,y,
0.000,-0.134,-0.125
0.017,-0.134,-0.125
0.033,-0.134,-0.124
0.050,-0.134,-0.124
0.067,-0.134,-0.123
0.083,-0.133,-0.123
0.100,-0.134,-0.122
0.117,-0.134,-0.122
0.133,-0.134,-0.121
0.150,-0.134,-0.120
0.167,-0.134,-0.119
0.183,-0.135,-0.119
0.200,-0.135,-0.119
0.217,-0.135,-0.119
0.233,-0.135,-0.118
0.250,-0.136,-0.118
0.267,-0.135,-0.118
0.283,-0.135,-0.117
0.300,-0.135,-0.117
0.317,-0.136,-0.117
0.333,-0.136,-0.116
0.350,-0.135,-0.116
0.367,-0.136,-0.115
0.383,-0.136,-0.114
0.400,-0.136,-0.113
0.417,-0.136,-0.112
0.433,-0.135,-0.112
0.450,-0.135,-0.111
0.467,-0.135,-0.110
0.483,-0.135,-0.109
0.500,-0.135,-0.108
0.517,-0.135,-0.108
0.533,-0.134,-0.107
0.550,-0.134,-0.106
0.567,-0.133,-0.105
0.584,-0.133,-0.105
0.600,-0.133,-0.104
0.617,-0.133,-0.103
0.634,-0.133,-0.103
0.650,-0.132,-0.103
0.667,-0.132,-0.103
0.684,-0.132,-0.103
0.700,-0.132,-0.102
0.717,-0.132,-0.102
0.734,-0.132,-0.102
0.750,-0.132,-0.102
0.767,-0.132,-0.102
0.784,-0.133,-0.103
0.800,-0.133,-0.103
0.817,-0.133,-0.103
0.834,-0.133,-0.104
0.850,-0.133,-0.104
0.867,-0.134,-0.105
0.884,-0.134,-0.106
0.900,-0.134,-0.106
0.917,-0.134,-0.106
0.934,-0.135,-0.106
0.950,-0.135,-0.107
0.967,-0.135,-0.107
0.984,-0.135,-0.108
1.000,-0.135,-0.109
1.017,-0.136,-0.109
1.034,-0.136,-0.110
1.050,-0.136,-0.111
1.067,-0.136,-0.112
1.084,-0.136,-0.113
1.100,-0.136,-0.114
1.117,-0.136,-0.114
1.134,-0.136,-0.115
1.150,-0.136,-0.115
1.167,-0.136,-0.115
1.184,-0.136,-0.115
1.200,-0.136,-0.115
1.217,-0.136,-0.115
1.234,-0.136,-0.114
1.250,-0.136,-0.113
1.267,-0.136,-0.112
1.284,-0.136,-0.111
1.300,-0.136,-0.111
1.317,-0.136,-0.110
1.334,-0.136,-0.109
1.350,-0.136,-0.109
1.367,-0.135,-0.108
1.384,-0.135,-0.108
1.400,-0.136,-0.107
1.417,-0.135,-0.107
1.434,-0.135,-0.107
1.450,-0.135,-0.107
1.467,-0.134,-0.107
1.484,-0.135,-0.107
1.500,-0.135,-0.107
1.517,-0.135,-0.107
1.534,-0.135,-0.107
1.550,-0.135,-0.107
1.567,-0.135,-0.107
1.584,-0.135,-0.107
1.600,-0.135,-0.108
1.617,-0.135,-0.108
1.634,-0.135,-0.108
1.650,-0.135,-0.109
1.667,-0.135,-0.109
1.684,-0.135,-0.110
1.701,-0.135,-0.110
1.717,-0.135,-0.110
1.734,-0.135,-0.110
1.751,-0.135,-0.109
1.767,-0.136,-0.109
1.784,-0.136,-0.107
1.801,-0.136,-0.107
1.817,-0.136,-0.106
1.834,-0.136,-0.106
1.851,-0.136,-0.105
1.867,-0.136,-0.105
1.884,-0.136,-0.104
1.901,-0.137,-0.103
1.917,-0.137,-0.103
1.934,-0.137,-0.102
1.951,-0.137,-0.101
1.967,-0.137,-0.101
1.984,-0.137,-0.100
2.001,-0.137,-0.101
2.017,-0.137,-0.100
2.034,-0.137,-0.102
2.051,-0.137,-0.102
2.067,-0.136,-0.103
2.084,-0.136,-0.104
2.101,-0.136,-0.105
2.117,-0.136,-0.106
2.134,-0.136,-0.106
2.151,-0.135,-0.107
2.167,-0.136,-0.108
2.184,-0.136,-0.109
2.201,-0.136,-0.110
2.217,-0.136,-0.111
2.234,-0.136,-0.112
2.251,-0.136,-0.112
2.267,-0.136,-0.113
2.284,-0.136,-0.114
2.301,-0.136,-0.115
2.317,-0.136,-0.115
2.334,-0.136,-0.115
2.351,-0.136,-0.115
2.367,-0.136,-0.115
2.384,-0.136,-0.116
2.401,-0.137,-0.116
2.417,-0.137,-0.115
2.434,-0.138,-0.115
2.451,-0.137,-0.114
2.467,-0.137,-0.114
2.484,-0.138,-0.114
2.501,-0.138,-0.114
2.517,-0.138,-0.113
2.534,-0.138,-0.113
2.551,-0.138,-0.112
2.567,-0.138,-0.111
2.584,-0.138,-0.111
2.601,-0.139,-0.111
2.617,-0.139,-0.111
2.634,-0.139,-0.111
2.651,-0.139,-0.111
2.667,-0.140,-0.111
2.684,-0.140,-0.112
2.701,-0.140,-0.112
2.717,-0.141,-0.112
2.734,-0.141,-0.113
2.751,-0.142,-0.113
2.767,-0.142,-0.114
2.784,-0.142,-0.114
2.801,-0.142,-0.115
2.818,-0.142,-0.116
2.834,-0.142,-0.117
2.851,-0.142,-0.118
2.868,-0.141,-0.119
2.884,-0.141,-0.120
2.901,-0.141,-0.121
2.918,-0.141,-0.122
2.934,-0.141,-0.122
2.951,-0.141,-0.122
2.968,-0.141,-0.123
2.984,-0.140,-0.123
3.001,-0.140,-0.123
3.018,-0.140,-0.123
3.034,-0.140,-0.123
3.051,-0.140,-0.122
3.068,-0.139,-0.122
3.084,-0.139,-0.121
3.101,-0.139,-0.121
3.118,-0.139,-0.121
3.134,-0.139,-0.120
3.151,-0.138,-0.119
3.168,-0.139,-0.119
3.184,-0.138,-0.119
3.201,-0.138,-0.118
3.218,-0.138,-0.118
3.234,-0.138,-0.118
3.251,-0.138,-0.118
3.268,-0.138,-0.118
3.284,-0.138,-0.118
3.301,-0.138,-0.119
3.318,-0.138,-0.119
3.334,-0.138,-0.119
3.351,-0.138,-0.120
3.368,-0.138,-0.120
3.384,-0.138,-0.120
3.401,-0.138,-0.120
3.418,-0.138,-0.121
3.434,-0.138,-0.121
3.451,-0.138,-0.121
3.468,-0.138,-0.121
3.484,-0.138,-0.120
3.501,-0.138,-0.120
3.518,-0.138,-0.120
3.534,-0.138,-0.120
3.551,-0.138,-0.120
3.568,-0.138,-0.120
3.584,-0.138,-0.119
3.601,-0.138,-0.119
3.618,-0.138,-0.119
3.634,-0.138,-0.118
3.651,-0.138,-0.118
3.668,-0.138,-0.117
3.684,-0.138,-0.117
3.701,-0.138,-0.117
3.718,-0.138,-0.116
3.734,-0.138,-0.116
3.751,-0.138,-0.116
3.768,-0.138,-0.116
3.784,-0.138,-0.116
3.801,-0.138,-0.116
3.818,-0.138,-0.116
3.834,-0.139,-0.116
3.851,-0.138,-0.116
3.868,-0.139,-0.116
3.885,-0.139,-0.116
3.901,-0.139,-0.117
3.918,-0.139,-0.117
3.935,-0.139,-0.118
3.951,-0.139,-0.118
3.968,-0.139,-0.119
3.985,-0.139,-0.119
4.001,-0.139,-0.120
4.018,-0.139,-0.120
4.035,-0.139,-0.120
4.051,-0.138,-0.120
4.068,-0.139,-0.121
4.085,-0.139,-0.121
4.101,-0.138,-0.121
4.118,-0.138,-0.121
4.135,-0.138,-0.121
4.151,-0.138,-0.122
4.168,-0.138,-0.122
4.185,-0.138,-0.121
4.201,-0.138,-0.121
4.218,-0.138,-0.121
4.235,-0.138,-0.121
4.251,-0.139,-0.120
4.268,-0.138,-0.120
4.285,-0.139,-0.120
4.301,-0.139,-0.120
4.318,-0.139,-0.120
4.335,-0.139,-0.120
4.351,-0.139,-0.120
4.368,-0.139,-0.120
4.385,-0.140,-0.120
4.401,-0.140,-0.120
4.418,-0.140,-0.121
4.435,-0.140,-0.121
4.451,-0.141,-0.121
4.468,-0.141,-0.122
4.485,-0.141,-0.122
4.501,-0.142,-0.123
4.518,-0.142,-0.123
4.535,-0.142,-0.124
4.551,-0.143,-0.125
4.568,-0.143,-0.126
4.585,-0.143,-0.127
4.601,-0.143,-0.127
4.618,-0.143,-0.128
4.635,-0.143,-0.129
4.651,-0.144,-0.129
4.668,-0.144,-0.130
4.685,-0.143,-0.131
4.701,-0.143,-0.132
4.718,-0.144,-0.132
4.735,-0.143,-0.133
4.751,-0.143,-0.133
4.768,-0.143,-0.133
4.785,-0.143,-0.133
4.801,-0.143,-0.133
4.818,-0.142,-0.132
4.835,-0.142,-0.132
4.851,-0.142,-0.131
4.868,-0.142,-0.130
4.885,-0.141,-0.130
4.901,-0.141,-0.129
4.918,-0.140,-0.128
4.935,-0.140,-0.127
4.951,-0.139,-0.125
4.968,-0.139,-0.124
4.985,-0.138,-0.123
5.002,-0.138,-0.122
5.018,-0.137,-0.121
5.035,-0.137,-0.121
5.052,-0.136,-0.120
5.068,-0.136,-0.119
5.085,-0.135,-0.119
5.102,-0.135,-0.118
5.118,-0.135,-0.118
5.135,-0.135,-0.118
5.152,-0.135,-0.118
5.168,-0.135,-0.118
5.185,-0.135,-0.118
5.202,-0.135,-0.118
5.218,-0.135,-0.119
5.235,-0.135,-0.119
5.252,-0.135,-0.119
5.268,-0.135,-0.119
5.285,-0.135,-0.120
5.302,-0.136,-0.120
5.318,-0.136,-0.120
5.335,-0.136,-0.120
5.352,-0.136,-0.120
5.368,-0.136,-0.119
5.385,-0.136,-0.119
5.402,-0.137,-0.119
5.418,-0.137,-0.119
5.435,-0.136,-0.118
5.452,-0.137,-0.118
5.468,-0.137,-0.117
5.485,-0.137,-0.117
5.502,-0.137,-0.116
5.518,-0.137,-0.115
5.535,-0.137,-0.114
5.552,-0.137,-0.114
5.568,-0.137,-0.113
5.585,-0.137,-0.111
5.602,-0.136,-0.110
5.618,-0.136,-0.110
5.635,-0.136,-0.109
5.652,-0.136,-0.108
5.668,-0.136,-0.107
5.685,-0.135,-0.107
5.702,-0.135,-0.105
5.718,-0.135,-0.105
5.735,-0.134,-0.104
5.752,-0.134,-0.103
5.768,-0.134,-0.102
5.785,-0.133,-0.102
5.802,-0.133,-0.102
5.818,-0.133,-0.102
5.835,-0.133,-0.101
5.852,-0.133,-0.101
5.868,-0.132,-0.102
5.885,-0.132,-0.101
5.902,-0.132,-0.102
5.918,-0.132,-0.102
5.935,-0.132,-0.102
5.952,-0.131,-0.102
5.968,-0.131,-0.103
5.985,-0.131,-0.103
6.002,-0.131,-0.104
6.018,-0.130,-0.104
6.035,-0.130,-0.105
6.052,-0.130,-0.105
6.068,-0.129,-0.106
6.085,-0.129,-0.107
6.102,-0.130,-0.107
6.119,-0.130,-0.108
6.135,-0.130,-0.108
6.152,-0.130,-0.109
6.169,-0.130,-0.109
6.185,-0.131,-0.109
6.202,-0.131,-0.108
6.219,-0.131,-0.108
6.235,-0.131,-0.107
6.252,-0.130,-0.107
6.269,-0.130,-0.107
6.285,-0.131,-0.106
6.302,-0.131,-0.105
6.319,-0.131,-0.105
6.335,-0.131,-0.106
6.352,-0.131,-0.104
6.369,-0.131,-0.104
6.385,-0.132,-0.104
6.402,-0.132,-0.104
6.419,-0.132,-0.104
6.435,-0.132,-0.102
6.452,-0.132,-0.102
6.469,-0.132,-0.101
6.485,-0.133,-9.990E-2
6.502,-0.132,-9.917E-2
6.519,-0.132,-9.839E-2
6.535,-0.132,-9.783E-2
6.552,-0.132,-9.741E-2
6.569,-0.132,-9.672E-2
6.585,-0.132,-9.699E-2
6.602,-0.133,-9.692E-2
6.619,-0.133,-9.677E-2
6.635,-0.133,-9.689E-2
6.652,-0.133,-9.738E-2
6.669,-0.133,-9.781E-2
6.685,-0.134,-9.836E-2
6.702,-0.133,-9.877E-2
6.719,-0.134,-9.942E-2
6.735,-0.134,-9.987E-2
6.752,-0.134,-0.100
6.769,-0.135,-0.100
6.785,-0.135,-0.101
6.802,-0.135,-0.101
6.819,-0.135,-0.102
6.835,-0.135,-0.102
6.852,-0.135,-0.103
6.869,-0.135,-0.103
6.885,-0.135,-0.102
6.902,-0.134,-0.102
6.919,-0.134,-0.102
6.935,-0.134,-0.102
6.952,-0.134,-0.102
6.969,-0.133,-0.101
6.985,-0.134,-0.101
7.002,-0.133,-0.100
7.019,-0.133,-9.928E-2
7.035,-0.133,-9.840E-2
7.052,-0.133,-9.752E-2
7.069,-0.133,-9.675E-2
7.085,-0.133,-9.596E-2
7.102,-0.133,-9.556E-2
7.119,-0.133,-9.494E-2
7.135,-0.133,-9.467E-2
7.152,-0.133,-9.463E-2
7.169,-0.133,-9.453E-2
7.185,-0.133,-9.423E-2
7.202,-0.133,-9.388E-2
7.219,-0.133,-9.391E-2
7.236,-0.133,-9.419E-2
7.252,-0.133,-9.451E-2
7.269,-0.133,-9.478E-2
7.286,-0.133,-9.535E-2
7.302,-0.133,-9.579E-2
7.319,-0.133,-9.646E-2
7.336,-0.133,-9.691E-2
7.352,-0.133,-9.759E-2
7.369,-0.132,-9.843E-2
7.386,-0.132,-9.926E-2
7.402,-0.132,-0.100
7.419,-0.132,-0.101
7.436,-0.132,-0.103
7.452,-0.132,-0.104
7.469,-0.131,-0.105
7.486,-0.131,-0.106
7.502,-0.131,-0.107
7.519,-0.131,-0.107
7.536,-0.131,-0.108
7.552,-0.131,-0.109
7.569,-0.131,-0.109
7.586,-0.131,-0.109
7.602,-0.132,-0.109
7.619,-0.132,-0.109
7.636,-0.132,-0.109
7.652,-0.132,-0.108
7.669,-0.132,-0.107
7.686,-0.133,-0.106
7.702,-0.133,-0.106
7.719,-0.134,-0.105
7.736,-0.134,-0.105
7.752,-0.133,-0.105
7.769,-0.134,-0.105
7.786,-0.134,-0.105
7.802,-0.134,-0.105
7.819,-0.135,-0.105
7.836,-0.135,-0.105
7.852,-0.135,-0.105
7.869,-0.135,-0.106
7.886,-0.135,-0.106
7.902,-0.135,-0.106
7.919,-0.136,-0.107
7.936,-0.135,-0.107
7.952,-0.135,-0.108
7.969,-0.136,-0.108
7.986,-0.136,-0.109
8.002,-0.136,-0.109
8.019,-0.136,-0.110
8.036,-0.136,-0.110
8.052,-0.136,-0.110
8.069,-0.136,-0.111
8.086,-0.136,-0.111
8.102,-0.135,-0.111
8.119,-0.135,-0.111
8.136,-0.136,-0.111
8.152,-0.136,-0.112
8.169,-0.136,-0.112
8.186,-0.136,-0.111
8.202,-0.136,-0.111
8.219,-0.136,-0.111
8.236,-0.136,-0.112
8.252,-0.137,-0.112
8.269,-0.137,-0.112
8.286,-0.137,-0.113
8.302,-0.138,-0.113
8.319,-0.137,-0.113
8.336,-0.138,-0.114
8.353,-0.138,-0.114
8.369,-0.138,-0.115
8.386,-0.139,-0.115
8.403,-0.139,-0.115
8.419,-0.138,-0.116
8.436,-0.138,-0.117
8.453,-0.138,-0.117
8.469,-0.138,-0.118
8.486,-0.138,-0.118
8.503,-0.138,-0.119
8.519,-0.138,-0.119
8.536,-0.138,-0.119
8.553,-0.138,-0.119
8.569,-0.138,-0.119
8.586,-0.137,-0.119
8.603,-0.137,-0.118
8.619,-0.137,-0.118
8.636,-0.137,-0.118
8.653,-0.136,-0.119
8.669,-0.136,-0.119
8.686,-0.136,-0.119
8.703,-0.136,-0.118
8.719,-0.136,-0.118
8.736,-0.136,-0.118
8.753,-0.136,-0.118
8.769,-0.136,-0.118
8.786,-0.136,-0.118
8.803,-0.136,-0.118
8.819,-0.136,-0.118
8.836,-0.136,-0.118
8.853,-0.136,-0.118
8.869,-0.136,-0.118
8.886,-0.135,-0.117
8.903,-0.136,-0.117
8.919,-0.136,-0.117
8.936,-0.137,-0.117
8.953,-0.136,-0.117
8.969,-0.135,-0.117
8.986,-0.136,-0.117
9.003,-0.136,-0.117
9.019,-0.136,-0.117
9.036,-0.136,-0.116
9.053,-0.135,-0.116
9.069,-0.135,-0.116
9.086,-0.134,-0.116
9.103,-0.134,-0.116
9.119,-0.135,-0.116
9.136,-0.134,-0.116
9.153,-0.133,-0.116
9.169,-0.134,-0.115
9.186,-0.134,-0.114
9.203,-0.134,-0.113
9.219,-0.133,-0.113
9.236,-0.133,-0.112
9.253,-0.133,-0.111
9.269,-0.132,-0.111
9.286,-0.132,-0.110
9.303,-0.132,-0.109
9.319,-0.132,-0.108
9.336,-0.132,-0.107
9.353,-0.132,-0.106
9.369,-0.132,-0.105
9.386,-0.132,-0.105
9.403,-0.132,-0.105
9.420,-0.132,-0.104
9.436,-0.132,-0.104
9.453,-0.132,-0.103
9.470,-0.132,-0.103
9.486,-0.132,-0.102
9.503,-0.132,-0.102
9.520,-0.132,-0.103
9.536,-0.131,-0.103
9.553,-0.132,-0.104
9.570,-0.132,-0.104
9.586,-0.132,-0.104
9.603,-0.132,-0.105
9.620,-0.132,-0.106
9.636,-0.132,-0.106
9.653,-0.132,-0.107
9.670,-0.132,-0.107
9.686,-0.132,-0.108
9.703,-0.133,-0.108
9.720,-0.133,-0.108
9.736,-0.133,-0.108
9.753,-0.133,-0.108
9.770,-0.133,-0.108
9.786,-0.133,-0.108
9.803,-0.133,-0.107
9.820,-0.132,-0.106
9.836,-0.133,-0.105
9.853,-0.133,-0.105
9.870,-0.133,-0.104
9.886,-0.134,-0.103
9.903,-0.134,-0.103
9.920,-0.134,-0.102
9.936,-0.134,-0.102
9.953,-0.134,-0.102
9.970,-0.134,-0.102
9.986,-0.134,-0.102
10.003,-0.134,-0.102
10.020,-0.134,-0.102
10.036,-0.134,-0.103
10.053,-0.133,-0.103
10.070,-0.133,-0.103
10.086,-0.133,-0.103
10.103,-0.133,-0.104
10.120,-0.133,-0.104
10.136,-0.134,-0.103
10.153,-0.134,-0.104
10.170,-0.134,-0.103
10.186,-0.134,-0.103
10.203,-0.135,-0.103
10.220,-0.135,-0.103
10.236,-0.135,-0.103
10.253,-0.135,-0.103
10.270,-0.135,-0.103
10.286,-0.135,-0.105
10.303,-0.135,-0.104
10.320,-0.135,-0.103
10.336,-0.135,-0.103
10.353,-0.135,-0.103
10.370,-0.135,-0.103
10.386,-0.135,-0.103
10.403,-0.135,-0.102
10.420,-0.135,-0.102
10.436,-0.136,-0.103
10.453,-0.136,-0.102
10.470,-0.136,-0.102
10.486,-0.136,-0.102
10.503,-0.136,-0.101
10.520,-0.136,-0.101
10.537,-0.136,-0.101
10.553,-0.136,-0.101
10.570,-0.136,-0.101
10.587,-0.136,-0.101
10.603,-0.136,-0.101
10.620,-0.136,-0.100
10.637,-0.136,-0.100
10.653,-0.136,-0.100
10.670,-0.136,-0.100
10.687,-0.137,-0.101
10.703,-0.137,-0.102
10.720,-0.137,-0.102
10.737,-0.137,-0.103
10.753,-0.137,-0.104
10.770,-0.137,-0.105
10.787,-0.138,-0.106
10.803,-0.138,-0.106
10.820,-0.138,-0.107
10.837,-0.139,-0.108
10.853,-0.138,-0.109
10.870,-0.138,-0.110
10.887,-0.139,-0.110
10.903,-0.138,-0.111
10.920,-0.139,-0.111
10.937,-0.138,-0.112
10.953,-0.138,-0.112
10.970,-0.138,-0.112
10.987,-0.138,-0.112
11.003,-0.139,-0.112
11.020,-0.138,-0.112
11.037,-0.138,-0.112
11.053,-0.138,-0.113
11.070,-0.138,-0.113
11.087,-0.138,-0.112
11.103,-0.138,-0.112
11.120,-0.138,-0.112
11.137,-0.138,-0.111
11.153,-0.138,-0.110
11.170,-0.138,-0.109
11.187,-0.137,-0.108
11.203,-0.137,-0.107
11.220,-0.137,-0.106
11.237,-0.137,-0.106
11.253,-0.137,-0.106
11.270,-0.137,-0.105
11.287,-0.137,-0.105
11.303,-0.137,-0.104
11.320,-0.137,-0.104
11.337,-0.137,-0.104
11.353,-0.137,-0.103
11.370,-0.137,-0.103
11.387,-0.137,-0.103
11.403,-0.137,-0.104
11.420,-0.137,-0.104
11.437,-0.137,-0.105
11.453,-0.137,-0.105
11.470,-0.138,-0.106
11.487,-0.138,-0.107
11.503,-0.138,-0.107
11.520,-0.138,-0.108
11.537,-0.138,-0.109
11.553,-0.139,-0.110
11.570,-0.139,-0.111
11.587,-0.139,-0.112
11.603,-0.139,-0.113
11.620,-0.139,-0.113
11.637,-0.139,-0.114
11.654,-0.140,-0.114
11.670,-0.140,-0.115
11.687,-0.140,-0.115
11.704,-0.140,-0.116
11.720,-0.140,-0.116
11.737,-0.140,-0.117
11.754,-0.139,-0.118
11.770,-0.140,-0.118
11.787,-0.139,-0.119
11.804,-0.139,-0.120
11.820,-0.139,-0.120
11.837,-0.139,-0.120
11.854,-0.139,-0.121
11.870,-0.139,-0.121
11.887,-0.139,-0.121
11.904,-0.139,-0.121
11.920,-0.139,-0.121
11.937,-0.139,-0.121
11.954,-0.139,-0.120
11.970,-0.139,-0.120
11.987,-0.139,-0.120
12.004,-0.139,-0.120
12.020,-0.139,-0.119
12.037,-0.139,-0.119
12.054,-0.139,-0.119
12.070,-0.139,-0.118
12.087,-0.139,-0.119
12.104,-0.139,-0.119
12.120,-0.139,-0.120
12.137,-0.140,-0.120
12.154,-0.139,-0.119
12.170,-0.139,-0.119
12.187,-0.139,-0.119
12.204,-0.139,-0.119
12.220,-0.139,-0.119
12.237,-0.139,-0.119
12.254,-0.138,-0.119
12.270,-0.138,-0.119
12.287,-0.138,-0.119
12.304,-0.138,-0.119
12.320,-0.137,-0.119
12.337,-0.138,-0.118
12.354,-0.138,-0.118
12.370,-0.138,-0.117
12.387,-0.137,-0.117
12.404,-0.137,-0.116
12.420,-0.137,-0.116
12.437,-0.136,-0.115
12.454,-0.136,-0.115
12.470,-0.136,-0.114
12.487,-0.135,-0.113
12.504,-0.134,-0.113
12.520,-0.134,-0.112
12.537,-0.133,-0.112
12.554,-0.133,-0.111
12.570,-0.133,-0.111
12.587,-0.133,-0.111
12.604,-0.134,-0.111
12.620,-0.134,-0.112
12.637,-0.134,-0.112
12.654,-0.134,-0.112
12.670,-0.134,-0.113
12.687,-0.134,-0.113
12.704,-0.134,-0.114
12.720,-0.135,-0.114
12.737,-0.135,-0.114
12.754,-0.135,-0.114
12.771,-0.135,-0.115
12.787,-0.135,-0.115
12.804,-0.135,-0.115
12.821,-0.136,-0.116
12.837,-0.135,-0.116
12.854,-0.136,-0.116
12.871,-0.136,-0.117
12.887,-0.136,-0.117
12.904,-0.135,-0.117
12.921,-0.135,-0.117
12.937,-0.135,-0.117
12.954,-0.135,-0.117
12.971,-0.135,-0.117
12.987,-0.135,-0.116
13.004,-0.135,-0.115
13.021,-0.134,-0.114
13.037,-0.135,-0.112
13.054,-0.134,-0.111
13.071,-0.134,-0.111
13.087,-0.134,-0.109
13.104,-0.134,-0.108
13.121,-0.134,-0.107
13.137,-0.134,-0.106
13.154,-0.133,-0.106
13.171,-0.133,-0.105
13.187,-0.134,-0.104
13.204,-0.134,-0.104
13.221,-0.134,-0.104
13.237,-0.134,-0.103
13.254,-0.134,-0.103
13.271,-0.134,-0.103
13.287,-0.134,-0.103
13.304,-0.134,-0.103
13.321,-0.134,-0.103
13.337,-0.134,-0.104
13.354,-0.134,-0.104
13.371,-0.134,-0.105
13.387,-0.134,-0.106
13.404,-0.134,-0.106
13.421,-0.133,-0.107
13.437,-0.134,-0.107
13.454,-0.134,-0.108
13.471,-0.134,-0.109
13.487,-0.134,-0.110
13.504,-0.134,-0.110
13.521,-0.134,-0.110
13.537,-0.134,-0.111
13.554,-0.134,-0.111
13.571,-0.134,-0.110
13.587,-0.134,-0.110
13.604,-0.135,-0.110
13.621,-0.135,-0.110
13.637,-0.135,-0.110
13.654,-0.135,-0.109
13.671,-0.135,-0.109
13.687,-0.135,-0.109
13.704,-0.135,-0.109
13.721,-0.136,-0.108
13.737,-0.134,-0.109
13.754,-0.134,-0.109
13.771,-0.135,-0.108
13.787,-0.135,-0.109
13.804,-0.135,-0.109
13.821,-0.135,-0.109
13.837,-0.136,-0.109
13.854,-0.136,-0.109
13.871,-0.136,-0.109
13.888,-0.136,-0.110
13.904,-0.136,-0.110
13.921,-0.136,-0.111
13.938,-0.137,-0.111
13.954,-0.137,-0.112
13.971,-0.137,-0.112
13.988,-0.137,-0.113
14.004,-0.137,-0.114
14.021,-0.137,-0.115
14.038,-0.138,-0.115
14.054,-0.138,-0.116
14.071,-0.138,-0.117
14.088,-0.137,-0.118
14.104,-0.137,-0.119
14.121,-0.138,-0.119
14.138,-0.138,-0.119
14.154,-0.138,-0.120
14.171,-0.138,-0.120
14.188,-0.138,-0.121
14.204,-0.138,-0.120
14.221,-0.138,-0.120
14.238,-0.138,-0.121
14.254,-0.139,-0.121
14.271,-0.139,-0.121
14.288,-0.139,-0.121
14.304,-0.139,-0.121
14.321,-0.139,-0.120
14.338,-0.139,-0.120
14.354,-0.139,-0.120
14.371,-0.139,-0.119
14.388,-0.138,-0.119
14.404,-0.138,-0.118
14.421,-0.138,-0.118
14.438,-0.138,-0.117
14.454,-0.138,-0.117
14.471,-0.137,-0.116
14.488,-0.137,-0.116
14.504,-0.137,-0.116
14.521,-0.137,-0.115
14.538,-0.137,-0.115
14.554,-0.136,-0.115
14.571,-0.136,-0.114
14.588,-0.136,-0.114
14.604,-0.136,-0.114
14.621,-0.135,-0.114
14.638,-0.135,-0.114
14.654,-0.136,-0.114
14.671,-0.135,-0.113
14.688,-0.135,-0.113
14.704,-0.136,-0.113
14.721,-0.136,-0.114
14.738,-0.136,-0.114
14.754,-0.137,-0.114
14.771,-0.137,-0.115
14.788,-0.137,-0.115
14.804,-0.137,-0.115
14.821,-0.137,-0.116
14.838,-0.137,-0.116
14.854,-0.137,-0.116
14.871,-0.137,-0.117
14.888,-0.138,-0.117
14.904,-0.138,-0.117
14.921,-0.138,-0.117
14.938,-0.138,-0.117
14.954,-0.138,-0.117
14.971,-0.138,-0.117
14.988,-0.138,-0.117
15.005,-0.137,-0.117
15.021,-0.137,-0.117
15.038,-0.137,-0.117
15.055,-0.138,-0.116
15.071,-0.137,-0.115
15.088,-0.137,-0.115
15.105,-0.137,-0.113
15.121,-0.137,-0.112
15.138,-0.137,-0.111
15.155,-0.136,-0.110
15.171,-0.136,-0.109
15.188,-0.136,-0.108
15.205,-0.135,-0.107
15.221,-0.135,-0.106
15.238,-0.135,-0.106
15.255,-0.134,-0.105
15.271,-0.134,-0.104
15.288,-0.134,-0.103
15.305,-0.133,-0.102
15.321,-0.134,-0.102
15.338,-0.133,-0.101
15.355,-0.133,-0.101
15.371,-0.133,-0.101
15.388,-0.133,-0.101
15.405,-0.133,-0.100
15.421,-0.132,-0.100
15.438,-0.132,-0.100
15.455,-0.132,-0.100
15.471,-0.132,-0.100
15.488,-0.131,-0.101
15.505,-0.132,-0.101
15.521,-0.131,-0.101
15.538,-0.131,-0.102
15.555,-0.131,-0.102
15.571,-0.131,-0.102
15.588,-0.131,-0.102
15.605,-0.131,-0.102
15.621,-0.131,-0.101
15.638,-0.131,-0.101
15.655,-0.131,-0.101
15.671,-0.131,-0.101
15.688,-0.131,-0.101
15.705,-0.132,-0.101
15.721,-0.132,-0.101
15.738,-0.132,-0.101
15.755,-0.132,-0.101
15.771,-0.132,-0.101
15.788,-0.132,-0.101
15.805,-0.133,-0.101
15.821,-0.133,-0.101
15.838,-0.134,-0.101
15.855,-0.134,-0.102
15.871,-0.134,-0.102
15.888,-0.134,-0.103
15.905,-0.135,-0.103
15.921,-0.135,-0.103
15.938,-0.136,-0.104
15.955,-0.135,-0.105
15.971,-0.136,-0.105
15.988,-0.136,-0.106
16.005,-0.136,-0.106
16.021,-0.136,-0.107
16.038,-0.136,-0.107
16.055,-0.136,-0.108
16.072,-0.136,-0.108
16.088,-0.136,-0.109
16.105,-0.136,-0.109
16.122,-0.136,-0.108
16.138,-0.136,-0.108
16.155,-0.135,-0.108
16.172,-0.135,-0.107
16.188,-0.135,-0.107
16.205,-0.135,-0.106
16.222,-0.134,-0.105
16.238,-0.134,-0.104
16.255,-0.134,-0.103
16.272,-0.133,-0.102
16.288,-0.133,-0.101
16.305,-0.133,-0.101
16.322,-0.133,-9.964E-2
16.338,-0.133,-9.842E-2
16.355,-0.132,-9.774E-2
16.372,-0.132,-9.697E-2
16.388,-0.132,-9.609E-2
16.405,-0.132,-9.539E-2
16.422,-0.132,-9.482E-2
16.438,-0.131,-9.470E-2
16.455,-0.131,-9.424E-2
16.472,-0.131,-9.420E-2
16.488,-0.130,-9.426E-2
16.505,-0.131,-9.439E-2
16.522,-0.130,-9.428E-2
16.538,-0.130,-9.472E-2
16.555,-0.130,-9.472E-2
16.572,-0.130,-9.474E-2
16.588,-0.130,-9.498E-2
16.605,-0.131,-9.521E-2
16.622,-0.130,-9.561E-2
16.638,-0.130,-9.601E-2
16.655,-0.131,-9.605E-2
16.672,-0.131,-9.695E-2
16.688,-0.131,-9.743E-2
16.705,-0.131,-9.787E-2
16.722,-0.132,-9.840E-2
16.738,-0.131,-9.919E-2
16.755,-0.132,-9.933E-2
16.772,-0.132,-9.849E-2
16.788,-0.132,-9.969E-2
16.805,-0.132,-9.969E-2
16.822,-0.132,-0.100
16.838,-0.132,-0.100
16.855,-0.132,-0.100
16.872,-0.133,-0.100
16.888,-0.134,-9.960E-2
16.905,-0.134,-9.914E-2
16.922,-0.134,-9.889E-2
16.938,-0.135,-9.869E-2
16.955,-0.135,-9.834E-2
16.972,-0.135,-9.838E-2
16.988,-0.135,-9.827E-2
17.005,-0.135,-9.839E-2
17.022,-0.135,-9.843E-2
17.038,-0.135,-9.876E-2
17.055,-0.135,-9.875E-2
17.072,-0.135,-9.923E-2
17.088,-0.135,-9.949E-2
17.105,-0.135,-0.100
17.122,-0.135,-0.101
17.138,-0.135,-0.101
17.155,-0.135,-0.102
17.172,-0.135,-0.102
17.189,-0.135,-0.103
17.205,-0.135,-0.104
17.222,-0.135,-0.104
17.239,-0.135,-0.105
17.255,-0.136,-0.105
17.272,-0.135,-0.106
17.289,-0.136,-0.106
17.305,-0.136,-0.106
17.322,-0.136,-0.106
17.339,-0.136,-0.106
17.355,-0.136,-0.106
17.372,-0.136,-0.106
17.389,-0.135,-0.106
17.405,-0.135,-0.106
17.422,-0.135,-0.106
17.439,-0.135,-0.106
17.455,-0.135,-0.105
17.472,-0.135,-0.105
17.489,-0.135,-0.104
17.505,-0.135,-0.103
17.522,-0.135,-0.102
17.539,-0.135,-0.102
17.555,-0.135,-0.101
17.572,-0.135,-0.100
17.589,-0.135,-9.968E-2
17.605,-0.134,-9.922E-2
17.622,-0.135,-9.845E-2
17.639,-0.135,-9.823E-2
17.655,-0.135,-9.787E-2
17.672,-0.134,-9.781E-2
17.689,-0.134,-9.751E-2
17.705,-0.134,-9.747E-2
17.722,-0.134,-9.776E-2
17.739,-0.134,-9.797E-2
17.755,-0.134,-9.835E-2
17.772,-0.134,-9.868E-2
17.789,-0.133,-9.925E-2
17.805,-0.133,-9.967E-2
17.822,-0.133,-0.100
17.839,-0.133,-0.101
17.855,-0.133,-0.101
17.872,-0.133,-0.102
17.889,-0.133,-0.102
17.905,-0.133,-0.102
17.922,-0.133,-0.102
17.939,-0.133,-0.103
17.955,-0.133,-0.103
17.972,-0.133,-0.103
17.989,-0.133,-0.103
18.005,-0.133,-0.103
18.022,-0.133,-0.103
18.039,-0.133,-0.104
18.055,-0.134,-0.103
18.072,-0.133,-0.104
18.089,-0.133,-0.103
18.105,-0.133,-0.103
18.122,-0.133,-0.102
18.139,-0.133,-0.102
18.155,-0.133,-0.101
18.172,-0.134,-0.100
18.189,-0.134,-9.931E-2
18.205,-0.134,-9.871E-2
18.222,-0.134,-9.836E-2
18.239,-0.134,-9.837E-2
18.255,-0.134,-9.847E-2
18.272,-0.133,-9.922E-2
18.289,-0.133,-9.968E-2
18.306,-0.133,-0.100
18.322,-0.133,-0.101
18.339,-0.133,-0.101
18.356,-0.134,-0.101
18.372,-0.134,-0.101
18.389,-0.134,-0.101
18.406,-0.133,-0.102
18.422,-0.133,-0.103
18.439,-0.134,-0.103
18.456,-0.134,-0.104
18.472,-0.134,-0.104
18.489,-0.134,-0.105
18.506,-0.134,-0.106
18.522,-0.134,-0.107
18.539,-0.134,-0.108
18.556,-0.134,-0.109
18.572,-0.134,-0.109
18.589,-0.135,-0.110
18.606,-0.135,-0.110
18.622,-0.136,-0.110
18.639,-0.136,-0.110
18.656,-0.136,-0.111
18.672,-0.136,-0.112
18.689,-0.136,-0.112
18.706,-0.136,-0.112
18.722,-0.137,-0.112
18.739,-0.136,-0.113
18.756,-0.137,-0.113
18.772,-0.136,-0.113
18.789,-0.136,-0.113
18.806,-0.136,-0.113
18.822,-0.136,-0.112
18.839,-0.137,-0.112
18.856,-0.136,-0.112
18.872,-0.136,-0.112
18.889,-0.135,-0.112
18.906,-0.136,-0.111
18.922,-0.136,-0.111
18.939,-0.136,-0.111
18.956,-0.136,-0.112
18.972,-0.136,-0.112
18.989,-0.136,-0.112
19.006,-0.137,-0.112
19.022,-0.137,-0.113
19.039,-0.138,-0.113
19.056,-0.138,-0.113
19.072,-0.138,-0.114
19.089,-0.138,-0.114
19.106,-0.139,-0.114
19.122,-0.139,-0.115
19.139,-0.139,-0.115
19.156,-0.139,-0.115
19.172,-0.140,-0.115
19.189,-0.140,-0.116
19.206,-0.140,-0.116
19.222,-0.140,-0.116
19.239,-0.140,-0.117
19.256,-0.140,-0.117
19.272,-0.140,-0.118
19.289,-0.140,-0.119
19.306,-0.140,-0.119
19.322,-0.140,-0.120
19.339,-0.140,-0.120
19.356,-0.140,-0.120
19.372,-0.139,-0.120
19.389,-0.139,-0.120
19.406,-0.139,-0.120
19.423,-0.138,-0.120
19.439,-0.138,-0.121
19.456,-0.138,-0.121
19.473,-0.137,-0.122
19.489,-0.137,-0.121
19.506,-0.136,-0.121
19.523,-0.136,-0.121
19.539,-0.136,-0.121
19.556,-0.135,-0.120
19.573,-0.134,-0.119
19.589,-0.133,-0.118
19.606,-0.134,-0.117
19.623,-0.133,-0.116
19.639,-0.133,-0.115
19.656,-0.133,-0.114
19.673,-0.133,-0.112
19.689,-0.133,-0.111
19.706,-0.133,-0.111
19.723,-0.133,-0.110
19.739,-0.133,-0.110
19.756,-0.133,-0.109
19.773,-0.133,-0.108
19.789,-0.133,-0.108
19.806,-0.132,-0.107
19.823,-0.133,-0.106
19.839,-0.133,-0.105
19.856,-0.132,-0.104
19.873,-0.132,-0.104
19.889,-0.132,-0.103
19.906,-0.132,-0.103
19.923,-0.132,-0.102
19.939,-0.131,-0.101
19.956,-0.131,-0.101
19.973,-0.131,-9.976E-2
19.989,-0.131,-9.892E-2
20.006,-0.130,-9.804E-2
20.023,-0.130,-9.694E-2
20.039,-0.129,-9.613E-2
20.056,-0.130,-9.470E-2
20.073,-0.129,-9.390E-2
20.089,-0.130,-9.270E-2
20.106,-0.129,-9.160E-2
20.123,-0.130,-9.014E-2
20.139,-0.130,-8.886E-2
20.156,-0.130,-8.786E-2
20.173,-0.130,-8.668E-2
20.189,-0.130,-8.618E-2
20.206,-0.130,-8.573E-2
20.223,-0.131,-8.486E-2
20.239,-0.131,-8.449E-2
20.256,-0.131,-8.439E-2
20.273,-0.131,-8.431E-2
20.289,-0.131,-8.431E-2
20.306,-0.131,-8.445E-2
20.323,-0.131,-8.460E-2
20.339,-0.130,-8.483E-2
20.356,-0.131,-8.470E-2
20.373,-0.131,-8.479E-2
20.389,-0.131,-8.492E-2
20.406,-0.130,-8.542E-2
20.423,-0.131,-8.574E-2
20.439,-0.129,-8.668E-2
20.456,-0.130,-8.717E-2
20.473,-0.129,-8.772E-2
20.489,-0.129,-8.860E-2
20.506,-0.128,-8.936E-2
20.523,-0.127,-9.017E-2
20.540,-0.128,-9.049E-2
20.556,-0.128,-9.042E-2
20.573,-0.127,-9.036E-2
20.590,-0.127,-9.033E-2
20.606,-0.127,-8.980E-2
20.623,-0.127,-8.940E-2
20.640,-0.128,-8.856E-2
20.656,-0.128,-8.749E-2
20.673,-0.129,-8.633E-2
20.690,-0.129,-8.572E-2
20.706,-0.129,-8.428E-2
20.723,-0.130,-8.311E-2
20.740,-0.131,-8.163E-2
20.756,-0.131,-8.080E-2
20.773,-0.131,-7.984E-2
20.790,-0.132,-7.940E-2
20.806,-0.132,-7.906E-2
20.823,-0.132,-7.933E-2
20.840,-0.132,-7.981E-2
20.856,-0.132,-8.032E-2
20.873,-0.131,-8.117E-2
20.890,-0.131,-8.206E-2
20.906,-0.131,-8.292E-2
20.923,-0.131,-8.387E-2
20.940,-0.131,-8.484E-2
20.956,-0.131,-8.611E-2
20.973,-0.131,-8.696E-2
20.990,-0.131,-8.786E-2
21.006,-0.131,-8.892E-2
21.023,-0.131,-9.013E-2
21.040,-0.131,-9.156E-2
21.056,-0.132,-9.246E-2
21.073,-0.132,-9.398E-2
21.090,-0.132,-9.528E-2
21.106,-0.133,-9.647E-2
21.123,-0.132,-9.781E-2
21.140,-0.133,-9.899E-2
21.156,-0.133,-0.100
21.173,-0.133,-0.101
21.190,-0.134,-0.101
21.206,-0.134,-0.101
21.223,-0.134,-0.101
21.240,-0.134,-9.980E-2
21.256,-0.134,-9.880E-2
21.273,-0.134,-9.780E-2
21.290,-0.134,-9.692E-2
21.306,-0.134,-9.605E-2
21.323,-0.134,-9.513E-2
21.340,-0.134,-9.474E-2
21.356,-0.134,-9.424E-2
21.373,-0.134,-9.382E-2
21.390,-0.134,-9.332E-2
21.406,-0.133,-9.287E-2
21.423,-0.134,-9.240E-2
21.440,-0.133,-9.244E-2
21.456,-0.134,-9.247E-2
21.473,-0.133,-9.248E-2
21.490,-0.133,-9.280E-2
21.506,-0.134,-9.286E-2
21.523,-0.133,-9.328E-2
21.540,-0.133,-9.369E-2
21.556,-0.133,-9.401E-2
21.573,-0.133,-9.469E-2
21.590,-0.133,-9.540E-2
21.607,-0.132,-9.622E-2
21.623,-0.132,-9.743E-2
21.640,-0.131,-9.881E-2
21.657,-0.131,-0.100
21.673,-0.131,-0.102
21.690,-0.130,-0.103
21.707,-0.131,-0.104
21.723,-0.131,-0.105
21.740,-0.131,-0.106
21.757,-0.130,-0.106
21.773,-0.131,-0.106
21.790,-0.131,-0.107
21.807,-0.131,-0.107
21.823,-0.131,-0.107
21.840,-0.131,-0.108
21.857,-0.131,-0.108
21.873,-0.131,-0.108
21.890,-0.131,-0.108
21.907,-0.131,-0.108
21.923,-0.131,-0.108
21.940,-0.131,-0.107
21.957,-0.131,-0.107
21.973,-0.131,-0.106
21.990,-0.131,-0.106
22.007,-0.130,-0.105
22.023,-0.130,-0.104
22.040,-0.130,-0.104
22.057,-0.130,-0.104
22.073,-0.129,-0.104
22.090,-0.129,-0.103
22.107,-0.129,-0.103
22.123,-0.128,-0.103
22.140,-0.128,-0.103
22.157,-0.128,-0.102
22.173,-0.128,-0.102
22.190,-0.129,-0.101
22.207,-0.129,-0.101
22.223,-0.129,-0.101
22.240,-0.128,-0.100
22.257,-0.128,-9.979E-2
22.273,-0.129,-9.927E-2
22.290,-0.129,-9.888E-2
22.307,-0.129,-9.857E-2
22.323,-0.129,-9.847E-2
22.340,-0.129,-9.849E-2
22.357,-0.130,-9.897E-2
22.373,-0.129,-9.947E-2
22.390,-0.129,-0.100
22.407,-0.129,-0.101
22.423,-0.129,-0.101
22.440,-0.129,-0.102
22.457,-0.129,-0.102
22.473,-0.129,-0.102
22.490,-0.129,-0.102
22.507,-0.130,-0.102
22.523,-0.129,-0.102
22.540,-0.129,-0.102
22.557,-0.130,-0.102
22.573,-0.130,-0.101
22.590,-0.130,-0.101
22.607,-0.130,-0.102
22.623,-0.130,-0.102
22.640,-0.130,-0.102
22.657,-0.130,-0.102
22.673,-0.131,-0.102
22.690,-0.131,-0.102
22.707,-0.131,-0.102
22.724,-0.130,-0.102
22.740,-0.131,-0.101
22.757,-0.131,-0.101
22.774,-0.131,-0.101
22.790,-0.132,-0.101
22.807,-0.132,-0.101
22.824,-0.131,-0.101
22.840,-0.131,-0.101
22.857,-0.132,-0.101
22.874,-0.132,-0.101
22.890,-0.131,-0.101
22.907,-0.132,-0.101
22.924,-0.132,-0.101
22.940,-0.132,-0.101
22.957,-0.132,-0.101
22.974,-0.132,-0.101
22.990,-0.132,-0.100
23.007,-0.132,-0.100
23.024,-0.133,-9.974E-2
23.040,-0.133,-9.932E-2
23.057,-0.133,-9.927E-2
23.074,-0.132,-9.921E-2
23.090,-0.133,-9.884E-2
23.107,-0.133,-9.873E-2
23.124,-0.133,-9.880E-2
23.140,-0.133,-9.875E-2
23.157,-0.133,-9.886E-2
23.174,-0.133,-9.882E-2
23.190,-0.133,-9.883E-2
23.207,-0.133,-9.873E-2
23.224,-0.133,-9.902E-2
23.240,-0.133,-9.887E-2
23.257,-0.133,-9.917E-2
23.274,-0.133,-9.919E-2
23.290,-0.133,-9.918E-2
23.307,-0.134,-9.921E-2
23.324,-0.133,-9.930E-2
23.340,-0.133,-9.935E-2
23.357,-0.134,-9.930E-2
23.374,-0.133,-9.964E-2
23.390,-0.133,-9.968E-2
23.407,-0.133,-9.968E-2
23.424,-0.134,-9.973E-2
23.440,-0.133,-0.100
23.457,-0.133,-0.100
23.474,-0.133,-0.100
23.490,-0.133,-0.100
23.507,-0.133,-0.100
23.524,-0.132,-0.101
23.540,-0.133,-0.101
23.557,-0.132,-0.101
23.574,-0.132,-0.101
23.590,-0.132,-0.102
23.607,-0.131,-0.102
23.624,-0.131,-0.102
23.640,-0.131,-0.102
23.657,-0.131,-0.102
23.674,-0.130,-0.102
23.690,-0.130,-0.101
23.707,-0.129,-9.972E-2
23.724,-0.129,-9.847E-2
23.740,-0.129,-9.745E-2
23.757,-0.129,-9.623E-2
23.774,-0.129,-9.521E-2
23.790,-0.128,-9.470E-2
23.807,-0.129,-9.389E-2
23.824,-0.129,-9.343E-2
23.841,-0.128,-9.307E-2
23.857,-0.128,-9.299E-2
23.874,-0.128,-9.274E-2
23.891,-0.128,-9.265E-2
23.907,-0.128,-9.252E-2
23.924,-0.127,-9.240E-2
23.941,-0.128,-9.217E-2
23.957,-0.127,-9.206E-2
23.974,-0.127,-9.148E-2
23.991,-0.128,-9.166E-2
24.007,-0.127,-9.202E-2
24.024,-0.128,-9.203E-2
24.041,-0.128,-9.209E-2
24.057,-0.128,-9.245E-2
24.074,-0.128,-9.246E-2
24.091,-0.128,-9.242E-2
24.107,-0.129,-9.245E-2
24.124,-0.129,-9.245E-2
24.141,-0.129,-9.274E-2
24.157,-0.129,-9.298E-2
24.174,-0.129,-9.334E-2
24.191,-0.129,-9.331E-2
24.207,-0.129,-9.340E-2
24.224,-0.129,-9.334E-2
24.241,-0.130,-9.337E-2
24.257,-0.130,-9.298E-2
24.274,-0.131,-9.297E-2
24.291,-0.131,-9.284E-2
24.307,-0.131,-9.288E-2
24.324,-0.131,-9.288E-2
24.341,-0.132,-9.242E-2
24.357,-0.132,-9.251E-2
24.374,-0.133,-9.241E-2
24.391,-0.133,-9.205E-2
24.407,-0.133,-9.201E-2
24.424,-0.132,-9.239E-2
24.441,-0.133,-9.246E-2
24.457,-0.133,-9.239E-2
24.474,-0.133,-9.240E-2
24.491,-0.133,-9.222E-2
24.507,-0.133,-9.201E-2
24.524,-0.134,-9.199E-2
24.541,-0.134,-9.205E-2
24.557,-0.134,-9.201E-2
24.574,-0.134,-9.201E-2
24.591,-0.134,-9.235E-2
24.607,-0.134,-9.295E-2
24.624,-0.134,-9.371E-2
24.641,-0.134,-9.418E-2
24.657,-0.134,-9.481E-2
24.674,-0.133,-9.557E-2
24.691,-0.134,-9.650E-2
24.707,-0.134,-9.756E-2
24.724,-0.134,-9.891E-2
24.741,-0.133,-0.101
24.757,-0.133,-0.102
24.774,-0.133,-0.104
24.791,-0.133,-0.106
24.807,-0.132,-0.108
24.824,-0.132,-0.109
24.841,-0.133,-0.111
24.857,-0.133,-0.112
24.874,-0.133,-0.113
24.891,-0.133,-0.114
24.907,-0.133,-0.115
24.924,-0.133,-0.115
24.941,-0.133,-0.115
24.958,-0.134,-0.115
24.974,-0.134,-0.115
24.991,-0.134,-0.115
25.008,-0.135,-0.114
25.024,-0.135,-0.114
25.041,-0.135,-0.113
25.058,-0.135,-0.113
25.074,-0.135,-0.112
25.091,-0.136,-0.112
25.108,-0.136,-0.111
25.124,-0.136,-0.111
25.141,-0.135,-0.111
25.158,-0.135,-0.111
25.174,-0.135,-0.111
25.191,-0.135,-0.111
25.208,-0.135,-0.112
25.224,-0.135,-0.112
25.241,-0.135,-0.112
25.258,-0.135,-0.113
25.274,-0.135,-0.113
25.291,-0.135,-0.114
25.308,-0.135,-0.114
25.324,-0.135,-0.115
25.341,-0.136,-0.116
25.358,-0.137,-0.116
25.374,-0.136,-0.117
25.391,-0.137,-0.117
25.408,-0.137,-0.118
25.424,-0.137,-0.118
25.441,-0.138,-0.118
25.458,-0.137,-0.119
25.474,-0.138,-0.119
25.491,-0.137,-0.119
25.508,-0.138,-0.118
25.524,-0.138,-0.118
25.541,-0.137,-0.118
25.558,-0.137,-0.117
25.574,-0.137,-0.116
25.591,-0.137,-0.115
25.608,-0.137,-0.114
25.624,-0.137,-0.113
25.641,-0.136,-0.112
25.658,-0.137,-0.111
25.674,-0.136,-0.110
25.691,-0.136,-0.109
25.708,-0.135,-0.109
25.724,-0.135,-0.108
25.741,-0.134,-0.108
25.758,-0.134,-0.107
25.774,-0.134,-0.107
25.791,-0.133,-0.106
25.808,-0.132,-0.106
25.824,-0.132,-0.105
25.841,-0.131,-0.105
25.858,-0.131,-0.104
25.874,-0.130,-0.104
25.891,-0.130,-0.104
25.908,-0.129,-0.104
25.924,-0.128,-0.104
25.941,-0.128,-0.103
25.958,-0.127,-0.103
25.974,-0.127,-0.103
25.991,-0.126,-0.103
26.008,-0.126,-0.102
26.024,-0.126,-0.101
26.041,-0.126,-9.971E-2
26.058,-0.126,-9.885E-2
26.075,-0.126,-9.804E-2
26.091,-0.126,-9.716E-2
26.108,-0.127,-9.624E-2
26.125,-0.127,-9.540E-2
26.141,-0.127,-9.448E-2
26.158,-0.127,-9.357E-2
26.175,-0.127,-9.257E-2
26.191,-0.127,-9.206E-2
26.208,-0.128,-9.123E-2
26.225,-0.127,-9.119E-2
26.241,-0.128,-9.072E-2
26.258,-0.128,-9.067E-2
26.275,-0.129,-9.087E-2
26.291,-0.129,-9.112E-2
26.308,-0.129,-9.128E-2
26.325,-0.129,-9.155E-2
26.341,-0.130,-9.165E-2
26.358,-0.131,-9.163E-2
26.375,-0.131,-9.203E-2
26.391,-0.131,-9.243E-2
26.408,-0.132,-9.296E-2
26.425,-0.132,-9.335E-2
26.441,-0.132,-9.428E-2
26.458,-0.133,-9.477E-2
26.475,-0.133,-9.523E-2
26.491,-0.134,-9.578E-2
26.508,-0.134,-9.604E-2
26.525,-0.134,-9.644E-2
26.541,-0.134,-9.652E-2
26.558,-0.134,-9.708E-2
26.575,-0.135,-9.750E-2
26.591,-0.135,-9.787E-2
26.608,-0.135,-9.791E-2
26.625,-0.135,-9.823E-2
26.641,-0.135,-9.827E-2
26.658,-0.135,-9.836E-2
26.675,-0.135,-9.827E-2
26.691,-0.135,-9.780E-2
26.708,-0.135,-9.734E-2
26.725,-0.136,-9.659E-2
26.741,-0.135,-9.577E-2
26.758,-0.135,-9.511E-2
26.775,-0.136,-9.421E-2
26.791,-0.136,-9.369E-2
26.808,-0.136,-9.284E-2
26.825,-0.136,-9.198E-2
26.841,-0.136,-9.148E-2
26.858,-0.137,-9.070E-2
26.875,-0.137,-9.041E-2
26.891,-0.136,-9.012E-2
26.908,-0.137,-9.003E-2
26.925,-0.136,-9.001E-2
26.941,-0.137,-8.968E-2
26.958,-0.137,-8.967E-2
26.975,-0.137,-8.969E-2
26.991,-0.137,-9.033E-2
27.008,-0.137,-9.129E-2
27.025,-0.137,-9.289E-2
27.041,-0.137,-9.457E-2
27.058,-0.136,-9.638E-2
27.075,-0.136,-9.836E-2
27.091,-0.135,-0.101
27.108,-0.134,-0.103
27.125,-0.134,-0.105
27.142,-0.134,-0.107
27.158,-0.133,-0.108
27.175,-0.133,-0.109
27.192,-0.133,-0.110
27.208,-0.132,-0.110
27.225,-0.132,-0.110
27.242,-0.132,-0.109
27.258,-0.132,-0.108
27.275,-0.132,-0.108
27.292,-0.130,-0.108
27.308,-0.131,-0.107
27.325,-0.131,-0.107
27.342,-0.131,-0.106
27.358,-0.131,-0.106
27.375,-0.130,-0.105
27.392,-0.130,-0.104
27.408,-0.130,-0.104
27.425,-0.130,-0.102
27.442,-0.130,-0.102
27.458,-0.129,-0.101
27.475,-0.129,-0.101
27.492,-0.129,-0.101
27.508,-0.129,-0.100
27.525,-0.129,-9.990E-2
27.542,-0.129,-9.979E-2
27.558,-0.129,-9.900E-2
27.575,-0.129,-9.891E-2
27.592,-0.129,-9.848E-2
27.608,-0.129,-9.840E-2
27.625,-0.129,-9.839E-2
27.642,-0.130,-9.807E-2
27.658,-0.130,-9.799E-2
27.675,-0.130,-9.752E-2
27.692,-0.130,-9.699E-2
27.708,-0.130,-9.613E-2
27.725,-0.130,-9.564E-2
27.742,-0.130,-9.522E-2
27.758,-0.130,-9.517E-2
27.775,-0.130,-9.493E-2
27.792,-0.130,-9.521E-2
27.808,-0.131,-9.519E-2
27.825,-0.130,-9.561E-2
27.842,-0.131,-9.585E-2
27.858,-0.130,-9.613E-2
27.875,-0.130,-9.655E-2
27.892,-0.131,-9.669E-2
27.908,-0.131,-9.675E-2
27.925,-0.132,-9.723E-2
27.942,-0.132,-9.744E-2
27.958,-0.132,-9.793E-2
27.975,-0.132,-9.838E-2
27.992,-0.132,-9.838E-2
28.008,-0.132,-9.888E-2
28.025,-0.132,-9.876E-2
28.042,-0.131,-9.926E-2
28.058,-0.132,-9.927E-2
28.075,-0.132,-9.931E-2
28.092,-0.132,-9.967E-2
28.108,-0.131,-0.100
28.125,-0.132,-0.100
28.142,-0.131,-0.101
28.158,-0.132,-0.101
28.175,-0.131,-0.101
28.192,-0.131,-0.102
28.208,-0.131,-0.102
28.225,-0.131,-0.103
28.242,-0.131,-0.103
28.259,-0.131,-0.104
28.275,-0.131,-0.104
28.292,-0.130,-0.105
28.309,-0.131,-0.104
28.325,-0.131,-0.104
28.342,-0.130,-0.104
28.359,-0.130,-0.104
28.375,-0.130,-0.104
28.392,-0.131,-0.105
28.409,-0.129,-0.104
28.425,-0.130,-0.104
28.442,-0.130,-0.105
28.459,-0.130,-0.105
28.475,-0.130,-0.104
28.492,-0.130,-0.104
28.509,-0.130,-0.104
28.525,-0.130,-0.103
28.542,-0.130,-0.103
28.559,-0.130,-0.103
28.575,-0.130,-0.102
28.592,-0.130,-0.101
28.609,-0.130,-9.960E-2
28.625,-0.131,-9.960E-2
28.642,-0.131,-9.871E-2
28.659,-0.131,-9.861E-2
28.675,-0.131,-9.925E-2
28.692,-0.131,-9.848E-2
28.709,-0.131,-9.858E-2
28.725,-0.132,-9.861E-2
28.742,-0.132,-9.863E-2
28.759,-0.133,-9.866E-2
28.775,-0.133,-9.941E-2
28.792,-0.133,-9.960E-2
28.809,-0.133,-9.991E-2
28.825,-0.133,-0.101
28.842,-0.133,-0.101
28.859,-0.133,-0.102
28.875,-0.134,-0.103
28.892,-0.134,-0.103
28.909,-0.133,-0.104
28.925,-0.134,-0.104
28.942,-0.134,-0.105
28.959,-0.134,-0.105
28.975,-0.134,-0.106
28.992,-0.134,-0.106
29.009,-0.134,-0.106
29.025,-0.134,-0.106
29.042,-0.134,-0.106
29.059,-0.135,-0.106
29.075,-0.135,-0.106
29.092,-0.135,-0.105
29.109,-0.135,-0.106
29.125,-0.135,-0.105
29.142,-0.135,-0.104
29.159,-0.136,-0.104
29.175,-0.137,-0.103
29.192,-0.137,-0.102
29.209,-0.137,-0.101
29.225,-0.137,-0.102
29.242,-0.137,-0.102
29.259,-0.137,-0.101
29.275,-0.136,-0.101
29.292,-0.136,-0.102
29.309,-0.135,-0.102
29.325,-0.135,-0.103
29.342,-0.135,-0.104
29.359,-0.135,-0.104
29.376,-0.134,-0.105
29.392,-0.135,-0.105
29.409,-0.135,-0.106
29.426,-0.134,-0.106
29.442,-0.133,-0.106
29.459,-0.133,-0.106
29.476,-0.133,-0.107
29.492,-0.134,-0.107
29.509,-0.133,-0.107
29.526,-0.133,-0.108
29.542,-0.133,-0.108
29.559,-0.134,-0.108
29.576,-0.134,-0.108
29.592,-0.133,-0.108
29.609,-0.133,-0.108
29.626,-0.134,-0.107
29.642,-0.134,-0.106
29.659,-0.133,-0.106
29.676,-0.134,-0.105
29.692,-0.134,-0.104
29.709,-0.134,-0.103
29.726,-0.134,-0.102
29.742,-0.134,-0.102
29.759,-0.134,-9.952E-2
29.776,-0.134,-9.867E-2
29.792,-0.134,-9.794E-2
29.809,-0.133,-9.833E-2
29.826,-0.133,-9.789E-2
29.842,-0.133,-9.742E-2
29.859,-0.133,-9.718E-2
29.876,-0.133,-9.695E-2
29.892,-0.133,-9.703E-2
29.909,-0.133,-9.737E-2
29.926,-0.132,-9.677E-2
29.942,-0.132,-9.792E-2
29.959,-0.132,-9.834E-2
29.976,-0.132,-9.828E-2
29.992,-0.132,-9.774E-2
30.009,-0.132,-9.874E-2
30.026,-0.131,-9.866E-2
30.042,-0.131,-9.840E-2
30.059,-0.131,-9.832E-2
30.076,-0.131,-9.795E-2
30.092,-0.131,-9.771E-2
30.109,-0.131,-9.761E-2
30.126,-0.131,-9.590E-2
30.142,-0.130,-9.695E-2
30.159,-0.130,-9.608E-2
30.176,-0.130,-9.579E-2
30.192,-0.130,-9.411E-2
30.209,-0.130,-9.474E-2
30.226,-0.130,-9.255E-2
30.242,-0.130,-9.360E-2
30.259,-0.130,-9.306E-2
30.276,-0.130,-9.286E-2
30.292,-0.130,-9.248E-2
30.309,-0.130,-9.208E-2
30.326,-0.130,-9.167E-2
30.342,-0.130,-9.158E-2
30.359,-0.129,-9.046E-2
30.376,-0.130,-9.116E-2
30.392,-0.129,-9.110E-2
30.409,-0.129,-9.072E-2
30.426,-0.129,-9.061E-2
30.442,-0.129,-9.018E-2
30.459,-0.128,-8.969E-2
30.476,-0.128,-8.895E-2
30.493,-0.127,-8.857E-2
30.509,-0.128,-8.841E-2
30.526,-0.128,-8.810E-2
30.543,-0.128,-8.792E-2
30.559,-0.129,-8.748E-2
30.576,-0.128,-8.752E-2
30.593,-0.129,-8.746E-2
30.609,-0.129,-8.789E-2
30.626,-0.129,-8.849E-2
30.643,-0.129,-8.888E-2
30.659,-0.129,-8.937E-2
30.676,-0.130,-8.970E-2
30.693,-0.131,-9.015E-2
30.709,-0.132,-9.023E-2
30.726,-0.132,-9.065E-2
30.743,-0.132,-9.104E-2
30.759,-0.133,-9.044E-2
30.776,-0.134,-9.043E-2
30.793,-0.134,-9.084E-2
30.809,-0.134,-9.118E-2
30.826,-0.135,-9.117E-2
30.843,-0.136,-9.107E-2
30.859,-0.136,-9.126E-2
30.876,-0.136,-9.045E-2
30.893,-0.137,-9.029E-2
30.909,-0.137,-9.034E-2
30.926,-0.136,-9.125E-2
30.943,-0.136,-9.181E-2
30.959,-0.137,-9.222E-2
30.976,-0.136,-9.253E-2
30.993,-0.136,-9.260E-2
31.009,-0.137,-9.226E-2
31.026,-0.136,-9.242E-2
31.043,-0.136,-9.223E-2
31.059,-0.136,-9.198E-2
31.076,-0.137,-9.161E-2
31.093,-0.138,-9.066E-2
31.109,-0.138,-8.978E-2
31.126,-0.138,-8.893E-2
31.143,-0.139,-8.808E-2
31.159,-0.139,-8.758E-2
31.176,-0.139,-8.692E-2
31.193,-0.139,-8.668E-2
31.209,-0.139,-8.671E-2
31.226,-0.139,-8.576E-2
31.243,-0.139,-8.640E-2
31.259,-0.139,-8.678E-2
31.276,-0.139,-8.699E-2
31.293,-0.139,-8.751E-2
31.309,-0.139,-8.823E-2
31.326,-0.139,-8.909E-2
31.343,-0.139,-9.001E-2
31.359,-0.139,-9.106E-2
31.376,-0.139,-9.229E-2
31.393,-0.138,-9.366E-2
31.409,-0.138,-9.464E-2
31.426,-0.138,-9.623E-2
31.443,-0.138,-9.815E-2
31.459,-0.138,-0.100
31.476,-0.138,-0.103
31.493,-0.138,-0.105
31.509,-0.138,-0.107
31.526,-0.138,-0.109
31.543,-0.138,-0.111
31.559,-0.138,-0.113
31.576,-0.138,-0.114
31.593,-0.139,-0.115
31.610,-0.139,-0.115
31.626,-0.139,-0.115
31.643,-0.139,-0.116
31.660,-0.139,-0.116
31.676,-0.140,-0.116
31.693,-0.139,-0.115
31.710,-0.140,-0.115
31.726,-0.140,-0.115
31.743,-0.140,-0.114
31.760,-0.140,-0.113
31.776,-0.140,-0.113
31.793,-0.140,-0.113
31.810,-0.140,-0.114
31.826,-0.140,-0.114
31.843,-0.140,-0.113
31.860,-0.139,-0.114
31.876,-0.139,-0.113
31.893,-0.140,-0.113
31.910,-0.139,-0.113
31.926,-0.139,-0.112
31.943,-0.139,-0.112
31.960,-0.139,-0.111
31.976,-0.139,-0.111
31.993,-0.138,-0.110
32.010,-0.138,-0.109
32.026,-0.138,-0.110
32.043,-0.138,-0.109
32.060,-0.138,-0.109
32.076,-0.137,-0.109
32.093,-0.137,-0.109
32.110,-0.137,-0.108
32.126,-0.137,-0.108
32.143,-0.136,-0.107
32.160,-0.137,-0.107
32.176,-0.136,-0.106
32.193,-0.136,-0.106
32.210,-0.136,-0.105
32.226,-0.136,-0.104
32.243,-0.135,-0.104
32.260,-0.135,-0.104
32.276,-0.135,-0.103
32.293,-0.135,-0.102
32.310,-0.134,-0.102
32.326,-0.134,-0.101
32.343,-0.134,-0.101
32.360,-0.134,-0.100
32.376,-0.133,-9.975E-2
32.393,-0.133,-9.927E-2
32.410,-0.132,-9.932E-2
32.426,-0.131,-9.885E-2
32.443,-0.132,-9.797E-2
32.460,-0.131,-9.765E-2
32.476,-0.131,-9.756E-2
32.493,-0.130,-9.698E-2
32.510,-0.130,-9.698E-2
32.526,-0.131,-9.680E-2
32.543,-0.130,-9.663E-2
32.560,-0.130,-9.652E-2
32.576,-0.130,-9.660E-2
32.593,-0.130,-9.661E-2
32.610,-0.130,-9.698E-2
32.626,-0.131,-9.700E-2
32.643,-0.131,-9.712E-2
32.660,-0.132,-9.757E-2
32.676,-0.132,-9.793E-2
32.693,-0.132,-9.835E-2
32.710,-0.132,-9.844E-2
32.727,-0.132,-9.778E-2
32.743,-0.133,-9.927E-2
32.760,-0.133,-9.965E-2
32.777,-0.133,-9.964E-2
32.793,-0.133,-9.973E-2
32.810,-0.133,-9.939E-2
32.827,-0.133,-9.923E-2
32.843,-0.133,-9.924E-2
32.860,-0.134,-9.918E-2
32.877,-0.134,-9.902E-2
32.893,-0.134,-9.883E-2
32.910,-0.134,-9.875E-2
32.927,-0.135,-9.837E-2
32.943,-0.135,-9.827E-2
32.960,-0.134,-9.830E-2
32.977,-0.134,-9.791E-2
32.993,-0.134,-9.740E-2
33.010,-0.135,-9.653E-2
33.027,-0.135,-9.579E-2
33.043,-0.134,-9.562E-2
33.060,-0.134,-9.491E-2
33.077,-0.133,-9.470E-2
33.093,-0.133,-9.435E-2
33.110,-0.133,-9.422E-2
33.127,-0.132,-9.422E-2
33.143,-0.132,-9.381E-2
33.160,-0.131,-9.355E-2
33.177,-0.131,-9.302E-2
33.193,-0.131,-9.252E-2
33.210,-0.131,-9.206E-2
33.227,-0.131,-9.152E-2
33.243,-0.131,-9.060E-2
33.260,-0.131,-8.987E-2
33.277,-0.131,-8.963E-2
33.293,-0.132,-8.931E-2
33.310,-0.132,-8.963E-2
33.327,-0.133,-8.977E-2
33.343,-0.133,-9.020E-2
33.360,-0.133,-9.060E-2
33.377,-0.133,-9.101E-2
33.393,-0.133,-9.163E-2
33.410,-0.134,-9.212E-2
33.427,-0.134,-9.289E-2
33.443,-0.134,-9.373E-2
33.460,-0.134,-9.411E-2
33.477,-0.134,-9.509E-2
33.493,-0.135,-9.603E-2
33.510,-0.135,-9.700E-2
33.527,-0.135,-9.859E-2
33.543,-0.135,-0.100
33.560,-0.136,-0.102
33.577,-0.136,-0.104
33.593,-0.136,-0.107
33.610,-0.136,-0.109
33.627,-0.136,-0.110
33.643,-0.136,-0.111
33.660,-0.136,-0.113
33.677,-0.136,-0.114
33.693,-0.136,-0.115
33.710,-0.137,-0.117
33.727,-0.137,-0.118
33.743,-0.137,-0.118
33.760,-0.137,-0.119
33.777,-0.138,-0.119
33.794,-0.138,-0.119
33.810,-0.138,-0.118
33.827,-0.139,-0.118
33.844,-0.138,-0.117
33.860,-0.138,-0.117
33.877,-0.138,-0.116
33.894,-0.138,-0.115
33.910,-0.138,-0.114
33.927,-0.138,-0.113
33.944,-0.137,-0.113
33.960,-0.137,-0.112
33.977,-0.137,-0.112
33.994,-0.136,-0.111
34.010,-0.136,-0.110
34.027,-0.136,-0.109
34.044,-0.135,-0.108
34.060,-0.135,-0.107
34.077,-0.135,-0.106
34.094,-0.135,-0.106
34.110,-0.134,-0.106
34.127,-0.134,-0.105
34.144,-0.133,-0.105
34.160,-0.133,-0.105
34.177,-0.132,-0.105
34.194,-0.131,-0.105
34.210,-0.131,-0.104
34.227,-0.131,-0.104
34.244,-0.130,-0.104
34.260,-0.130,-0.104
34.277,-0.129,-0.103
34.294,-0.129,-0.103
34.310,-0.129,-0.102
34.327,-0.129,-0.101
34.344,-0.128,-9.973E-2
34.360,-0.129,-9.841E-2
34.377,-0.129,-9.717E-2
34.394,-0.128,-9.614E-2
34.410,-0.129,-9.479E-2
34.427,-0.128,-9.341E-2
34.444,-0.128,-9.252E-2
34.460,-0.128,-9.151E-2
34.477,-0.129,-9.032E-2
34.494,-0.129,-8.978E-2
34.510,-0.129,-8.898E-2
34.527,-0.130,-8.861E-2
34.544,-0.130,-8.841E-2
34.560,-0.130,-8.850E-2
34.577,-0.130,-8.843E-2
34.594,-0.130,-8.881E-2
34.610,-0.130,-8.918E-2
34.627,-0.131,-8.936E-2
34.644,-0.131,-8.966E-2
34.660,-0.131,-8.979E-2
34.677,-0.131,-9.020E-2
34.694,-0.131,-9.025E-2
34.710,-0.132,-9.057E-2
34.727,-0.132,-9.066E-2
34.744,-0.132,-9.062E-2
34.760,-0.131,-9.061E-2
34.777,-0.131,-9.029E-2
34.794,-0.132,-9.012E-2
34.810,-0.132,-8.966E-2
34.827,-0.132,-8.919E-2
34.844,-0.132,-8.879E-2
34.860,-0.132,-8.831E-2
34.877,-0.132,-8.787E-2
34.894,-0.132,-8.767E-2
34.911,-0.132,-8.739E-2
34.927,-0.132,-8.720E-2
34.944,-0.132,-8.699E-2
34.961,-0.132,-8.693E-2
34.977,-0.132,-8.662E-2
34.994,-0.132,-8.649E-2
35.011,-0.133,-8.617E-2
35.027,-0.133,-8.570E-2
35.044,-0.132,-8.560E-2
35.061,-0.132,-8.554E-2
35.077,-0.133,-8.524E-2
35.094,-0.132,-8.542E-2
35.111,-0.133,-8.529E-2
35.127,-0.133,-8.567E-2
35.144,-0.133,-8.563E-2
35.161,-0.132,-8.564E-2
35.177,-0.132,-8.576E-2
35.194,-0.132,-8.582E-2
35.211,-0.132,-8.612E-2
35.227,-0.131,-8.659E-2
35.244,-0.131,-8.700E-2
35.261,-0.131,-8.763E-2
35.277,-0.131,-8.841E-2
35.294,-0.131,-8.929E-2
35.311,-0.131,-9.016E-2
35.327,-0.130,-9.068E-2
35.344,-0.130,-9.149E-2
35.361,-0.130,-9.207E-2
35.377,-0.130,-9.290E-2
35.394,-0.129,-9.339E-2
35.411,-0.130,-9.381E-2
35.427,-0.129,-9.428E-2
35.444,-0.130,-9.438E-2
35.461,-0.130,-9.428E-2
35.477,-0.130,-9.433E-2
35.494,-0.130,-9.384E-2
35.511,-0.130,-9.337E-2
35.527,-0.130,-9.296E-2
35.544,-0.131,-9.295E-2
35.561,-0.131,-9.297E-2
35.577,-0.131,-9.285E-2
35.594,-0.131,-9.247E-2
35.611,-0.131,-9.260E-2
35.627,-0.131,-9.286E-2
35.644,-0.131,-9.296E-2
35.661,-0.131,-9.288E-2
35.677,-0.132,-9.242E-2
35.694,-0.131,-9.259E-2
35.711,-0.132,-9.239E-2
35.727,-0.132,-9.242E-2
35.744,-0.132,-9.238E-2
35.761,-0.131,-9.248E-2
35.777,-0.132,-9.243E-2
35.794,-0.131,-9.239E-2
35.811,-0.131,-9.224E-2
35.827,-0.131,-9.213E-2
35.844,-0.131,-9.200E-2
35.861,-0.130,-9.196E-2
35.877,-0.130,-9.194E-2
35.894,-0.131,-9.153E-2
35.911,-0.131,-9.155E-2
35.927,-0.131,-9.151E-2
35.944,-0.131,-9.147E-2
35.961,-0.131,-9.147E-2
35.977,-0.132,-9.154E-2
35.994,-0.132,-9.145E-2
36.011,-0.132,-9.197E-2
36.028,-0.132,-9.239E-2
36.044,-0.132,-9.247E-2
36.061,-0.132,-9.281E-2
36.078,-0.132,-9.286E-2
36.094,-0.132,-9.286E-2
36.111,-0.132,-9.224E-2
36.128,-0.133,-9.289E-2
36.144,-0.133,-9.330E-2
36.161,-0.133,-9.374E-2
36.178,-0.133,-9.390E-2
36.194,-0.134,-9.430E-2
36.211,-0.134,-9.470E-2
36.228,-0.134,-9.552E-2
36.244,-0.135,-9.552E-2
36.261,-0.135,-9.603E-2
36.278,-0.135,-9.645E-2
36.294,-0.136,-9.654E-2
36.311,-0.136,-9.696E-2
36.328,-0.136,-9.736E-2
36.344,-0.135,-9.776E-2
36.361,-0.135,-9.822E-2
36.378,-0.136,-9.836E-2
36.394,-0.136,-9.892E-2
36.411,-0.135,-9.916E-2
36.428,-0.135,-9.934E-2
36.444,-0.135,-9.965E-2
36.461,-0.135,-9.962E-2
36.478,-0.135,-9.920E-2
36.494,-0.135,-9.889E-2
36.511,-0.135,-9.850E-2
36.528,-0.135,-9.825E-2
36.544,-0.135,-9.785E-2
36.561,-0.135,-9.740E-2
36.578,-0.134,-9.735E-2
36.594,-0.135,-9.657E-2
36.611,-0.135,-9.627E-2
36.628,-0.135,-9.606E-2
36.644,-0.135,-9.604E-2
36.661,-0.134,-9.645E-2
36.678,-0.134,-9.702E-2
36.694,-0.134,-9.783E-2
36.711,-0.134,-9.848E-2
36.728,-0.134,-9.925E-2
36.744,-0.134,-0.100
36.761,-0.134,-0.101
36.778,-0.134,-0.102
36.794,-0.135,-0.104
36.811,-0.134,-0.105
36.828,-0.134,-0.106
36.844,-0.135,-0.107
36.861,-0.135,-0.108
36.878,-0.135,-0.109
36.894,-0.135,-0.110
36.911,-0.135,-0.111
36.928,-0.134,-0.112
36.944,-0.135,-0.113
36.961,-0.135,-0.114
36.978,-0.134,-0.115
36.994,-0.135,-0.115
37.011,-0.135,-0.116
37.028,-0.135,-0.116
37.044,-0.135,-0.117
37.061,-0.136,-0.117
37.078,-0.136,-0.118
37.094,-0.137,-0.118
37.111,-0.137,-0.119
37.128,-0.138,-0.119
37.145,-0.139,-0.120
37.161,-0.139,-0.120
37.178,-0.139,-0.121
37.195,-0.140,-0.121
37.211,-0.140,-0.121
37.228,-0.140,-0.122
37.245,-0.141,-0.122
37.261,-0.141,-0.122
37.278,-0.141,-0.123
37.295,-0.140,-0.123
37.311,-0.141,-0.123
37.328,-0.141,-0.124
37.345,-0.141,-0.124
37.361,-0.140,-0.123
37.378,-0.140,-0.124
37.395,-0.139,-0.124
37.411,-0.139,-0.123
37.428,-0.138,-0.123
37.445,-0.138,-0.122
37.461,-0.138,-0.121
37.478,-0.137,-0.120
37.495,-0.137,-0.120
37.511,-0.136,-0.119
37.528,-0.136,-0.118
37.545,-0.136,-0.117
37.561,-0.135,-0.117
37.578,-0.135,-0.116
37.595,-0.134,-0.114
37.611,-0.134,-0.114
37.628,-0.134,-0.113
37.645,-0.133,-0.112
37.661,-0.133,-0.111
37.678,-0.133,-0.111
37.695,-0.132,-0.110
37.711,-0.132,-0.109
37.728,-0.132,-0.108
37.745,-0.131,-0.107
37.761,-0.131,-0.106
37.778,-0.131,-0.105
37.795,-0.131,-0.105
37.811,-0.131,-0.103
37.828,-0.130,-0.103
37.845,-0.130,-0.102
37.861,-0.130,-0.101
37.878,-0.130,-0.100
37.895,-0.130,-9.977E-2
37.911,-0.129,-9.929E-2
37.928,-0.129,-9.772E-2
37.945,-0.129,-9.854E-2
37.961,-0.128,-9.889E-2
37.978,-0.129,-9.817E-2
37.995,-0.129,-9.882E-2
38.011,-0.129,-9.896E-2
38.028,-0.128,-9.939E-2
38.045,-0.129,-9.937E-2
38.061,-0.129,-9.971E-2
38.078,-0.129,-9.980E-2
38.095,-0.129,-0.100
38.111,-0.130,-0.100
38.128,-0.130,-9.990E-2
38.145,-0.130,-0.101
38.161,-0.130,-0.101
38.178,-0.130,-0.101
38.195,-0.130,-0.102
38.211,-0.131,-0.102
38.228,-0.131,-0.102
38.245,-0.132,-0.103
38.262,-0.132,-0.103
38.278,-0.132,-0.103
38.295,-0.133,-0.104
38.312,-0.133,-0.105
38.328,-0.133,-0.105
38.345,-0.133,-0.106
38.362,-0.134,-0.106
38.378,-0.134,-0.106
38.395,-0.134,-0.106
38.412,-0.134,-0.106
38.428,-0.134,-0.106
38.445,-0.134,-0.106
38.462,-0.134,-0.105
38.478,-0.134,-0.104
38.495,-0.134,-0.104
38.512,-0.133,-0.103
38.528,-0.133,-0.102
38.545,-0.133,-0.101
38.562,-0.133,-9.963E-2
38.578,-0.132,-9.852E-2
38.595,-0.132,-9.741E-2
38.612,-0.131,-9.657E-2
38.628,-0.132,-9.573E-2
38.645,-0.132,-9.510E-2
38.662,-0.132,-9.473E-2
38.678,-0.132,-9.433E-2
38.695,-0.131,-9.437E-2
38.712,-0.132,-9.449E-2
38.728,-0.131,-9.477E-2
38.745,-0.131,-9.508E-2
38.762,-0.131,-9.517E-2
38.778,-0.131,-9.606E-2
38.795,-0.131,-9.679E-2
38.812,-0.131,-9.741E-2
38.828,-0.131,-9.828E-2
38.845,-0.131,-9.888E-2
38.862,-0.132,-9.972E-2
38.878,-0.132,-0.101
38.895,-0.132,-0.101
38.912,-0.132,-0.102
38.928,-0.133,-0.102
38.945,-0.133,-0.103
38.962,-0.134,-0.103
38.978,-0.134,-0.103
38.995,-0.134,-0.104
39.012,-0.134,-0.104
39.028,-0.134,-0.105
39.045,-0.135,-0.105
39.062,-0.135,-0.106
39.078,-0.135,-0.106
39.095,-0.135,-0.107
39.112,-0.135,-0.108
39.128,-0.136,-0.109
39.145,-0.136,-0.110
39.162,-0.135,-0.110
39.178,-0.136,-0.111
39.195,-0.135,-0.111
39.212,-0.136,-0.110
39.228,-0.136,-0.111
39.245,-0.136,-0.110
39.262,-0.135,-0.110
39.278,-0.136,-0.109
39.295,-0.135,-0.108
39.312,-0.135,-0.108
39.329,-0.135,-0.107
39.345,-0.135,-0.106
39.362,-0.134,-0.106
39.379,-0.134,-0.106
39.395,-0.134,-0.106
39.412,-0.134,-0.106
39.429,-0.133,-0.106
39.445,-0.133,-0.106
39.462,-0.133,-0.106
39.479,-0.133,-0.106
39.495,-0.132,-0.106
39.512,-0.132,-0.106
39.529,-0.132,-0.106
39.545,-0.132,-0.107
39.562,-0.132,-0.107
39.579,-0.132,-0.107
39.595,-0.132,-0.107
39.612,-0.132,-0.107
39.629,-0.132,-0.108
39.645,-0.132,-0.108
39.662,-0.132,-0.108
39.679,-0.132,-0.109
39.695,-0.132,-0.109
39.712,-0.132,-0.109
39.729,-0.132,-0.109
39.745,-0.133,-0.109
39.762,-0.132,-0.109
39.779,-0.133,-0.109
39.795,-0.132,-0.109
39.812,-0.132,-0.109
39.829,-0.132,-0.108
39.845,-0.132,-0.108
39.862,-0.132,-0.108
39.879,-0.132,-0.108
39.895,-0.132,-0.107
39.912,-0.132,-0.107
39.929,-0.132,-0.106
39.945,-0.133,-0.105
39.962,-0.133,-0.104
39.979,-0.133,-0.103
39.995,-0.132,-0.103
40.012,-0.132,-0.102
40.029,-0.132,-0.101
40.045,-0.133,-9.979E-2
40.062,-0.132,-9.918E-2
40.079,-0.132,-9.834E-2
40.095,-0.133,-9.754E-2
40.112,-0.133,-9.705E-2
40.129,-0.134,-9.691E-2
40.145,-0.134,-9.688E-2
40.162,-0.134,-9.694E-2
40.179,-0.134,-9.693E-2
40.195,-0.134,-9.737E-2
40.212,-0.134,-9.739E-2
40.229,-0.134,-9.751E-2
40.245,-0.134,-9.739E-2
40.262,-0.134,-9.736E-2
40.279,-0.134,-9.737E-2
40.295,-0.134,-9.779E-2
40.312,-0.134,-9.837E-2
40.329,-0.134,-9.875E-2
40.345,-0.134,-9.959E-2
40.362,-0.134,-0.100
40.379,-0.134,-0.101
40.395,-0.134,-0.101
40.412,-0.134,-0.102
40.429,-0.134,-0.102
40.446,-0.134,-0.103
40.462,-0.134,-0.103
40.479,-0.134,-0.104
40.496,-0.134,-0.104
40.512,-0.135,-0.104
40.529,-0.135,-0.104
40.546,-0.135,-0.104
40.562,-0.135,-0.105
40.579,-0.135,-0.104
40.596,-0.135,-0.104
40.612,-0.136,-0.103
40.629,-0.136,-0.103
40.646,-0.135,-0.102
40.662,-0.136,-0.102
40.679,-0.136,-0.101
40.696,-0.135,-0.101
40.712,-0.135,-0.101
40.729,-0.135,-0.101
40.746,-0.135,-0.101
40.762,-0.134,-0.101
40.779,-0.134,-0.101
40.796,-0.134,-0.101
40.812,-0.134,-0.101
40.829,-0.134,-0.100
40.846,-0.134,-0.100
40.862,-0.134,-9.957E-2
40.879,-0.134,-9.955E-2
40.896,-0.134,-9.965E-2
40.912,-0.135,-9.961E-2
40.929,-0.135,-9.963E-2
40.946,-0.135,-0.100
40.962,-0.135,-0.100
40.979,-0.135,-0.101
40.996,-0.135,-0.102
41.012,-0.135,-0.103
41.029,-0.135,-0.104
41.046,-0.135,-0.106
41.062,-0.135,-0.107
41.079,-0.135,-0.108
41.096,-0.135,-0.110
41.112,-0.136,-0.111
41.129,-0.136,-0.112
41.146,-0.136,-0.113
41.162,-0.137,-0.115
41.179,-0.137,-0.115
41.196,-0.137,-0.117
41.212,-0.137,-0.117
41.229,-0.137,-0.118
41.246,-0.137,-0.119
41.262,-0.137,-0.119
41.279,-0.137,-0.120
41.296,-0.138,-0.120
41.312,-0.138,-0.120
41.329,-0.137,-0.119
41.346,-0.138,-0.119
41.362,-0.138,-0.119
41.379,-0.139,-0.119
41.396,-0.139,-0.119
41.412,-0.139,-0.119
41.429,-0.139,-0.119
41.446,-0.139,-0.119
41.462,-0.139,-0.119
41.479,-0.139,-0.119
41.496,-0.139,-0.119
41.512,-0.139,-0.120
41.529,-0.139,-0.119
41.546,-0.139,-0.120
41.563,-0.138,-0.120
41.579,-0.138,-0.121
41.596,-0.138,-0.121
41.613,-0.138,-0.121
41.629,-0.138,-0.121
41.646,-0.138,-0.120
41.663,-0.138,-0.120
41.679,-0.137,-0.120
41.696,-0.137,-0.119
41.713,-0.137,-0.119
41.729,-0.137,-0.118
41.746,-0.136,-0.118
41.763,-0.136,-0.118
41.779,-0.136,-0.117
41.796,-0.136,-0.116
41.813,-0.135,-0.116
41.829,-0.135,-0.116
41.846,-0.135,-0.115
41.863,-0.135,-0.114
41.879,-0.135,-0.113
41.896,-0.135,-0.112
41.913,-0.135,-0.111
41.929,-0.135,-0.110
41.946,-0.135,-0.110
41.963,-0.135,-0.110
41.979,-0.135,-0.109
41.996,-0.135,-0.109
42.013,-0.135,-0.108
42.029,-0.136,-0.108
42.046,-0.136,-0.108
42.063,-0.136,-0.108
42.079,-0.136,-0.108
42.096,-0.136,-0.109
