,mass A,,
t,x,y,
0.000,-0.115,-4.166E-2
0.018,-0.114,-4.269E-2
0.036,-0.114,-4.484E-2
0.055,-0.114,-4.732E-2
0.073,-0.115,-5.070E-2
0.091,-0.116,-5.238E-2
0.109,-0.115,-5.149E-2
0.127,-0.116,-4.968E-2
0.146,-0.117,-4.781E-2
0.164,-0.118,-4.647E-2
0.182,-0.118,-4.541E-2
0.200,-0.118,-4.525E-2
0.219,-0.119,-4.571E-2
0.237,-0.118,-4.656E-2
0.255,-0.118,-4.803E-2
0.273,-0.118,-4.921E-2
0.291,-0.118,-5.086E-2
0.310,-0.117,-5.296E-2
0.328,-0.117,-5.529E-2
0.346,-0.116,-5.705E-2
0.364,-0.116,-5.935E-2
0.382,-0.112,-5.991E-2
0.401,-0.112,-6.123E-2
0.419,-0.115,-6.249E-2
0.437,-0.113,-6.139E-2
0.455,-0.113,-5.934E-2
0.474,-0.113,-5.751E-2
0.492,-0.112,-5.560E-2
0.510,-0.112,-5.472E-2
0.528,-0.112,-5.351E-2
0.546,-0.112,-5.341E-2
0.565,-0.111,-5.278E-2
0.583,-0.112,-5.354E-2
0.601,-0.113,-5.446E-2
0.619,-0.113,-5.495E-2
0.637,-0.113,-5.490E-2
0.656,-0.113,-5.605E-2
0.674,-0.113,-5.711E-2
0.692,-0.113,-5.849E-2
0.710,-0.113,-5.984E-2
0.728,-0.115,-6.194E-2
0.747,-0.114,-6.336E-2
0.765,-0.114,-6.527E-2
0.783,-0.114,-6.834E-2
0.801,-0.111,-6.898E-2
0.820,-0.112,-7.074E-2
0.838,-0.111,-6.811E-2
0.856,-0.111,-6.445E-2
0.874,-0.110,-6.078E-2
0.892,-0.111,-5.815E-2
0.911,-0.111,-5.479E-2
0.929,-0.111,-5.213E-2
0.947,-0.111,-5.006E-2
0.965,-0.111,-4.801E-2
0.983,-0.112,-4.655E-2
1.002,-0.111,-4.445E-2
1.020,-0.113,-4.708E-2
1.038,-0.112,-4.839E-2
1.056,-0.112,-4.988E-2
1.075,-0.111,-5.077E-2
1.093,-0.112,-5.216E-2
1.111,-0.111,-5.388E-2
1.129,-0.110,-5.491E-2
1.147,-0.109,-5.637E-2
1.166,-0.108,-5.718E-2
1.184,-0.108,-5.710E-2
1.202,-0.109,-5.640E-2
1.220,-0.107,-5.502E-2
1.238,-0.108,-5.481E-2
1.257,-0.108,-5.480E-2
1.275,-0.109,-5.438E-2
1.293,-0.110,-5.112E-2
1.311,-0.111,-4.804E-2
1.329,-0.112,-4.717E-2
1.348,-0.113,-4.859E-2
1.366,-0.113,-5.255E-2
1.384,-0.116,-5.545E-2
1.402,-0.108,-6.274E-2
1.421,-0.109,-7.416E-2
1.439,-0.108,-7.157E-2
1.457,-0.109,-6.705E-2
1.475,-0.108,-6.571E-2
1.493,-0.108,-6.254E-2
1.512,-0.108,-5.993E-2
1.530,-0.107,-5.828E-2
1.548,-0.107,-5.724E-2
1.566,-0.107,-5.722E-2
1.584,-0.109,-5.745E-2
1.603,-0.109,-5.762E-2
1.621,-0.111,-5.898E-2
1.639,-0.112,-5.990E-2
1.657,-0.111,-5.988E-2
1.676,-0.112,-6.040E-2
1.694,-0.114,-6.196E-2
1.712,-0.112,-6.172E-2
1.730,-0.109,-6.046E-2
1.748,-0.110,-5.949E-2
1.767,-0.109,-5.750E-2
1.785,-0.109,-5.503E-2
1.803,-0.110,-5.683E-2
1.821,-0.110,-5.347E-2
1.839,-0.111,-5.426E-2
1.858,-0.111,-5.445E-2
1.876,-0.112,-5.345E-2
1.894,-0.112,-5.266E-2
1.912,-0.113,-5.213E-2
1.930,-0.113,-5.108E-2
1.949,-0.114,-5.474E-2
1.967,-0.114,-5.919E-2
1.985,-0.113,-5.961E-2
2.003,-0.113,-5.651E-2
2.022,-0.113,-6.204E-2
2.040,-0.114,-6.303E-2
2.058,-0.118,-6.661E-2
2.076,-0.120,-6.899E-2
2.094,-0.121,-6.483E-2
2.113,-0.120,-6.423E-2
2.131,-0.119,-6.022E-2
2.149,-0.116,-5.794E-2
2.167,-0.114,-5.026E-2
2.185,-0.115,-5.295E-2
2.204,-0.115,-5.201E-2
2.222,-0.114,-5.474E-2
2.240,-0.114,-5.575E-2
2.258,-0.114,-5.621E-2
2.277,-0.115,-5.718E-2
2.295,-0.115,-5.760E-2
2.313,-0.116,-5.857E-2
2.331,-0.116,-5.889E-2
2.349,-0.117,-5.884E-2
2.368,-0.115,-5.709E-2
2.386,-0.115,-5.608E-2
2.404,-0.116,-5.557E-2
2.422,-0.115,-5.482E-2
2.440,-0.115,-5.386E-2
2.459,-0.118,-5.478E-2
2.477,-0.116,-5.390E-2
2.495,-0.117,-5.344E-2
2.513,-0.116,-5.349E-2
2.531,-0.115,-5.378E-2
2.550,-0.115,-5.401E-2
2.568,-0.115,-5.362E-2
2.586,-0.116,-5.285E-2
2.604,-0.118,-5.248E-2
2.623,-0.117,-5.169E-2
2.641,-0.117,-5.295E-2
2.659,-0.118,-5.422E-2
2.677,-0.117,-5.516E-2
2.695,-0.118,-5.659E-2
2.714,-0.116,-5.665E-2
2.732,-0.116,-5.708E-2
2.750,-0.116,-5.719E-2
2.768,-0.116,-5.787E-2
2.786,-0.116,-5.763E-2
2.805,-0.116,-5.700E-2
2.823,-0.115,-5.523E-2
2.841,-0.116,-5.344E-2
2.859,-0.116,-5.070E-2
2.878,-0.115,-4.816E-2
2.896,-0.115,-4.589E-2
2.914,-0.115,-4.397E-2
2.932,-0.115,-4.253E-2
2.950,-0.115,-4.114E-2
2.969,-0.115,-3.901E-2
2.987,-0.116,-3.769E-2
3.005,-0.116,-3.698E-2
3.023,-0.116,-3.759E-2
3.041,-0.117,-3.795E-2
3.060,-0.118,-3.921E-2
3.078,-0.116,-3.981E-2
3.096,-0.116,-4.101E-2
3.114,-0.116,-4.250E-2
3.132,-0.115,-4.449E-2
3.151,-0.114,-4.533E-2
3.169,-0.114,-4.792E-2
3.187,-0.113,-4.991E-2
3.205,-0.129,-5.783E-2
3.224,-0.128,-5.944E-2
3.242,-0.112,-5.934E-2
3.260,-0.112,-6.118E-2
3.278,-0.111,-6.245E-2
3.296,-0.112,-6.345E-2
3.315,-0.112,-6.383E-2
3.333,-0.112,-6.429E-2
3.351,-0.111,-6.444E-2
3.369,-0.112,-6.355E-2
3.387,-0.112,-6.165E-2
3.406,-0.112,-5.927E-2
3.424,-0.111,-5.726E-2
3.442,-0.111,-5.549E-2
3.460,-0.112,-5.434E-2
3.479,-0.117,-5.610E-2
3.497,-0.117,-5.566E-2
3.515,-0.113,-5.342E-2
3.533,-0.112,-5.348E-2
3.551,-0.114,-5.613E-2
3.570,-0.114,-5.752E-2
3.588,-0.113,-5.892E-2
3.606,-0.112,-6.073E-2
3.624,-0.116,-6.382E-2
3.642,-0.132,-6.572E-2
3.661,-0.114,-6.523E-2
3.679,-0.115,-6.616E-2
3.697,-0.114,-6.653E-2
3.715,-0.114,-6.658E-2
3.733,-0.113,-6.664E-2
3.752,-0.118,-6.851E-2
3.770,-0.113,-6.435E-2
3.788,-0.113,-5.987E-2
3.806,-0.113,-5.535E-2
3.825,-0.114,-5.170E-2
3.843,-0.116,-5.039E-2
3.861,-0.117,-4.801E-2
3.879,-0.116,-4.450E-2
3.897,-0.117,-4.627E-2
3.916,-0.117,-4.508E-2
3.934,-0.116,-4.385E-2
3.952,-0.116,-4.295E-2
3.970,-0.116,-4.162E-2
3.988,-0.116,-4.019E-2
4.007,-0.116,-3.843E-2
4.025,-0.116,-3.654E-2
4.043,-0.117,-3.552E-2
4.061,-0.117,-3.464E-2
4.080,-0.117,-3.469E-2
4.098,-0.117,-3.475E-2
4.116,-0.116,-3.483E-2
4.134,-0.117,-3.511E-2
4.152,-0.117,-3.583E-2
4.171,-0.118,-3.604E-2
4.189,-0.118,-3.695E-2
4.207,-0.117,-3.753E-2
4.225,-0.117,-3.888E-2
4.243,-0.117,-4.121E-2
4.262,-0.116,-4.428E-2
4.280,-0.115,-4.812E-2
4.298,-0.115,-5.259E-2
4.316,-0.132,-6.493E-2
4.334,-0.115,-5.976E-2
4.353,-0.130,-6.443E-2
4.371,-0.142,-6.067E-2
4.389,-0.145,-5.870E-2
4.407,-0.145,-5.568E-2
4.426,-0.131,-5.769E-2
4.444,-0.116,-4.917E-2
4.462,-0.116,-4.736E-2
4.480,-0.118,-4.660E-2
4.498,-0.118,-4.617E-2
4.517,-0.119,-4.550E-2
4.535,-0.119,-4.263E-2
4.553,-0.134,-4.846E-2
4.571,-0.120,-4.232E-2
4.589,-0.119,-4.247E-2
4.608,-0.118,-4.355E-2
4.626,-0.117,-4.489E-2
4.644,-0.116,-4.645E-2
4.662,-0.115,-4.739E-2
4.681,-0.115,-4.966E-2
4.699,-0.114,-5.108E-2
4.717,-0.114,-5.305E-2
4.735,-0.114,-5.613E-2
4.753,-0.114,-5.766E-2
4.772,-0.113,-6.208E-2
4.790,-0.114,-6.290E-2
4.808,-0.115,-6.104E-2
4.826,-0.114,-5.704E-2
4.844,-0.114,-5.280E-2
4.863,-0.115,-4.944E-2
4.881,-0.115,-4.806E-2
4.899,-0.115,-4.759E-2
4.917,-0.115,-4.849E-2
4.935,-0.114,-5.035E-2
4.954,-0.114,-5.355E-2
4.972,-0.112,-5.728E-2
4.990,-0.111,-6.093E-2
5.008,-0.112,-6.384E-2
5.027,-0.112,-6.485E-2
5.045,-0.111,-6.349E-2
5.063,-0.112,-6.202E-2
5.081,-0.111,-5.897E-2
5.099,-0.111,-5.641E-2
5.118,-0.111,-5.449E-2
5.136,-0.112,-5.355E-2
5.154,-0.112,-5.221E-2
5.172,-0.113,-5.124E-2
5.190,-0.112,-5.019E-2
5.209,-0.111,-4.724E-2
5.227,-0.111,-4.721E-2
5.245,-0.113,-5.061E-2
5.263,-0.110,-5.002E-2
5.282,-0.116,-5.508E-2
5.300,-0.117,-5.595E-2
5.318,-0.117,-5.748E-2
5.336,-0.131,-6.224E-2
5.354,-0.131,-6.764E-2
5.373,-0.144,-7.378E-2
5.391,-0.127,-7.416E-2
5.409,-0.128,-7.589E-2
5.427,-0.116,-7.808E-2
5.445,-0.110,-7.372E-2
5.464,-0.110,-7.029E-2
5.482,-0.111,-6.638E-2
5.500,-0.110,-6.175E-2
5.518,-0.110,-5.723E-2
5.536,-0.110,-5.282E-2
5.555,-0.111,-4.932E-2
5.573,-0.111,-4.564E-2
5.591,-0.111,-4.344E-2
5.609,-0.111,-4.178E-2
5.628,-0.112,-4.452E-2
5.646,-0.111,-4.103E-2
5.664,-0.111,-4.267E-2
5.682,-0.129,-5.600E-2
5.700,-0.129,-6.038E-2
5.719,-0.140,-6.756E-2
5.737,-0.154,-7.269E-2
5.755,-0.140,-7.389E-2
5.773,-0.125,-7.540E-2
5.791,-0.106,-7.272E-2
5.810,-0.107,-7.357E-2
5.828,-0.110,-6.623E-2
5.846,-0.107,-6.339E-2
5.864,-0.106,-5.468E-2
5.883,-0.106,-5.089E-2
5.901,-0.104,-4.787E-2
5.919,-0.105,-4.538E-2
5.937,-0.106,-4.209E-2
5.955,-0.106,-4.002E-2
5.974,-0.106,-3.914E-2
5.992,-0.107,-3.937E-2
6.010,-0.125,-4.923E-2
6.028,-0.135,-5.484E-2
6.046,-0.126,-5.741E-2
6.065,-0.137,-6.023E-2
6.083,-0.138,-6.317E-2
6.101,-0.141,-6.566E-2
6.119,-0.142,-6.645E-2
6.137,-0.109,-6.834E-2
6.156,-0.109,-6.737E-2
6.174,-0.110,-6.651E-2
6.192,-0.110,-6.561E-2
6.210,-0.110,-6.384E-2
6.229,-0.111,-6.195E-2
6.247,-0.111,-5.939E-2
6.265,-0.111,-5.698E-2
6.283,-0.111,-5.461E-2
6.301,-0.112,-5.272E-2
6.320,-0.112,-5.082E-2
6.338,-0.113,-4.815E-2
6.356,-0.113,-4.626E-2
6.374,-0.113,-4.447E-2
6.392,-0.114,-4.305E-2
6.411,-0.115,-4.243E-2
6.429,-0.116,-4.416E-2
6.447,-0.116,-4.180E-2
6.465,-0.116,-4.182E-2
6.484,-0.117,-4.241E-2
6.502,-0.117,-4.273E-2
6.520,-0.118,-4.550E-2
6.538,-0.119,-4.646E-2
6.556,-0.118,-4.637E-2
6.575,-0.118,-4.918E-2
6.593,-0.118,-5.121E-2
6.611,-0.117,-5.389E-2
6.629,-0.117,-5.694E-2
6.647,-0.116,-5.946E-2
6.666,-0.117,-6.193E-2
6.684,-0.116,-6.104E-2
6.702,-0.116,-6.083E-2
6.720,-0.118,-6.252E-2
6.738,-0.119,-6.168E-2
6.757,-0.120,-6.012E-2
6.775,-0.120,-5.925E-2
6.793,-0.120,-5.803E-2
6.811,-0.120,-5.746E-2
6.830,-0.120,-5.627E-2
6.848,-0.120,-5.578E-2
6.866,-0.119,-5.521E-2
6.884,-0.119,-5.531E-2
6.902,-0.118,-5.483E-2
6.921,-0.118,-5.390E-2
6.939,-0.118,-5.153E-2
6.957,-0.117,-4.877E-2
6.975,-0.118,-4.621E-2
6.993,-0.118,-4.479E-2
7.012,-0.117,-4.343E-2
7.030,-0.117,-4.251E-2
7.048,-0.117,-4.150E-2
7.066,-0.116,-3.994E-2
7.085,-0.116,-3.900E-2
7.103,-0.116,-3.785E-2
7.121,-0.115,-3.700E-2
7.139,-0.115,-3.615E-2
7.157,-0.115,-3.610E-2
7.176,-0.115,-3.605E-2
7.194,-0.115,-3.616E-2
7.212,-0.116,-3.700E-2
7.230,-0.117,-3.876E-2
7.248,-0.118,-3.965E-2
7.267,-0.118,-4.064E-2
7.285,-0.119,-4.234E-2
7.303,-0.119,-4.412E-2
7.321,-0.119,-4.622E-2
7.339,-0.118,-4.894E-2
7.358,-0.117,-5.251E-2
7.376,-0.115,-5.860E-2
7.394,-0.133,-7.026E-2
7.412,-0.115,-6.919E-2
7.431,-0.113,-7.171E-2
7.449,-0.115,-7.266E-2
7.467,-0.115,-6.987E-2
7.485,-0.116,-6.684E-2
7.503,-0.116,-6.329E-2
7.522,-0.116,-5.971E-2
7.540,-0.116,-5.540E-2
7.558,-0.116,-5.326E-2
7.576,-0.116,-5.093E-2
7.594,-0.116,-4.966E-2
7.613,-0.116,-4.940E-2
7.631,-0.117,-4.877E-2
7.649,-0.117,-4.896E-2
7.667,-0.118,-4.848E-2
7.686,-0.118,-4.762E-2
7.704,-0.118,-4.667E-2
7.722,-0.119,-4.612E-2
7.740,-0.118,-4.612E-2
7.758,-0.118,-4.686E-2
7.777,-0.117,-4.789E-2
7.795,-0.117,-4.948E-2
7.813,-0.117,-5.155E-2
7.831,-0.116,-5.345E-2
7.849,-0.115,-5.612E-2
7.868,-0.115,-5.947E-2
7.886,-0.115,-6.111E-2
7.904,-0.115,-6.247E-2
7.922,-0.114,-6.337E-2
7.940,-0.114,-6.427E-2
7.959,-0.113,-6.429E-2
7.977,-0.112,-6.355E-2
7.995,-0.112,-6.353E-2
8.013,-0.111,-6.301E-2
8.032,-0.110,-6.160E-2
8.050,-0.111,-6.068E-2
8.068,-0.110,-5.800E-2
8.086,-0.109,-5.433E-2
8.104,-0.109,-5.093E-2
8.123,-0.109,-4.831E-2
8.141,-0.110,-4.635E-2
8.159,-0.110,-4.544E-2
8.177,-0.115,-5.058E-2
8.195,-0.114,-5.074E-2
8.214,-0.114,-5.127E-2
8.232,-0.114,-5.331E-2
8.250,-0.109,-4.922E-2
8.268,-0.107,-5.193E-2
8.287,-0.107,-5.537E-2
8.305,-0.108,-5.812E-2
8.323,-0.114,-6.476E-2
8.341,-0.109,-5.974E-2
8.359,-0.110,-5.889E-2
8.378,-0.111,-5.719E-2
8.396,-0.111,-5.464E-2
8.414,-0.111,-5.213E-2
8.432,-0.111,-4.897E-2
8.450,-0.112,-4.869E-2
8.469,-0.112,-4.796E-2
8.487,-0.113,-4.808E-2
8.505,-0.112,-4.741E-2
8.523,-0.115,-4.887E-2
8.541,-0.114,-4.998E-2
8.560,-0.114,-5.239E-2
8.578,-0.113,-5.391E-2
8.596,-0.114,-5.546E-2
8.614,-0.114,-5.554E-2
8.633,-0.114,-5.465E-2
8.651,-0.114,-5.183E-2
8.669,-0.114,-5.108E-2
8.687,-0.115,-5.256E-2
8.705,-0.115,-5.227E-2
8.724,-0.115,-5.210E-2
8.742,-0.115,-5.205E-2
8.760,-0.113,-4.979E-2
8.778,-0.114,-5.171E-2
8.796,-0.114,-5.153E-2
8.815,-0.113,-4.818E-2
8.833,-0.114,-4.643E-2
8.851,-0.114,-4.347E-2
8.869,-0.114,-4.145E-2
8.888,-0.115,-4.116E-2
8.906,-0.116,-3.996E-2
8.924,-0.116,-3.870E-2
8.942,-0.117,-3.794E-2
8.960,-0.118,-3.742E-2
8.979,-0.118,-3.696E-2
8.997,-0.119,-3.706E-2
9.015,-0.120,-3.790E-2
9.033,-0.120,-3.838E-2
9.051,-0.121,-4.023E-2
9.070,-0.120,-4.252E-2
9.088,-0.119,-4.495E-2
9.106,-0.119,-4.693E-2
9.124,-0.118,-4.964E-2
9.143,-0.116,-5.233E-2
9.161,-0.115,-5.511E-2
9.179,-0.114,-5.683E-2
9.197,-0.114,-5.814E-2
9.215,-0.114,-5.817E-2
9.234,-0.115,-5.715E-2
9.252,-0.116,-5.529E-2
9.270,-0.116,-5.424E-2
9.288,-0.117,-5.373E-2
9.306,-0.117,-5.424E-2
9.325,-0.116,-5.508E-2
9.343,-0.116,-5.606E-2
9.361,-0.115,-5.698E-2
9.379,-0.114,-5.713E-2
9.397,-0.114,-5.659E-2
9.416,-0.114,-5.524E-2
9.434,-0.114,-5.339E-2
9.452,-0.114,-5.120E-2
9.470,-0.114,-4.815E-2
9.489,-0.114,-4.364E-2
9.507,-0.114,-4.060E-2
9.525,-0.115,-3.975E-2
9.543,-0.114,-3.538E-2
9.561,-0.115,-3.614E-2
9.580,-0.116,-3.515E-2
9.598,-0.116,-3.473E-2
9.616,-0.116,-3.489E-2
9.634,-0.116,-3.561E-2
9.652,-0.116,-3.697E-2
9.671,-0.115,-3.846E-2
9.689,-0.115,-3.975E-2
9.707,-0.115,-4.108E-2
9.725,-0.115,-3.999E-2
9.744,-0.116,-3.992E-2
9.762,-0.116,-4.124E-2
9.780,-0.119,-4.277E-2
9.798,-0.119,-4.282E-2
9.816,-0.117,-4.507E-2
9.835,-0.118,-4.595E-2
9.853,-0.116,-4.666E-2
9.871,-0.115,-4.632E-2
9.889,-0.116,-4.554E-2
9.907,-0.116,-4.427E-2
9.926,-0.116,-4.072E-2
9.944,-0.115,-3.982E-2
9.962,-0.114,-3.976E-2
9.980,-0.112,-3.912E-2
9.998,-0.112,-3.808E-2
10.017,-0.114,-3.807E-2
10.035,-0.114,-3.716E-2
10.053,-0.115,-3.949E-2
10.071,-0.116,-4.250E-2
10.090,-0.115,-4.584E-2
10.108,-0.131,-6.233E-2
10.126,-0.144,-7.014E-2
10.144,-0.142,-7.474E-2
10.162,-0.111,-6.830E-2
10.181,-0.130,-8.261E-2
10.199,-0.112,-7.923E-2
10.217,-0.111,-7.681E-2
10.235,-0.112,-6.716E-2
10.253,-0.111,-5.931E-2
10.272,-0.111,-5.321E-2
10.290,-0.111,-5.188E-2
10.308,-0.112,-5.175E-2
10.326,-0.113,-5.399E-2
10.345,-0.113,-5.709E-2
10.363,-0.113,-6.087E-2
10.381,-0.112,-6.454E-2
10.399,-0.112,-6.662E-2
10.417,-0.127,-6.769E-2
10.436,-0.141,-6.470E-2
10.454,-0.153,-6.174E-2
10.472,-0.142,-6.467E-2
10.490,-0.126,-6.588E-2
10.508,-0.115,-6.892E-2
10.527,-0.115,-6.383E-2
10.545,-0.116,-6.174E-2
10.563,-0.117,-5.807E-2
10.581,-0.116,-5.228E-2
10.599,-0.116,-4.713E-2
10.618,-0.116,-4.159E-2
10.636,-0.116,-3.763E-2
10.654,-0.116,-3.524E-2
10.672,-0.116,-3.431E-2
10.691,-0.118,-3.422E-2
10.709,-0.118,-3.440E-2
10.727,-0.119,-3.525E-2
10.745,-0.133,-4.393E-2
10.763,-0.114,-3.920E-2
10.782,-0.113,-4.370E-2
10.800,-0.115,-4.962E-2
10.818,-0.111,-5.562E-2
10.836,-0.108,-6.161E-2
10.854,-0.111,-6.224E-2
10.873,-0.112,-6.203E-2
10.891,-0.113,-6.090E-2
10.909,-0.114,-5.888E-2
10.927,-0.114,-5.631E-2
10.946,-0.114,-5.359E-2
10.964,-0.115,-5.210E-2
10.982,-0.115,-5.061E-2
11.000,-0.115,-4.976E-2
11.018,-0.115,-4.913E-2
11.037,-0.114,-4.914E-2
11.055,-0.115,-4.908E-2
11.073,-0.115,-5.012E-2
11.091,-0.115,-5.121E-2
11.109,-0.115,-5.156E-2
11.128,-0.114,-5.264E-2
11.146,-0.114,-5.429E-2
11.164,-0.113,-5.790E-2
11.182,-0.112,-6.164E-2
11.200,-0.111,-6.444E-2
11.219,-0.111,-6.431E-2
11.237,-0.110,-6.302E-2
11.255,-0.110,-6.073E-2
11.273,-0.111,-5.948E-2
11.292,-0.113,-5.510E-2
11.310,-0.112,-5.261E-2
11.328,-0.112,-5.027E-2
11.346,-0.111,-4.802E-2
11.364,-0.111,-4.534E-2
11.383,-0.112,-4.390E-2
11.401,-0.112,-4.296E-2
11.419,-0.114,-4.225E-2
11.437,-0.114,-4.075E-2
11.455,-0.114,-3.923E-2
11.474,-0.114,-3.801E-2
11.492,-0.114,-3.792E-2
11.510,-0.114,-3.842E-2
11.528,-0.115,-3.938E-2
11.547,-0.115,-4.027E-2
11.565,-0.117,-4.268E-2
11.583,-0.115,-4.345E-2
11.601,-0.117,-4.666E-2
11.619,-0.117,-4.794E-2
11.638,-0.115,-4.704E-2
11.656,-0.117,-4.977E-2
11.674,-0.117,-5.202E-2
11.692,-0.117,-5.475E-2
11.710,-0.116,-5.792E-2
11.729,-0.116,-6.169E-2
11.747,-0.116,-6.486E-2
11.765,-0.115,-6.711E-2
11.783,-0.114,-6.753E-2
11.801,-0.115,-6.612E-2
11.820,-0.114,-6.179E-2
11.838,-0.113,-5.448E-2
11.856,-0.112,-5.070E-2
11.874,-0.112,-4.633E-2
11.893,-0.111,-4.434E-2
11.911,-0.112,-4.252E-2
11.929,-0.113,-4.072E-2
11.947,-0.114,-3.971E-2
11.965,-0.115,-3.807E-2
11.984,-0.115,-3.798E-2
12.002,-0.115,-3.930E-2
12.020,-0.114,-4.289E-2
12.038,-0.115,-4.709E-2
12.056,-0.115,-4.965E-2
12.075,-0.115,-5.159E-2
12.093,-0.116,-5.285E-2
12.111,-0.115,-5.287E-2
12.129,-0.128,-5.987E-2
12.148,-0.113,-5.713E-2
12.166,-0.112,-5.670E-2
12.184,-0.112,-5.516E-2
12.202,-0.113,-5.527E-2
12.220,-0.113,-5.622E-2
12.239,-0.131,-6.104E-2
12.257,-0.113,-6.268E-2
12.275,-0.112,-6.114E-2
12.293,-0.114,-5.988E-2
12.311,-0.114,-5.796E-2
12.330,-0.113,-5.558E-2
12.348,-0.112,-5.474E-2
12.366,-0.113,-5.541E-2
12.384,-0.114,-5.845E-2
12.402,-0.132,-6.578E-2
12.421,-0.113,-6.457E-2
12.439,-0.113,-6.554E-2
12.457,-0.111,-7.072E-2
12.475,-0.113,-6.977E-2
12.494,-0.115,-6.486E-2
12.512,-0.113,-6.387E-2
12.530,-0.113,-6.072E-2
12.548,-0.113,-5.754E-2
12.566,-0.114,-5.515E-2
12.585,-0.114,-5.405E-2
12.603,-0.112,-5.265E-2
12.621,-0.112,-5.259E-2
12.639,-0.112,-5.286E-2
12.657,-0.114,-5.284E-2
12.676,-0.115,-5.416E-2
12.694,-0.114,-5.427E-2
12.712,-0.114,-5.499E-2
12.730,-0.115,-5.563E-2
12.749,-0.115,-5.752E-2
12.767,-0.115,-6.079E-2
12.785,-0.115,-6.423E-2
12.803,-0.115,-6.503E-2
12.821,-0.115,-6.796E-2
12.840,-0.114,-6.716E-2
12.858,-0.115,-6.519E-2
12.876,-0.115,-6.145E-2
12.894,-0.115,-5.709E-2
12.912,-0.114,-5.433E-2
12.931,-0.115,-5.337E-2
12.949,-0.116,-5.330E-2
12.967,-0.115,-5.300E-2
12.985,-0.113,-5.494E-2
13.003,-0.131,-5.446E-2
13.022,-0.132,-5.763E-2
13.040,-0.116,-5.435E-2
13.058,-0.116,-5.617E-2
13.076,-0.121,-6.103E-2
13.095,-0.122,-6.321E-2
13.113,-0.120,-6.377E-2
13.131,-0.120,-6.503E-2
13.149,-0.132,-6.626E-2
13.167,-0.142,-6.374E-2
13.186,-0.157,-6.029E-2
13.204,-0.141,-6.058E-2
13.222,-0.124,-6.100E-2
13.240,-0.113,-5.935E-2
13.258,-0.114,-5.700E-2
13.277,-0.114,-5.481E-2
13.295,-0.114,-5.244E-2
13.313,-0.115,-5.044E-2
13.331,-0.115,-4.792E-2
13.350,-0.115,-4.597E-2
13.368,-0.116,-4.374E-2
13.386,-0.116,-4.240E-2
13.404,-0.117,-4.074E-2
13.422,-0.116,-3.884E-2
13.441,-0.118,-3.881E-2
13.459,-0.117,-3.894E-2
13.477,-0.116,-4.169E-2
13.495,-0.116,-4.541E-2
13.513,-0.115,-4.991E-2
13.532,-0.115,-5.443E-2
13.550,-0.115,-5.788E-2
13.568,-0.115,-5.939E-2
13.586,-0.115,-5.887E-2
13.604,-0.115,-5.761E-2
13.623,-0.115,-5.633E-2
13.641,-0.115,-5.479E-2
13.659,-0.115,-5.386E-2
13.677,-0.116,-5.345E-2
13.696,-0.116,-5.327E-2
13.714,-0.117,-5.345E-2
13.732,-0.116,-5.341E-2
13.750,-0.117,-5.530E-2
13.768,-0.116,-5.722E-2
13.787,-0.116,-6.059E-2
13.805,-0.115,-6.347E-2
13.823,-0.116,-6.831E-2
13.841,-0.114,-7.074E-2
13.859,-0.114,-7.347E-2
13.878,-0.113,-7.435E-2
13.896,-0.113,-7.227E-2
13.914,-0.113,-6.762E-2
13.932,-0.113,-6.362E-2
13.951,-0.114,-5.913E-2
13.969,-0.114,-5.512E-2
13.987,-0.115,-5.257E-2
14.005,-0.116,-5.242E-2
14.023,-0.116,-5.332E-2
14.042,-0.116,-5.414E-2
14.060,-0.116,-5.512E-2
14.078,-0.116,-5.711E-2
14.096,-0.116,-5.971E-2
14.114,-0.116,-6.209E-2
14.133,-0.115,-6.438E-2
14.151,-0.116,-6.654E-2
14.169,-0.116,-6.847E-2
14.187,-0.117,-6.969E-2
14.205,-0.115,-7.019E-2
14.224,-0.115,-7.062E-2
14.242,-0.115,-7.057E-2
14.260,-0.115,-7.059E-2
14.278,-0.115,-7.077E-2
14.297,-0.115,-7.075E-2
14.315,-0.115,-7.079E-2
14.333,-0.116,-7.097E-2
14.351,-0.115,-7.154E-2
14.369,-0.115,-7.234E-2
14.388,-0.113,-7.209E-2
14.406,-0.113,-7.118E-2
14.424,-0.114,-6.855E-2
14.442,-0.115,-6.658E-2
14.460,-0.115,-6.446E-2
14.479,-0.115,-6.300E-2
14.497,-0.115,-6.052E-2
14.515,-0.116,-5.568E-2
14.533,-0.116,-4.991E-2
14.552,-0.117,-4.529E-2
14.570,-0.117,-4.114E-2
14.588,-0.117,-3.844E-2
14.606,-0.118,-3.701E-2
14.624,-0.118,-3.627E-2
14.643,-0.118,-3.534E-2
14.661,-0.117,-3.441E-2
14.679,-0.117,-3.420E-2
14.697,-0.116,-3.438E-2
14.715,-0.116,-3.526E-2
14.734,-0.117,-3.590E-2
14.752,-0.117,-3.608E-2
14.770,-0.118,-3.703E-2
14.788,-0.118,-3.987E-2
14.806,-0.117,-4.265E-2
14.825,-0.116,-4.538E-2
14.843,-0.116,-4.893E-2
14.861,-0.115,-5.219E-2
14.879,-0.114,-5.531E-2
14.898,-0.114,-5.791E-2
14.916,-0.114,-5.903E-2
14.934,-0.115,-5.907E-2
14.952,-0.115,-5.789E-2
14.970,-0.114,-5.629E-2
14.989,-0.115,-5.525E-2
15.007,-0.115,-5.489E-2
15.025,-0.115,-5.441E-2
15.043,-0.115,-5.339E-2
15.061,-0.114,-5.203E-2
15.080,-0.115,-5.084E-2
15.098,-0.114,-5.034E-2
15.116,-0.113,-5.035E-2
15.134,-0.114,-5.158E-2
15.153,-0.114,-5.257E-2
15.171,-0.112,-5.198E-2
15.189,-0.114,-5.434E-2
15.207,-0.115,-5.611E-2
15.225,-0.115,-5.612E-2
15.244,-0.115,-5.481E-2
15.262,-0.115,-5.298E-2
15.280,-0.115,-5.157E-2
15.298,-0.113,-5.020E-2
15.316,-0.115,-5.161E-2
15.335,-0.114,-5.356E-2
15.353,-0.113,-5.576E-2
15.371,-0.113,-5.704E-2
15.389,-0.113,-5.743E-2
15.407,-0.113,-5.739E-2
15.426,-0.114,-5.709E-2
15.444,-0.115,-5.622E-2
15.462,-0.115,-5.526E-2
15.480,-0.116,-5.436E-2
15.499,-0.116,-5.305E-2
15.517,-0.116,-5.193E-2
15.535,-0.116,-5.157E-2
15.553,-0.116,-5.283E-2
15.571,-0.116,-5.436E-2
15.590,-0.116,-5.612E-2
15.608,-0.115,-5.793E-2
15.626,-0.115,-5.875E-2
15.644,-0.114,-5.794E-2
15.662,-0.114,-5.572E-2
15.681,-0.114,-5.393E-2
15.699,-0.114,-5.320E-2
15.717,-0.114,-5.331E-2
15.735,-0.114,-5.269E-2
15.754,-0.115,-5.237E-2
15.772,-0.116,-5.152E-2
15.790,-0.116,-5.021E-2
15.808,-0.117,-4.963E-2
15.826,-0.117,-4.972E-2
15.845,-0.116,-4.987E-2
15.863,-0.116,-5.070E-2
15.881,-0.116,-5.174E-2
15.899,-0.116,-5.328E-2
15.917,-0.116,-5.440E-2
15.936,-0.116,-5.525E-2
15.954,-0.116,-5.578E-2
15.972,-0.116,-5.524E-2
15.990,-0.116,-5.515E-2
16.008,-0.116,-5.559E-2
16.027,-0.115,-5.618E-2
16.045,-0.114,-5.755E-2
16.063,-0.114,-5.850E-2
16.081,-0.113,-5.707E-2
16.100,-0.113,-5.580E-2
16.118,-0.113,-5.327E-2
16.136,-0.113,-5.120E-2
16.154,-0.114,-4.980E-2
16.172,-0.115,-4.894E-2
16.191,-0.115,-4.801E-2
16.209,-0.116,-4.785E-2
16.227,-0.116,-4.703E-2
16.245,-0.116,-4.756E-2
16.263,-0.117,-4.936E-2
16.282,-0.118,-5.160E-2
16.300,-0.135,-5.684E-2
16.318,-0.151,-6.420E-2
16.336,-0.169,-7.126E-2
16.355,-0.178,-7.454E-2
16.373,-0.160,-7.444E-2
16.391,-0.162,-7.562E-2
16.409,-0.148,-7.653E-2
16.427,-0.132,-7.808E-2
16.446,-0.117,-8.050E-2
16.464,-0.114,-7.921E-2
16.482,-0.116,-7.575E-2
16.500,-0.114,-7.242E-2
16.518,-0.114,-7.001E-2
16.537,-0.111,-6.670E-2
16.555,-0.110,-5.949E-2
16.573,-0.113,-6.067E-2
16.591,-0.112,-5.904E-2
16.609,-0.112,-5.794E-2
16.628,-0.112,-5.660E-2
16.646,-0.112,-5.520E-2
16.664,-0.112,-5.396E-2
16.682,-0.113,-5.333E-2
16.701,-0.112,-5.263E-2
16.719,-0.113,-5.298E-2
16.737,-0.113,-5.375E-2
16.755,-0.113,-5.476E-2
16.773,-0.113,-5.567E-2
16.792,-0.113,-5.669E-2
16.810,-0.114,-5.726E-2
16.828,-0.114,-5.665E-2
16.846,-0.115,-5.529E-2
16.864,-0.115,-5.259E-2
16.883,-0.117,-4.827E-2
16.901,-0.117,-4.501E-2
16.919,-0.117,-4.225E-2
16.937,-0.118,-3.988E-2
16.956,-0.118,-3.790E-2
16.974,-0.119,-3.628E-2
16.992,-0.120,-3.570E-2
17.010,-0.120,-3.478E-2
17.028,-0.121,-3.467E-2
17.047,-0.121,-3.532E-2
17.065,-0.120,-3.707E-2
17.083,-0.138,-4.840E-2
17.101,-0.141,-5.417E-2
17.119,-0.140,-5.563E-2
17.138,-0.121,-5.401E-2
17.156,-0.114,-5.628E-2
17.174,-0.114,-5.424E-2
17.192,-0.113,-5.121E-2
17.210,-0.117,-5.812E-2
17.229,-0.116,-5.015E-2
17.247,-0.109,-5.210E-2
17.265,-0.111,-5.306E-2
17.283,-0.114,-5.029E-2
17.302,-0.113,-4.994E-2
17.320,-0.113,-4.891E-2
17.338,-0.112,-4.878E-2
17.356,-0.112,-4.909E-2
17.374,-0.112,-4.891E-2
17.393,-0.112,-4.992E-2
17.411,-0.130,-5.094E-2
17.429,-0.132,-5.269E-2
17.447,-0.115,-4.796E-2
17.465,-0.115,-4.846E-2
17.484,-0.116,-5.117E-2
17.502,-0.116,-5.383E-2
17.520,-0.124,-5.951E-2
17.538,-0.135,-5.704E-2
17.557,-0.137,-5.660E-2
17.575,-0.139,-5.608E-2
17.593,-0.118,-6.154E-2
17.611,-0.116,-5.967E-2
17.629,-0.115,-5.877E-2
17.648,-0.116,-5.157E-2
17.666,-0.115,-5.694E-2
17.684,-0.117,-6.035E-2
17.702,-0.116,-6.411E-2
17.720,-0.115,-6.766E-2
17.739,-0.119,-6.982E-2
17.757,-0.118,-7.348E-2
17.775,-0.128,-7.058E-2
17.793,-0.125,-6.806E-2
17.811,-0.124,-6.712E-2
17.830,-0.123,-6.632E-2
17.848,-0.122,-6.666E-2
17.866,-0.129,-7.200E-2
17.884,-0.127,-7.059E-2
17.903,-0.127,-7.043E-2
17.921,-0.127,-7.075E-2
17.939,-0.127,-7.091E-2
17.957,-0.132,-7.372E-2
17.975,-0.133,-7.546E-2
17.994,-0.117,-5.778E-2
18.012,-0.118,-5.557E-2
18.030,-0.135,-7.622E-2
18.048,-0.119,-4.826E-2
18.066,-0.119,-5.468E-2
18.085,-0.119,-5.243E-2
18.103,-0.116,-5.602E-2
18.121,-0.118,-5.629E-2
18.139,-0.115,-5.651E-2
18.158,-0.115,-5.651E-2
18.176,-0.115,-5.747E-2
18.194,-0.115,-5.747E-2
18.212,-0.116,-5.761E-2
18.230,-0.118,-5.983E-2
18.249,-0.114,-4.672E-2
18.267,-0.114,-4.590E-2
18.285,-0.114,-4.559E-2
18.303,-0.114,-4.421E-2
18.321,-0.118,-5.983E-2
18.340,-0.114,-4.455E-2
18.358,-0.116,-4.779E-2
18.376,-0.116,-5.051E-2
18.394,-0.115,-5.351E-2
18.412,-0.116,-5.619E-2
18.431,-0.115,-5.770E-2
18.449,-0.116,-5.828E-2
18.467,-0.116,-5.832E-2
18.485,-0.116,-5.917E-2
18.504,-0.115,-5.965E-2
18.522,-0.115,-5.877E-2
18.540,-0.114,-5.982E-2
18.558,-0.114,-6.067E-2
18.576,-0.119,-5.676E-2
18.595,-0.114,-6.070E-2
18.613,-0.114,-6.116E-2
18.631,-0.114,-6.117E-2
18.649,-0.114,-6.074E-2
18.667,-0.114,-6.022E-2
18.686,-0.114,-5.921E-2
18.704,-0.114,-5.836E-2
18.722,-0.113,-5.713E-2
18.740,-0.126,-5.728E-2
18.759,-0.126,-5.686E-2
18.777,-0.126,-5.581E-2
18.795,-0.141,-5.480E-2
18.813,-0.142,-5.757E-2
18.831,-0.146,-5.866E-2
18.850,-0.140,-6.115E-2
18.868,-0.126,-6.278E-2
18.886,-0.112,-6.172E-2
18.904,-0.111,-6.263E-2
18.922,-0.111,-6.199E-2
18.941,-0.112,-6.027E-2
18.959,-0.122,-5.778E-2
18.977,-0.112,-5.537E-2
18.995,-0.112,-5.437E-2
19.013,-0.111,-5.347E-2
19.032,-0.110,-5.368E-2
19.050,-0.111,-5.453E-2
19.068,-0.110,-5.494E-2
19.086,-0.111,-5.595E-2
19.105,-0.110,-5.611E-2
19.123,-0.111,-5.719E-2
19.141,-0.112,-5.757E-2
19.159,-0.112,-5.746E-2
19.177,-0.113,-5.752E-2
19.196,-0.114,-5.753E-2
19.214,-0.112,-5.756E-2
19.232,-0.111,-5.833E-2
19.250,-0.111,-5.880E-2
19.268,-0.125,-6.177E-2
19.287,-0.137,-5.747E-2
19.305,-0.122,-5.740E-2
19.323,-0.113,-5.614E-2
19.341,-0.113,-5.434E-2
19.360,-0.112,-5.302E-2
19.378,-0.112,-5.338E-2
19.396,-0.118,-5.921E-2
19.414,-0.123,-6.148E-2
19.432,-0.122,-6.231E-2
19.451,-0.118,-6.115E-2
19.469,-0.120,-6.230E-2
19.487,-0.118,-6.237E-2
19.505,-0.117,-6.201E-2
19.523,-0.129,-6.138E-2
19.542,-0.117,-6.147E-2
19.560,-0.116,-6.072E-2
19.578,-0.115,-6.117E-2
19.596,-0.116,-6.437E-2
19.614,-0.133,-7.088E-2
19.633,-0.148,-7.651E-2
19.651,-0.164,-7.973E-2
19.669,-0.149,-8.013E-2
19.687,-0.143,-8.051E-2
19.706,-0.143,-7.960E-2
19.724,-0.109,-7.861E-2
19.742,-0.112,-8.048E-2
19.760,-0.115,-8.080E-2
19.778,-0.113,-7.646E-2
19.797,-0.113,-7.055E-2
19.815,-0.115,-6.663E-2
19.833,-0.111,-5.811E-2
19.851,-0.111,-5.403E-2
19.869,-0.112,-5.123E-2
19.888,-0.112,-5.027E-2
19.906,-0.113,-5.046E-2
19.924,-0.114,-5.203E-2
19.942,-0.114,-5.487E-2
19.961,-0.129,-6.002E-2
19.979,-0.113,-6.107E-2
19.997,-0.112,-6.294E-2
20.015,-0.119,-6.559E-2
20.033,-0.119,-6.783E-2
20.052,-0.120,-6.872E-2
20.070,-0.121,-6.962E-2
20.088,-0.120,-6.957E-2
20.106,-0.111,-6.441E-2
20.124,-0.112,-6.625E-2
20.143,-0.112,-7.124E-2
20.161,-0.114,-7.330E-2
20.179,-0.114,-7.383E-2
20.197,-0.115,-7.330E-2
20.215,-0.114,-7.121E-2
20.234,-0.115,-6.928E-2
20.252,-0.115,-6.746E-2
20.270,-0.115,-6.488E-2
20.288,-0.114,-6.252E-2
20.307,-0.115,-6.156E-2
20.325,-0.116,-6.144E-2
20.343,-0.114,-6.073E-2
20.361,-0.114,-6.076E-2
20.379,-0.115,-5.890E-2
20.398,-0.114,-5.601E-2
20.416,-0.114,-5.386E-2
20.434,-0.115,-5.200E-2
20.452,-0.115,-4.972E-2
20.470,-0.115,-4.796E-2
20.489,-0.116,-4.703E-2
20.507,-0.117,-4.705E-2
20.525,-0.118,-4.784E-2
20.543,-0.119,-4.886E-2
20.562,-0.119,-5.059E-2
20.580,-0.117,-5.157E-2
20.598,-0.117,-5.296E-2
20.616,-0.133,-6.593E-2
20.634,-0.133,-6.900E-2
20.653,-0.115,-6.256E-2
20.671,-0.115,-6.601E-2
20.689,-0.131,-7.719E-2
20.707,-0.120,-7.616E-2
20.725,-0.113,-7.727E-2
20.744,-0.116,-8.024E-2
20.762,-0.116,-8.051E-2
20.780,-0.116,-7.615E-2
20.798,-0.116,-7.090E-2
20.816,-0.115,-6.470E-2
20.835,-0.113,-5.891E-2
20.853,-0.112,-5.362E-2
20.871,-0.112,-4.970E-2
20.889,-0.112,-4.712E-2
20.908,-0.111,-4.535E-2
20.926,-0.111,-4.164E-2
20.944,-0.128,-4.413E-2
20.962,-0.120,-4.374E-2
20.980,-0.117,-4.658E-2
20.999,-0.124,-5.197E-2
21.017,-0.140,-5.658E-2
21.035,-0.148,-5.421E-2
21.053,-0.150,-5.323E-2
21.071,-0.135,-5.430E-2
21.090,-0.121,-5.605E-2
21.108,-0.111,-5.484E-2
21.126,-0.111,-5.430E-2
21.144,-0.112,-5.343E-2
21.163,-0.112,-5.167E-2
21.181,-0.112,-5.065E-2
21.199,-0.113,-4.849E-2
21.217,-0.124,-4.872E-2
21.235,-0.113,-4.535E-2
21.254,-0.114,-4.514E-2
21.272,-0.113,-4.562E-2
21.290,-0.112,-4.720E-2
21.308,-0.113,-4.849E-2
21.326,-0.112,-4.982E-2
21.345,-0.112,-5.006E-2
21.363,-0.113,-5.018E-2
21.381,-0.113,-4.851E-2
21.399,-0.114,-4.725E-2
21.417,-0.115,-4.492E-2
21.436,-0.116,-4.330E-2
21.454,-0.116,-4.171E-2
21.472,-0.117,-4.132E-2
21.490,-0.117,-4.258E-2
21.509,-0.118,-4.507E-2
21.527,-0.117,-4.766E-2
21.545,-0.116,-5.062E-2
21.563,-0.115,-5.313E-2
21.581,-0.114,-5.539E-2
21.600,-0.114,-5.753E-2
21.618,-0.114,-5.843E-2
21.636,-0.114,-5.840E-2
21.654,-0.114,-5.752E-2
21.672,-0.114,-5.651E-2
21.691,-0.114,-5.398E-2
21.709,-0.114,-5.240E-2
21.727,-0.114,-5.220E-2
21.745,-0.115,-5.337E-2
21.764,-0.115,-5.491E-2
21.782,-0.115,-5.604E-2
21.800,-0.115,-5.605E-2
21.818,-0.115,-5.657E-2
21.836,-0.116,-5.799E-2
21.855,-0.116,-5.971E-2
21.873,-0.116,-6.064E-2
21.891,-0.116,-6.063E-2
21.909,-0.116,-6.034E-2
21.927,-0.115,-5.982E-2
21.946,-0.116,-6.014E-2
21.964,-0.114,-5.509E-2
21.982,-0.115,-5.969E-2
22.000,-0.115,-5.967E-2
22.018,-0.115,-5.973E-2
22.037,-0.114,-5.975E-2
22.055,-0.115,-5.966E-2
22.073,-0.114,-5.900E-2
22.091,-0.114,-5.891E-2
22.110,-0.115,-5.962E-2
22.128,-0.115,-5.995E-2
22.146,-0.115,-6.085E-2
22.164,-0.115,-6.163E-2
22.182,-0.115,-6.247E-2
22.201,-0.113,-6.251E-2
22.219,-0.112,-6.250E-2
22.237,-0.113,-6.252E-2
22.255,-0.111,-6.180E-2
22.273,-0.112,-6.114E-2
22.292,-0.111,-6.039E-2
22.310,-0.112,-5.970E-2
22.328,-0.112,-5.857E-2
22.346,-0.112,-5.721E-2
22.365,-0.112,-5.526E-2
22.383,-0.113,-5.337E-2
22.401,-0.113,-5.285E-2
22.419,-0.113,-5.108E-2
22.437,-0.114,-5.114E-2
22.456,-0.114,-5.191E-2
22.474,-0.114,-5.271E-2
22.492,-0.114,-5.370E-2
22.510,-0.114,-5.469E-2
22.528,-0.113,-5.572E-2
22.547,-0.113,-5.618E-2
22.565,-0.132,-5.414E-2
22.583,-0.144,-5.599E-2
22.601,-0.158,-5.450E-2
22.619,-0.145,-5.475E-2
22.638,-0.117,-5.406E-2
22.656,-0.116,-5.780E-2
22.674,-0.115,-5.459E-2
22.692,-0.116,-5.694E-2
22.711,-0.115,-5.507E-2
22.729,-0.113,-5.711E-2
22.747,-0.114,-5.899E-2
22.765,-0.114,-6.075E-2
22.783,-0.115,-6.334E-2
22.802,-0.113,-6.433E-2
22.820,-0.113,-6.249E-2
22.838,-0.118,-6.428E-2
22.856,-0.114,-6.134E-2
22.874,-0.114,-6.309E-2
22.893,-0.113,-6.207E-2
22.911,-0.112,-6.096E-2
22.929,-0.112,-5.902E-2
22.947,-0.111,-5.718E-2
22.966,-0.112,-5.607E-2
22.984,-0.112,-5.672E-2
23.002,-0.113,-5.890E-2
23.020,-0.129,-6.227E-2
23.038,-0.115,-6.350E-2
23.057,-0.115,-6.397E-2
23.075,-0.117,-6.381E-2
23.093,-0.116,-6.263E-2
23.111,-0.115,-6.115E-2
23.129,-0.115,-5.967E-2
23.148,-0.114,-5.846E-2
23.166,-0.115,-5.664E-2
23.184,-0.115,-5.613E-2
23.202,-0.115,-5.651E-2
23.220,-0.116,-5.508E-2
23.239,-0.117,-5.439E-2
23.257,-0.116,-5.172E-2
23.275,-0.117,-4.883E-2
23.293,-0.118,-4.613E-2
23.312,-0.117,-4.363E-2
23.330,-0.119,-4.329E-2
23.348,-0.118,-5.004E-2
23.366,-0.119,-5.178E-2
23.384,-0.121,-4.645E-2
23.403,-0.121,-4.564E-2
23.421,-0.138,-5.165E-2
23.439,-0.148,-6.059E-2
23.457,-0.153,-6.264E-2
23.475,-0.145,-6.567E-2
23.494,-0.142,-6.508E-2
23.512,-0.128,-6.713E-2
23.530,-0.120,-6.878E-2
23.548,-0.120,-6.968E-2
23.567,-0.121,-6.625E-2
23.585,-0.121,-6.120E-2
23.603,-0.120,-5.634E-2
23.621,-0.120,-5.252E-2
23.639,-0.119,-4.857E-2
23.658,-0.120,-4.439E-2
23.676,-0.119,-4.050E-2
23.694,-0.120,-3.725E-2
23.712,-0.121,-3.471E-2
23.730,-0.122,-3.118E-2
23.749,-0.123,-3.128E-2
23.767,-0.124,-3.075E-2
23.785,-0.125,-2.993E-2
23.803,-0.126,-2.952E-2
23.821,-0.125,-3.014E-2
23.840,-0.125,-3.162E-2
23.858,-0.124,-3.382E-2
23.876,-0.141,-4.885E-2
23.894,-0.159,-5.575E-2
23.913,-0.147,-5.686E-2
23.931,-0.141,-5.612E-2
23.949,-0.140,-5.749E-2
23.967,-0.142,-5.829E-2
23.985,-0.140,-5.830E-2
24.004,-0.123,-6.175E-2
24.022,-0.118,-5.972E-2
24.040,-0.118,-5.613E-2
24.058,-0.118,-5.219E-2
24.076,-0.118,-4.882E-2
24.095,-0.118,-4.669E-2
24.113,-0.118,-4.489E-2
24.131,-0.119,-4.481E-2
24.149,-0.119,-4.526E-2
24.168,-0.119,-4.571E-2
24.186,-0.119,-4.691E-2
24.204,-0.118,-4.851E-2
24.222,-0.118,-5.064E-2
24.240,-0.117,-5.252E-2
24.259,-0.117,-5.331E-2
24.277,-0.116,-5.305E-2
24.295,-0.117,-5.309E-2
24.313,-0.116,-5.247E-2
24.331,-0.116,-5.212E-2
24.350,-0.117,-5.255E-2
24.368,-0.117,-5.347E-2
24.386,-0.117,-5.341E-2
24.404,-0.116,-5.261E-2
24.422,-0.117,-5.149E-2
24.441,-0.117,-5.036E-2
24.459,-0.119,-4.937E-2
24.477,-0.118,-4.897E-2
24.495,-0.119,-4.898E-2
24.514,-0.119,-4.960E-2
24.532,-0.119,-4.957E-2
24.550,-0.120,-5.004E-2
24.568,-0.119,-5.060E-2
24.586,-0.120,-5.191E-2
24.605,-0.121,-5.274E-2
24.623,-0.120,-5.323E-2
24.641,-0.120,-5.262E-2
24.659,-0.122,-5.230E-2
24.677,-0.122,-5.185E-2
24.696,-0.123,-5.146E-2
24.714,-0.126,-5.150E-2
24.732,-0.125,-5.234E-2
24.750,-0.125,-5.372E-2
24.769,-0.125,-5.508E-2
24.787,-0.125,-5.644E-2
24.805,-0.124,-5.725E-2
24.823,-0.124,-5.776E-2
24.841,-0.123,-5.792E-2
24.860,-0.123,-5.862E-2
24.878,-0.123,-5.870E-2
24.896,-0.123,-5.922E-2
24.914,-0.120,-5.529E-2
24.932,-0.122,-5.968E-2
24.951,-0.121,-5.998E-2
24.969,-0.121,-5.968E-2
24.987,-0.121,-5.839E-2
25.005,-0.121,-5.741E-2
25.023,-0.122,-5.678E-2
25.042,-0.122,-5.649E-2
25.060,-0.122,-5.619E-2
25.078,-0.123,-5.615E-2
25.096,-0.124,-5.617E-2
25.115,-0.124,-5.680E-2
25.133,-0.125,-5.769E-2
25.151,-0.124,-5.891E-2
25.169,-0.123,-6.090E-2
25.187,-0.122,-6.231E-2
25.206,-0.120,-6.108E-2
25.224,-0.119,-5.703E-2
25.242,-0.119,-5.612E-2
25.260,-0.119,-5.388E-2
25.278,-0.117,-5.257E-2
25.297,-0.115,-4.975E-2
25.315,-0.115,-4.784E-2
25.333,-0.115,-4.606E-2
25.351,-0.114,-4.364E-2
25.370,-0.113,-4.276E-2
25.388,-0.113,-4.352E-2
25.406,-0.114,-4.658E-2
25.424,-0.114,-4.834E-2
25.442,-0.114,-4.550E-2
25.461,-0.116,-4.558E-2
25.479,-0.114,-4.449E-2
25.497,-0.115,-4.560E-2
25.515,-0.116,-4.404E-2
25.533,-0.115,-4.178E-2
25.552,-0.115,-4.496E-2
25.570,-0.115,-4.547E-2
25.588,-0.117,-4.539E-2
25.606,-0.116,-4.273E-2
25.624,-0.117,-4.432E-2
25.643,-0.117,-4.462E-2
25.661,-0.117,-4.519E-2
25.679,-0.116,-4.646E-2
25.697,-0.115,-4.863E-2
25.716,-0.115,-5.024E-2
25.734,-0.115,-5.118E-2
25.752,-0.116,-5.059E-2
25.770,-0.117,-4.927E-2
25.788,-0.118,-4.785E-2
25.807,-0.118,-4.688E-2
25.825,-0.118,-4.706E-2
25.843,-0.117,-4.912E-2
25.861,-0.116,-5.127E-2
25.879,-0.114,-5.443E-2
25.898,-0.115,-5.868E-2
25.916,-0.115,-6.312E-2
25.934,-0.116,-6.698E-2
25.952,-0.115,-6.702E-2
25.971,-0.115,-6.439E-2
25.989,-0.116,-6.170E-2
26.007,-0.116,-5.987E-2
26.025,-0.116,-5.734E-2
26.043,-0.116,-5.469E-2
26.062,-0.117,-5.288E-2
26.080,-0.117,-5.188E-2
26.098,-0.116,-5.077E-2
26.116,-0.117,-4.979E-2
26.134,-0.118,-4.890E-2
26.153,-0.119,-4.851E-2
26.171,-0.119,-4.803E-2
26.189,-0.120,-4.702E-2
26.207,-0.121,-4.651E-2
26.225,-0.121,-4.687E-2
26.244,-0.121,-4.896E-2
26.262,-0.121,-5.260E-2
26.280,-0.119,-5.547E-2
26.298,-0.137,-6.854E-2
26.317,-0.138,-7.480E-2
26.335,-0.145,-7.975E-2
26.353,-0.129,-8.126E-2
26.371,-0.119,-8.393E-2
26.389,-0.121,-6.186E-2
26.408,-0.117,-8.537E-2
26.426,-0.119,-7.989E-2
26.444,-0.116,-8.096E-2
26.462,-0.116,-7.913E-2
26.480,-0.116,-7.848E-2
26.499,-0.115,-6.968E-2
26.517,-0.113,-6.583E-2
26.535,-0.114,-6.329E-2
26.553,-0.113,-6.094E-2
26.572,-0.114,-5.886E-2
26.590,-0.113,-5.625E-2
26.608,-0.113,-5.390E-2
26.626,-0.112,-5.123E-2
26.644,-0.113,-4.435E-2
26.663,-0.111,-4.983E-2
26.681,-0.110,-5.126E-2
26.699,-0.108,-5.346E-2
26.717,-0.109,-5.631E-2
26.735,-0.109,-5.850E-2
26.754,-0.120,-5.968E-2
26.772,-0.106,-6.076E-2
26.790,-0.108,-6.125E-2
26.808,-0.108,-6.172E-2
26.827,-0.108,-6.158E-2
26.845,-0.109,-6.072E-2
26.863,-0.109,-5.953E-2
26.881,-0.110,-5.835E-2
26.899,-0.110,-5.680E-2
26.918,-0.111,-5.444E-2
26.936,-0.112,-5.167E-2
26.954,-0.109,-6.207E-2
26.972,-0.113,-4.800E-2
26.990,-0.114,-4.789E-2
27.009,-0.115,-4.695E-2
27.027,-0.115,-4.693E-2
27.045,-0.115,-4.748E-2
27.063,-0.115,-4.860E-2
27.081,-0.115,-4.926E-2
27.100,-0.115,-4.989E-2
27.118,-0.115,-4.921E-2
27.136,-0.116,-4.896E-2
27.154,-0.116,-4.930E-2
27.173,-0.114,-5.022E-2
27.191,-0.115,-5.121E-2
27.209,-0.133,-6.410E-2
27.227,-0.139,-6.471E-2
27.245,-0.137,-6.305E-2
27.264,-0.138,-6.112E-2
27.282,-0.114,-5.733E-2
27.300,-0.114,-5.968E-2
27.318,-0.114,-5.975E-2
27.336,-0.114,-6.017E-2
27.355,-0.112,-6.166E-2
27.373,-0.112,-6.206E-2
27.391,-0.112,-5.854E-2
27.409,-0.113,-5.444E-2
27.428,-0.113,-4.990E-2
27.446,-0.114,-4.656E-2
27.464,-0.114,-4.562E-2
27.482,-0.116,-4.657E-2
27.500,-0.115,-4.892E-2
27.519,-0.114,-5.620E-2
27.537,-0.130,-6.713E-2
27.555,-0.111,-6.897E-2
27.573,-0.113,-7.065E-2
27.591,-0.112,-6.726E-2
27.610,-0.113,-6.351E-2
27.628,-0.113,-5.837E-2
27.646,-0.113,-5.407E-2
27.664,-0.112,-5.130E-2
27.682,-0.112,-4.923E-2
27.701,-0.113,-4.676E-2
27.719,-0.113,-4.421E-2
27.737,-0.113,-4.123E-2
27.755,-0.113,-4.027E-2
27.774,-0.114,-4.027E-2
27.792,-0.113,-3.938E-2
27.810,-0.113,-3.896E-2
27.828,-0.114,-3.892E-2
27.846,-0.114,-3.894E-2
27.865,-0.115,-3.907E-2
27.883,-0.115,-3.925E-2
27.901,-0.115,-3.977E-2
27.919,-0.116,-4.057E-2
27.937,-0.116,-4.192E-2
27.956,-0.115,-4.355E-2
27.974,-0.115,-4.534E-2
27.992,-0.115,-4.614E-2
28.010,-0.113,-4.670E-2
28.029,-0.113,-4.757E-2
28.047,-0.113,-4.899E-2
28.065,-0.112,-5.039E-2
28.083,-0.112,-5.184E-2
28.101,-0.112,-5.255E-2
28.120,-0.119,-5.517E-2
28.138,-0.112,-5.441E-2
28.156,-0.113,-5.620E-2
28.174,-0.113,-5.805E-2
28.192,-0.113,-5.936E-2
28.211,-0.113,-6.015E-2
28.229,-0.113,-6.056E-2
28.247,-0.113,-6.132E-2
28.265,-0.113,-6.252E-2
28.283,-0.113,-6.339E-2
28.302,-0.114,-6.372E-2
28.320,-0.114,-6.395E-2
28.338,-0.113,-6.527E-2
28.356,-0.113,-6.662E-2
28.375,-0.113,-6.478E-2
28.393,-0.113,-6.098E-2
28.411,-0.113,-5.615E-2
28.429,-0.114,-5.125E-2
28.447,-0.113,-4.612E-2
28.466,-0.113,-4.152E-2
28.484,-0.116,-3.921E-2
28.502,-0.117,-3.833E-2
28.520,-0.117,-3.789E-2
28.538,-0.118,-3.831E-2
28.557,-0.118,-4.031E-2
28.575,-0.118,-4.326E-2
28.593,-0.117,-4.625E-2
28.611,-0.116,-5.012E-2
28.630,-0.134,-6.125E-2
28.648,-0.135,-6.577E-2
28.666,-0.143,-7.242E-2
28.684,-0.130,-7.322E-2
28.702,-0.114,-7.535E-2
28.721,-0.113,-7.667E-2
28.739,-0.113,-7.484E-2
28.757,-0.113,-7.097E-2
28.775,-0.113,-6.677E-2
28.793,-0.112,-6.269E-2
28.812,-0.112,-5.835E-2
28.830,-0.112,-5.487E-2
28.848,-0.112,-5.136E-2
28.866,-0.112,-4.958E-2
28.884,-0.113,-4.888E-2
28.903,-0.113,-4.866E-2
28.921,-0.114,-4.847E-2
28.939,-0.114,-4.797E-2
28.957,-0.115,-4.726E-2
28.976,-0.115,-4.614E-2
28.994,-0.115,-4.704E-2
29.012,-0.115,-4.949E-2
29.030,-0.114,-5.316E-2
29.048,-0.113,-5.527E-2
29.067,-0.113,-5.715E-2
29.085,-0.113,-5.606E-2
29.103,-0.113,-5.366E-2
29.121,-0.113,-5.122E-2
29.139,-0.113,-4.982E-2
29.158,-0.114,-5.209E-2
29.176,-0.114,-5.562E-2
29.194,-0.114,-5.710E-2
29.212,-0.114,-5.554E-2
29.231,-0.114,-5.335E-2
29.249,-0.114,-5.015E-2
29.267,-0.114,-4.713E-2
29.285,-0.114,-4.406E-2
29.303,-0.115,-4.248E-2
29.322,-0.116,-4.247E-2
29.340,-0.116,-4.416E-2
29.358,-0.116,-4.614E-2
29.376,-0.116,-4.828E-2
29.394,-0.115,-5.058E-2
29.413,-0.115,-5.200E-2
29.431,-0.114,-5.350E-2
29.449,-0.133,-5.597E-2
29.467,-0.133,-6.031E-2
29.485,-0.113,-5.848E-2
29.504,-0.121,-6.378E-2
29.522,-0.119,-6.608E-2
29.540,-0.115,-6.521E-2
29.558,-0.115,-6.711E-2
29.577,-0.115,-6.890E-2
29.595,-0.115,-7.034E-2
29.613,-0.114,-6.933E-2
29.631,-0.114,-6.666E-2
29.649,-0.114,-6.397E-2
29.668,-0.115,-6.155E-2
29.686,-0.114,-5.891E-2
29.704,-0.115,-5.648E-2
29.722,-0.115,-5.400E-2
29.740,-0.117,-5.380E-2
29.759,-0.118,-5.415E-2
29.777,-0.118,-5.483E-2
29.795,-0.117,-5.616E-2
29.813,-0.118,-5.518E-2
29.832,-0.119,-5.637E-2
29.850,-0.119,-5.696E-2
29.868,-0.118,-5.739E-2
29.886,-0.118,-5.660E-2
29.904,-0.118,-5.472E-2
29.923,-0.118,-5.242E-2
29.941,-0.118,-5.056E-2
29.959,-0.117,-4.931E-2
29.977,-0.117,-4.822E-2
29.995,-0.118,-4.738E-2
30.014,-0.118,-4.736E-2
30.032,-0.117,-4.766E-2
30.050,-0.116,-4.714E-2
30.068,-0.116,-4.660E-2
30.086,-0.116,-4.527E-2
30.105,-0.115,-4.403E-2
30.123,-0.115,-4.359E-2
30.141,-0.114,-4.303E-2
30.159,-0.115,-4.245E-2
30.178,-0.115,-4.160E-2
30.196,-0.115,-4.107E-2
30.214,-0.132,-5.076E-2
30.232,-0.144,-5.327E-2
30.250,-0.152,-4.995E-2
30.269,-0.167,-4.611E-2
30.287,-0.153,-4.723E-2
30.305,-0.142,-4.931E-2
30.323,-0.154,-4.815E-2
30.341,-0.169,-5.525E-2
30.360,-0.180,-6.084E-2
30.378,-0.166,-6.074E-2
30.396,-0.166,-6.292E-2
30.414,-0.151,-6.324E-2
30.433,-0.138,-6.355E-2
30.451,-0.152,-6.580E-2
30.469,-0.150,-6.479E-2
30.487,-0.138,-6.571E-2
30.505,-0.115,-6.517E-2
30.524,-0.114,-6.931E-2
30.542,-0.114,-6.714E-2
30.560,-0.114,-6.416E-2
30.578,-0.114,-6.096E-2
30.596,-0.114,-5.725E-2
30.615,-0.114,-5.440E-2
30.633,-0.114,-5.198E-2
30.651,-0.115,-5.003E-2
30.669,-0.115,-4.896E-2
30.687,-0.116,-4.792E-2
30.706,-0.115,-4.719E-2
30.724,-0.116,-4.629E-2
30.742,-0.116,-4.546E-2
30.760,-0.116,-4.489E-2
30.779,-0.117,-4.488E-2
30.797,-0.117,-4.475E-2
30.815,-0.117,-4.442E-2
30.833,-0.117,-4.542E-2
30.851,-0.116,-4.705E-2
30.870,-0.116,-4.858E-2
30.888,-0.116,-4.982E-2
30.906,-0.116,-5.071E-2
30.924,-0.116,-5.163E-2
30.942,-0.117,-5.286E-2
30.961,-0.117,-5.418E-2
30.979,-0.117,-5.565E-2
30.997,-0.117,-5.628E-2
31.015,-0.118,-5.641E-2
31.034,-0.117,-5.185E-2
31.052,-0.116,-4.692E-2
31.070,-0.116,-4.078E-2
31.088,-0.117,-3.520E-2
31.106,-0.117,-3.336E-2
31.125,-0.119,-2.697E-2
31.143,-0.121,-2.806E-2
31.161,-0.121,-2.878E-2
31.179,-0.120,-2.899E-2
31.197,-0.120,-3.344E-2
31.216,-0.121,-4.646E-2
31.234,-0.116,-5.281E-2
31.252,-0.132,-6.120E-2
31.270,-0.111,-6.189E-2
31.288,-0.110,-6.382E-2
31.307,-0.111,-5.526E-2
31.325,-0.111,-5.289E-2
31.343,-0.112,-4.534E-2
31.361,-0.111,-4.311E-2
31.380,-0.110,-4.151E-2
31.398,-0.110,-4.023E-2
31.416,-0.109,-3.703E-2
31.434,-0.127,-4.721E-2
31.452,-0.143,-4.926E-2
31.471,-0.156,-5.084E-2
31.489,-0.151,-5.195E-2
31.507,-0.138,-5.266E-2
31.525,-0.138,-5.619E-2
31.543,-0.123,-5.829E-2
31.562,-0.135,-6.163E-2
31.580,-0.120,-6.287E-2
31.598,-0.120,-6.286E-2
31.616,-0.138,-5.744E-2
31.635,-0.140,-5.389E-2
31.653,-0.139,-5.072E-2
31.671,-0.128,-5.267E-2
31.689,-0.111,-4.789E-2
31.707,-0.111,-5.032E-2
31.726,-0.113,-4.901E-2
31.744,-0.112,-5.320E-2
31.762,-0.112,-5.363E-2
31.780,-0.130,-6.318E-2
31.798,-0.130,-6.500E-2
31.817,-0.143,-6.433E-2
31.835,-0.142,-6.439E-2
31.853,-0.143,-6.425E-2
31.871,-0.138,-6.294E-2
31.889,-0.137,-6.294E-2
31.908,-0.155,-6.263E-2
31.926,-0.151,-6.049E-2
31.944,-0.149,-5.955E-2
31.962,-0.149,-5.859E-2
31.981,-0.150,-5.724E-2
31.999,-0.135,-6.030E-2
32.017,-0.117,-6.639E-2
32.035,-0.116,-6.407E-2
32.053,-0.116,-6.102E-2
32.072,-0.116,-5.635E-2
32.090,-0.116,-5.377E-2
32.108,-0.117,-4.977E-2
32.126,-0.117,-4.640E-2
32.144,-0.118,-4.356E-2
32.163,-0.119,-4.109E-2
32.181,-0.119,-4.012E-2
32.199,-0.119,-3.971E-2
32.217,-0.120,-3.894E-2
32.236,-0.120,-3.885E-2
32.254,-0.120,-3.977E-2
32.272,-0.137,-5.302E-2
32.290,-0.138,-5.527E-2
32.308,-0.139,-5.829E-2
32.327,-0.129,-6.135E-2
32.345,-0.117,-6.026E-2
32.363,-0.116,-6.113E-2
32.381,-0.115,-5.987E-2
32.399,-0.115,-5.728E-2
32.418,-0.115,-5.544E-2
32.436,-0.115,-5.385E-2
32.454,-0.115,-5.245E-2
32.472,-0.115,-5.201E-2
32.490,-0.116,-5.165E-2
32.509,-0.116,-5.125E-2
32.527,-0.116,-5.089E-2
32.545,-0.116,-5.077E-2
32.563,-0.116,-5.041E-2
32.582,-0.116,-5.110E-2
32.600,-0.117,-5.152E-2
32.618,-0.115,-5.219E-2
32.636,-0.115,-5.286E-2
32.654,-0.114,-5.330E-2
32.673,-0.114,-5.387E-2
32.691,-0.114,-5.488E-2
32.709,-0.114,-5.622E-2
32.727,-0.114,-5.751E-2
32.745,-0.115,-5.838E-2
32.764,-0.115,-5.812E-2
32.782,-0.115,-5.712E-2
32.800,-0.115,-5.476E-2
32.818,-0.115,-5.220E-2
32.837,-0.116,-5.061E-2
32.855,-0.116,-4.975E-2
32.873,-0.116,-4.967E-2
32.891,-0.116,-5.020E-2
32.909,-0.117,-5.151E-2
32.928,-0.116,-5.317E-2
32.946,-0.114,-5.382E-2
32.964,-0.114,-5.528E-2
32.982,-0.115,-5.659E-2
33.000,-0.115,-5.810E-2
33.019,-0.114,-5.947E-2
33.037,-0.115,-6.208E-2
33.055,-0.115,-6.527E-2
33.073,-0.114,-6.789E-2
33.091,-0.116,-7.064E-2
33.110,-0.116,-7.105E-2
33.128,-0.116,-7.053E-2
33.146,-0.116,-6.963E-2
33.164,-0.115,-6.793E-2
33.183,-0.114,-6.523E-2
33.201,-0.114,-6.270E-2
33.219,-0.114,-5.994E-2
33.237,-0.114,-5.806E-2
33.255,-0.113,-5.624E-2
33.274,-0.113,-5.618E-2
33.292,-0.115,-5.740E-2
33.310,-0.114,-5.887E-2
33.328,-0.114,-6.112E-2
33.346,-0.113,-6.285E-2
33.365,-0.112,-6.442E-2
33.383,-0.114,-6.723E-2
33.401,-0.115,-6.739E-2
33.419,-0.113,-6.612E-2
33.438,-0.112,-6.394E-2
33.456,-0.112,-6.217E-2
33.474,-0.112,-6.041E-2
33.492,-0.113,-5.856E-2
33.510,-0.113,-5.742E-2
33.529,-0.114,-5.740E-2
33.547,-0.113,-5.592E-2
33.565,-0.113,-5.478E-2
33.583,-0.113,-5.398E-2
33.601,-0.114,-5.350E-2
33.620,-0.115,-5.290E-2
33.638,-0.115,-5.256E-2
33.656,-0.115,-5.252E-2
33.674,-0.115,-5.253E-2
33.692,-0.114,-5.328E-2
33.711,-0.113,-5.352E-2
33.729,-0.114,-5.393E-2
33.747,-0.123,-5.588E-2
33.765,-0.113,-5.381E-2
33.784,-0.114,-5.371E-2
33.802,-0.130,-5.892E-2
33.820,-0.127,-5.953E-2
33.838,-0.113,-5.756E-2
33.856,-0.113,-5.751E-2
33.875,-0.112,-5.187E-2
33.893,-0.112,-4.726E-2
33.911,-0.110,-4.681E-2
33.929,-0.125,-4.496E-2
33.947,-0.140,-4.292E-2
33.966,-0.149,-4.595E-2
33.984,-0.141,-4.566E-2
34.002,-0.136,-4.983E-2
34.020,-0.132,-5.306E-2
34.039,-0.132,-5.961E-2
34.057,-0.140,-6.801E-2
34.075,-0.149,-7.516E-2
34.093,-0.135,-7.670E-2
34.111,-0.146,-7.868E-2
34.130,-0.132,-8.008E-2
34.148,-0.117,-8.237E-2
34.166,-0.117,-8.245E-2
34.184,-0.114,-8.078E-2
34.202,-0.114,-8.060E-2
34.221,-0.115,-7.377E-2
34.239,-0.113,-6.932E-2
34.257,-0.114,-6.743E-2
34.275,-0.114,-6.613E-2
34.293,-0.114,-6.541E-2
34.312,-0.115,-6.346E-2
34.330,-0.116,-6.261E-2
34.348,-0.113,-6.394E-2
34.366,-0.113,-6.476E-2
34.385,-0.111,-6.573E-2
34.403,-0.129,-7.145E-2
34.421,-0.140,-7.294E-2
34.439,-0.142,-7.377E-2
34.457,-0.126,-7.543E-2
34.476,-0.112,-7.706E-2
34.494,-0.112,-7.668E-2
34.512,-0.112,-7.429E-2
34.530,-0.112,-7.125E-2
34.548,-0.112,-6.774E-2
34.567,-0.112,-6.427E-2
34.585,-0.112,-6.029E-2
34.603,-0.111,-5.769E-2
34.621,-0.111,-5.488E-2
34.640,-0.113,-5.426E-2
34.658,-0.111,-5.260E-2
34.676,-0.113,-5.291E-2
34.694,-0.112,-5.235E-2
34.712,-0.111,-5.177E-2
34.731,-0.112,-4.894E-2
34.749,-0.111,-4.627E-2
34.767,-0.112,-4.422E-2
34.785,-0.113,-4.291E-2
34.803,-0.113,-4.414E-2
34.822,-0.112,-4.538E-2
34.840,-0.112,-4.712E-2
34.858,-0.130,-5.809E-2
34.876,-0.111,-5.321E-2
34.894,-0.127,-6.355E-2
34.913,-0.134,-6.383E-2
34.931,-0.152,-6.364E-2
34.949,-0.150,-6.135E-2
34.967,-0.137,-6.152E-2
34.986,-0.121,-6.110E-2
35.004,-0.110,-5.806E-2
35.022,-0.111,-5.756E-2
35.040,-0.111,-5.766E-2
35.058,-0.113,-5.968E-2
35.077,-0.112,-6.126E-2
35.095,-0.113,-6.335E-2
35.113,-0.114,-6.519E-2
35.131,-0.113,-6.424E-2
35.149,-0.114,-6.258E-2
35.168,-0.115,-5.975E-2
35.186,-0.114,-5.628E-2
35.204,-0.116,-5.443E-2
35.222,-0.117,-5.429E-2
35.241,-0.118,-5.515E-2
35.259,-0.134,-6.018E-2
35.277,-0.118,-6.061E-2
35.295,-0.119,-6.460E-2
35.313,-0.115,-6.523E-2
35.332,-0.131,-7.044E-2
35.350,-0.116,-7.109E-2
35.368,-0.118,-7.329E-2
35.386,-0.116,-7.439E-2
35.404,-0.117,-7.606E-2
35.423,-0.118,-7.824E-2
35.441,-0.117,-7.920E-2
35.459,-0.116,-8.059E-2
35.477,-0.117,-8.237E-2
35.495,-0.114,-8.204E-2
35.514,-0.115,-7.721E-2
35.532,-0.115,-7.256E-2
35.550,-0.115,-6.984E-2
35.568,-0.111,-6.396E-2
35.587,-0.109,-5.613E-2
35.605,-0.110,-5.739E-2
35.623,-0.111,-5.530E-2
35.641,-0.113,-5.382E-2
35.659,-0.112,-5.199E-2
35.678,-0.112,-5.251E-2
35.696,-0.112,-5.336E-2
35.714,-0.111,-5.431E-2
35.732,-0.112,-5.560E-2
35.750,-0.112,-5.622E-2
35.769,-0.112,-5.657E-2
35.787,-0.112,-5.705E-2
35.805,-0.112,-5.746E-2
35.823,-0.113,-5.797E-2
35.842,-0.113,-5.848E-2
35.860,-0.113,-5.933E-2
35.878,-0.113,-5.990E-2
35.896,-0.114,-6.061E-2
35.914,-0.114,-6.076E-2
35.933,-0.115,-6.099E-2
35.951,-0.115,-6.118E-2
35.969,-0.115,-6.195E-2
35.987,-0.115,-6.260E-2
36.005,-0.112,-5.560E-2
36.024,-0.113,-6.398E-2
36.042,-0.112,-6.478E-2
36.060,-0.111,-6.611E-2
36.078,-0.111,-6.788E-2
36.096,-0.110,-6.901E-2
36.115,-0.110,-6.896E-2
36.133,-0.110,-6.745E-2
36.151,-0.110,-6.555E-2
36.169,-0.109,-6.374E-2
36.188,-0.109,-6.243E-2
36.206,-0.109,-6.153E-2
36.224,-0.109,-6.139E-2
36.242,-0.109,-6.133E-2
36.260,-0.110,-6.122E-2
36.279,-0.109,-6.039E-2
36.297,-0.108,-5.833E-2
36.315,-0.108,-5.640E-2
36.333,-0.108,-5.524E-2
36.351,-0.124,-5.731E-2
36.370,-0.116,-5.751E-2
36.388,-0.115,-6.108E-2
36.406,-0.118,-6.487E-2
36.424,-0.111,-5.998E-2
36.443,-0.112,-6.208E-2
36.461,-0.130,-6.218E-2
36.479,-0.118,-6.324E-2
36.497,-0.118,-6.149E-2
36.515,-0.118,-6.024E-2
36.534,-0.110,-6.193E-2
36.552,-0.111,-6.285E-2
36.570,-0.110,-6.189E-2
36.588,-0.111,-6.275E-2
36.606,-0.111,-6.423E-2
36.625,-0.111,-6.448E-2
36.643,-0.112,-6.311E-2
36.661,-0.112,-6.125E-2
36.679,-0.113,-5.897E-2
36.697,-0.114,-5.714E-2
36.716,-0.113,-5.617E-2
36.734,-0.115,-5.681E-2
36.752,-0.114,-5.724E-2
36.770,-0.115,-5.840E-2
36.789,-0.115,-5.920E-2
36.807,-0.114,-6.015E-2
36.825,-0.114,-6.202E-2
36.843,-0.114,-6.431E-2
36.861,-0.113,-6.669E-2
36.880,-0.113,-6.934E-2
36.898,-0.113,-7.211E-2
36.916,-0.113,-7.493E-2
36.934,-0.112,-7.580E-2
36.952,-0.114,-7.617E-2
36.971,-0.113,-7.411E-2
36.989,-0.113,-7.209E-2
37.007,-0.113,-6.990E-2
37.025,-0.113,-6.919E-2
37.044,-0.113,-6.844E-2
37.062,-0.113,-6.845E-2
37.080,-0.113,-6.809E-2
37.098,-0.113,-6.761E-2
37.116,-0.113,-6.700E-2
37.135,-0.112,-6.667E-2
37.153,-0.113,-6.694E-2
37.171,-0.113,-6.694E-2
37.189,-0.112,-6.622E-2
37.207,-0.113,-6.515E-2
37.226,-0.113,-6.328E-2
37.244,-0.113,-6.120E-2
37.262,-0.114,-6.016E-2
37.280,-0.113,-6.024E-2
37.298,-0.115,-5.875E-2
37.317,-0.114,-5.829E-2
37.335,-0.115,-5.780E-2
37.353,-0.115,-5.689E-2
37.371,-0.116,-5.604E-2
37.390,-0.131,-5.493E-2
37.408,-0.115,-5.479E-2
37.426,-0.116,-5.434E-2
37.444,-0.118,-5.439E-2
37.462,-0.113,-5.175E-2
37.481,-0.126,-5.362E-2
37.499,-0.138,-5.893E-2
37.517,-0.124,-5.864E-2
37.535,-0.132,-6.406E-2
37.553,-0.131,-6.538E-2
37.572,-0.121,-6.466E-2
37.590,-0.125,-6.505E-2
37.608,-0.111,-6.210E-2
37.626,-0.117,-6.750E-2
37.645,-0.117,-6.732E-2
37.663,-0.117,-6.530E-2
37.681,-0.110,-5.734E-2
37.699,-0.109,-5.358E-2
37.717,-0.109,-5.000E-2
37.736,-0.113,-4.563E-2
37.754,-0.111,-4.518E-2
37.772,-0.110,-3.954E-2
37.790,-0.111,-3.799E-2
37.808,-0.110,-3.471E-2
37.827,-0.109,-3.590E-2
37.845,-0.112,-3.280E-2
37.863,-0.129,-4.081E-2
37.881,-0.144,-4.391E-2
37.899,-0.144,-4.608E-2
37.918,-0.129,-4.674E-2
37.936,-0.111,-4.001E-2
37.954,-0.112,-4.199E-2
37.972,-0.113,-4.387E-2
37.991,-0.112,-4.534E-2
38.009,-0.112,-4.712E-2
38.027,-0.112,-4.933E-2
38.045,-0.111,-5.221E-2
38.063,-0.110,-5.574E-2
38.082,-0.127,-6.818E-2
38.100,-0.127,-7.059E-2
38.118,-0.110,-6.525E-2
38.136,-0.109,-6.717E-2
38.154,-0.109,-6.893E-2
38.173,-0.125,-7.458E-2
38.191,-0.110,-7.064E-2
38.209,-0.111,-7.040E-2
38.227,-0.126,-7.141E-2
38.246,-0.110,-6.935E-2
38.264,-0.113,-6.980E-2
38.282,-0.112,-6.895E-2
38.300,-0.113,-6.857E-2
38.318,-0.112,-6.706E-2
38.337,-0.113,-6.560E-2
38.355,-0.113,-6.382E-2
38.373,-0.112,-6.182E-2
38.391,-0.113,-6.027E-2
38.409,-0.113,-5.912E-2
38.428,-0.114,-5.881E-2
38.446,-0.114,-5.810E-2
38.464,-0.115,-5.718E-2
38.482,-0.116,-5.621E-2
38.500,-0.116,-5.472E-2
38.519,-0.117,-5.382E-2
38.537,-0.117,-5.427E-2
38.555,-0.117,-5.386E-2
38.573,-0.116,-5.428E-2
38.592,-0.118,-5.485E-2
38.610,-0.114,-5.813E-2
38.628,-0.132,-6.805E-2
38.646,-0.131,-7.054E-2
38.664,-0.128,-7.133E-2
38.683,-0.111,-7.075E-2
38.701,-0.111,-7.256E-2
38.719,-0.111,-7.038E-2
38.737,-0.111,-6.573E-2
38.755,-0.110,-5.808E-2
38.774,-0.110,-5.194E-2
38.792,-0.110,-4.486E-2
38.810,-0.110,-4.286E-2
38.828,-0.114,-4.128E-2
38.847,-0.109,-4.715E-2
38.865,-0.111,-5.289E-2
38.883,-0.110,-6.014E-2
38.901,-0.110,-7.282E-2
38.919,-0.108,-7.766E-2
38.938,-0.110,-7.313E-2
38.956,-0.110,-6.641E-2
38.974,-0.113,-6.201E-2
38.992,-0.107,-5.714E-2
39.010,-0.125,-5.895E-2
39.029,-0.144,-6.021E-2
39.047,-0.144,-6.298E-2
39.065,-0.146,-6.423E-2
39.083,-0.128,-6.680E-2
39.101,-0.115,-6.875E-2
39.120,-0.110,-6.719E-2
39.138,-0.109,-6.383E-2
39.156,-0.109,-5.823E-2
39.174,-0.107,-5.378E-2
39.193,-0.109,-5.015E-2
39.211,-0.107,-4.812E-2
39.229,-0.106,-4.824E-2
39.247,-0.108,-5.199E-2
39.265,-0.106,-5.091E-2
39.284,-0.107,-4.908E-2
39.302,-0.107,-4.644E-2
39.320,-0.107,-4.352E-2
39.338,-0.107,-4.073E-2
39.356,-0.108,-3.834E-2
39.375,-0.108,-3.737E-2
39.393,-0.109,-4.089E-2
39.411,-0.112,-4.081E-2
39.429,-0.113,-4.099E-2
39.448,-0.114,-3.943E-2
39.466,-0.114,-3.693E-2
39.484,-0.113,-3.582E-2
39.502,-0.113,-3.594E-2
39.520,-0.113,-3.649E-2
39.539,-0.113,-3.655E-2
39.557,-0.114,-3.610E-2
39.575,-0.115,-3.431E-2
39.593,-0.117,-3.309E-2
39.611,-0.117,-3.253E-2
39.630,-0.117,-3.256E-2
39.648,-0.117,-3.215E-2
39.666,-0.117,-3.220E-2
39.684,-0.118,-3.284E-2
39.702,-0.118,-3.472E-2
39.721,-0.117,-3.703E-2
39.739,-0.116,-4.075E-2
39.757,-0.116,-4.311E-2
39.775,-0.115,-4.623E-2
39.794,-0.115,-4.896E-2
39.812,-0.115,-5.074E-2
39.830,-0.114,-5.314E-2
39.848,-0.114,-5.518E-2
39.866,-0.115,-5.760E-2
39.885,-0.114,-5.924E-2
39.903,-0.115,-6.112E-2
39.921,-0.115,-6.298E-2
39.939,-0.115,-6.431E-2
39.957,-0.115,-6.480E-2
39.976,-0.115,-6.328E-2
39.994,-0.115,-6.190E-2
40.012,-0.115,-6.154E-2
40.030,-0.115,-6.169E-2
40.049,-0.115,-6.192E-2
40.067,-0.116,-6.081E-2
40.085,-0.116,-5.901E-2
40.103,-0.116,-5.699E-2
40.121,-0.117,-5.497E-2
40.140,-0.118,-5.368E-2
40.158,-0.118,-5.327E-2
40.176,-0.118,-5.426E-2
40.194,-0.117,-5.597E-2
40.212,-0.116,-5.819E-2
40.231,-0.115,-6.028E-2
40.249,-0.114,-6.193E-2
40.267,-0.114,-6.289E-2
40.285,-0.113,-6.386E-2
40.303,-0.113,-6.433E-2
40.322,-0.112,-6.335E-2
40.340,-0.112,-6.163E-2
40.358,-0.112,-5.896E-2
40.376,-0.113,-5.651E-2
40.395,-0.113,-5.472E-2
40.413,-0.113,-5.342E-2
40.431,-0.113,-5.290E-2
40.449,-0.113,-5.242E-2
40.467,-0.113,-5.199E-2
40.486,-0.112,-5.164E-2
40.504,-0.114,-5.198E-2
40.522,-0.114,-5.260E-2
40.540,-0.114,-5.356E-2
40.558,-0.113,-5.397E-2
40.577,-0.114,-5.424E-2
40.595,-0.114,-5.379E-2
40.613,-0.114,-5.303E-2
40.631,-0.114,-5.079E-2
40.650,-0.115,-4.760E-2
40.668,-0.116,-4.494E-2
40.686,-0.115,-4.592E-2
40.704,-0.116,-4.484E-2
40.722,-0.117,-4.779E-2
40.741,-0.116,-4.921E-2
40.759,-0.117,-4.939E-2
40.777,-0.117,-4.895E-2
40.795,-0.118,-4.886E-2
40.813,-0.118,-4.890E-2
40.832,-0.119,-4.875E-2
40.850,-0.119,-4.881E-2
40.868,-0.119,-4.922E-2
40.886,-0.119,-4.890E-2
40.904,-0.119,-4.796E-2
40.923,-0.119,-4.783E-2
40.941,-0.120,-4.734E-2
40.959,-0.119,-4.472E-2
40.977,-0.120,-4.745E-2
40.996,-0.121,-4.826E-2
41.014,-0.120,-4.918E-2
41.032,-0.120,-5.016E-2
41.050,-0.119,-5.107E-2
41.068,-0.119,-5.167E-2
41.087,-0.119,-5.244E-2
41.105,-0.119,-5.342E-2
41.123,-0.119,-5.441E-2
41.141,-0.119,-5.617E-2
41.159,-0.118,-5.799E-2
41.178,-0.117,-5.938E-2
41.196,-0.117,-5.977E-2
41.214,-0.115,-5.884E-2
41.232,-0.116,-5.745E-2
41.251,-0.116,-5.570E-2
41.269,-0.115,-5.397E-2
41.287,-0.116,-5.293E-2
41.305,-0.113,-5.168E-2
41.323,-0.113,-5.164E-2
41.342,-0.116,-5.243E-2
41.360,-0.116,-5.243E-2
41.378,-0.116,-5.235E-2
41.396,-0.116,-5.238E-2
41.414,-0.116,-5.241E-2
41.433,-0.116,-4.910E-2
41.451,-0.115,-5.155E-2
41.469,-0.116,-5.158E-2
41.487,-0.115,-5.162E-2
41.505,-0.115,-5.157E-2
41.524,-0.115,-5.153E-2
41.542,-0.115,-5.124E-2
41.560,-0.114,-5.064E-2
41.578,-0.113,-4.990E-2
41.597,-0.113,-4.907E-2
41.615,-0.112,-4.805E-2
41.633,-0.112,-4.747E-2
41.651,-0.111,-4.629E-2
41.669,-0.110,-4.549E-2
41.688,-0.110,-4.543E-2
41.706,-0.110,-4.540E-2
41.724,-0.110,-4.531E-2
41.742,-0.110,-4.490E-2
41.760,-0.111,-4.350E-2
41.779,-0.111,-4.255E-2
41.797,-0.112,-4.291E-2
41.815,-0.113,-4.298E-2
41.833,-0.113,-4.258E-2
41.852,-0.123,-4.320E-2
41.870,-0.124,-4.316E-2
41.888,-0.115,-4.142E-2
