,mass A,,
t,x,y,
0.000,-0.131,-0.105
0.017,-0.131,-0.105
0.033,-0.132,-0.105
0.050,-0.132,-0.105
0.067,-0.132,-0.105
0.083,-0.132,-0.105
0.100,-0.133,-0.105
0.117,-0.133,-0.105
0.134,-0.133,-0.105
0.150,-0.133,-0.105
0.167,-0.133,-0.105
0.184,-0.132,-0.105
0.200,-0.132,-0.105
0.217,-0.132,-0.105
0.234,-0.132,-0.105
0.250,-0.131,-0.104
0.267,-0.131,-0.104
0.284,-0.131,-0.104
0.301,-0.131,-0.103
0.317,-0.130,-0.103
0.334,-0.130,-0.102
0.351,-0.130,-0.102
0.367,-0.130,-0.102
0.384,-0.130,-0.102
0.401,-0.129,-0.101
0.417,-0.129,-0.101
0.434,-0.129,-0.101
0.451,-0.129,-0.101
0.468,-0.129,-0.100
0.484,-0.130,-0.100
0.501,-0.130,-0.100
0.518,-0.130,-0.100
0.534,-0.130,-0.101
0.551,-0.130,-0.101
0.568,-0.130,-0.101
0.584,-0.130,-0.102
0.601,-0.131,-0.102
0.618,-0.131,-0.103
0.635,-0.131,-0.103
0.651,-0.131,-0.104
0.668,-0.131,-0.104
0.685,-0.131,-0.104
0.701,-0.131,-0.105
0.718,-0.131,-0.105
0.735,-0.131,-0.105
0.751,-0.132,-0.106
0.768,-0.132,-0.106
0.785,-0.132,-0.105
0.802,-0.132,-0.106
0.818,-0.132,-0.106
0.835,-0.132,-0.105
0.852,-0.132,-0.105
0.868,-0.132,-0.104
0.885,-0.132,-0.103
0.902,-0.132,-0.102
0.918,-0.132,-0.101
0.935,-0.132,-0.100
0.952,-0.132,-9.948E-2
0.969,-0.132,-9.849E-2
0.985,-0.131,-9.777E-2
1.002,-0.131,-9.702E-2
1.019,-0.131,-9.620E-2
1.035,-0.131,-9.524E-2
1.052,-0.130,-9.465E-2
1.069,-0.130,-9.374E-2
1.085,-0.129,-9.291E-2
1.102,-0.129,-9.218E-2
1.119,-0.128,-9.144E-2
1.136,-0.128,-9.052E-2
1.152,-0.127,-8.960E-2
1.169,-0.127,-8.887E-2
1.186,-0.127,-8.854E-2
1.202,-0.126,-8.796E-2
1.219,-0.126,-8.801E-2
1.236,-0.126,-8.816E-2
1.252,-0.125,-8.842E-2
1.269,-0.125,-8.916E-2
1.286,-0.124,-8.999E-2
1.303,-0.124,-9.107E-2
1.319,-0.124,-9.188E-2
1.336,-0.123,-9.267E-2
1.353,-0.124,-9.342E-2
1.369,-0.123,-9.416E-2
1.386,-0.123,-9.387E-2
1.403,-0.124,-9.467E-2
1.419,-0.124,-9.463E-2
1.436,-0.124,-9.480E-2
1.453,-0.124,-9.521E-2
1.470,-0.125,-9.554E-2
1.486,-0.125,-9.563E-2
1.503,-0.125,-9.562E-2
1.520,-0.125,-9.563E-2
1.536,-0.126,-9.562E-2
1.553,-0.126,-9.463E-2
1.570,-0.126,-9.481E-2
1.586,-0.127,-9.440E-2
1.603,-0.127,-9.367E-2
1.620,-0.127,-9.330E-2
1.637,-0.127,-9.286E-2
1.653,-0.128,-9.098E-2
1.670,-0.128,-9.154E-2
1.687,-0.129,-9.111E-2
1.703,-0.129,-9.027E-2
1.720,-0.129,-8.963E-2
1.737,-0.130,-8.930E-2
1.753,-0.130,-8.859E-2
1.770,-0.130,-8.826E-2
1.787,-0.130,-8.807E-2
1.804,-0.130,-8.785E-2
1.820,-0.130,-8.785E-2
1.837,-0.130,-8.796E-2
1.854,-0.130,-8.806E-2
1.870,-0.130,-8.828E-2
1.887,-0.130,-8.841E-2
1.904,-0.130,-8.872E-2
1.920,-0.129,-8.888E-2
1.937,-0.129,-8.927E-2
1.954,-0.129,-8.983E-2
1.971,-0.129,-9.062E-2
1.987,-0.129,-9.111E-2
2.004,-0.130,-9.150E-2
2.021,-0.130,-9.194E-2
2.037,-0.130,-9.234E-2
2.054,-0.130,-9.281E-2
2.071,-0.130,-9.362E-2
2.087,-0.131,-9.422E-2
2.104,-0.131,-9.504E-2
2.121,-0.131,-9.563E-2
2.138,-0.131,-9.688E-2
2.154,-0.131,-9.729E-2
2.171,-0.131,-9.846E-2
2.188,-0.131,-9.946E-2
2.204,-0.131,-9.966E-2
2.221,-0.132,-0.100
2.238,-0.132,-0.101
2.254,-0.132,-0.101
2.271,-0.132,-0.101
2.288,-0.133,-0.102
2.305,-0.133,-0.102
2.321,-0.133,-0.102
2.338,-0.133,-0.103
2.355,-0.134,-0.103
2.371,-0.134,-0.103
2.388,-0.134,-0.103
2.405,-0.134,-0.103
2.421,-0.134,-0.103
2.438,-0.134,-0.103
2.455,-0.134,-0.103
2.472,-0.134,-0.103
2.488,-0.134,-0.103
2.505,-0.134,-0.103
2.522,-0.134,-0.104
2.538,-0.134,-0.104
2.555,-0.133,-0.104
2.572,-0.133,-0.104
2.588,-0.133,-0.104
2.605,-0.133,-0.104
2.622,-0.133,-0.104
2.639,-0.133,-0.104
2.655,-0.133,-0.103
2.672,-0.133,-0.103
2.689,-0.133,-0.102
2.705,-0.133,-0.102
2.722,-0.133,-0.101
2.739,-0.133,-0.100
2.755,-0.133,-9.991E-2
2.772,-0.133,-9.934E-2
2.789,-0.133,-9.910E-2
2.806,-0.133,-9.875E-2
2.822,-0.133,-9.842E-2
2.839,-0.132,-9.868E-2
2.856,-0.132,-9.872E-2
2.872,-0.131,-9.887E-2
2.889,-0.130,-9.814E-2
2.906,-0.130,-9.928E-2
2.922,-0.130,-9.953E-2
2.939,-0.130,-9.974E-2
2.956,-0.129,-0.100
2.973,-0.129,-0.100
2.989,-0.129,-0.100
3.006,-0.129,-0.100
3.023,-0.128,-0.100
3.039,-0.128,-0.100
3.056,-0.128,-0.100
3.073,-0.128,-9.952E-2
3.089,-0.128,-9.960E-2
3.106,-0.128,-9.932E-2
3.123,-0.127,-9.906E-2
3.140,-0.127,-9.920E-2
3.156,-0.127,-9.923E-2
3.173,-0.127,-9.926E-2
3.190,-0.127,-9.923E-2
3.206,-0.128,-9.928E-2
3.223,-0.128,-9.930E-2
3.240,-0.128,-9.921E-2
3.256,-0.128,-9.890E-2
3.273,-0.128,-9.878E-2
3.290,-0.128,-9.876E-2
3.307,-0.128,-9.859E-2
3.323,-0.129,-9.856E-2
3.340,-0.129,-9.873E-2
3.357,-0.129,-9.872E-2
3.373,-0.129,-9.883E-2
3.390,-0.129,-9.874E-2
3.407,-0.130,-9.878E-2
3.423,-0.130,-9.881E-2
3.440,-0.130,-9.884E-2
3.457,-0.130,-9.875E-2
3.474,-0.130,-9.875E-2
3.490,-0.130,-9.869E-2
3.507,-0.130,-9.862E-2
3.524,-0.130,-9.849E-2
3.540,-0.129,-9.871E-2
3.557,-0.130,-9.876E-2
3.574,-0.129,-9.886E-2
3.590,-0.129,-9.888E-2
3.607,-0.129,-9.884E-2
3.624,-0.129,-9.880E-2
3.641,-0.129,-9.885E-2
3.657,-0.129,-9.878E-2
3.674,-0.129,-9.872E-2
3.691,-0.129,-9.835E-2
3.707,-0.129,-9.787E-2
3.724,-0.129,-9.738E-2
3.741,-0.129,-9.702E-2
3.757,-0.129,-9.659E-2
3.774,-0.129,-9.651E-2
3.791,-0.129,-9.645E-2
3.808,-0.129,-9.658E-2
3.824,-0.129,-9.663E-2
3.841,-0.129,-9.690E-2
3.858,-0.129,-9.693E-2
3.874,-0.129,-9.699E-2
3.891,-0.129,-9.693E-2
3.908,-0.129,-9.697E-2
3.924,-0.129,-9.666E-2
3.941,-0.128,-9.666E-2
3.958,-0.128,-9.666E-2
3.975,-0.128,-9.664E-2
3.991,-0.128,-9.695E-2
4.008,-0.128,-9.695E-2
4.025,-0.128,-9.659E-2
4.041,-0.128,-9.647E-2
4.058,-0.128,-9.605E-2
4.075,-0.128,-9.560E-2
4.091,-0.128,-9.514E-2
4.108,-0.128,-9.465E-2
4.125,-0.128,-9.431E-2
4.142,-0.128,-9.384E-2
4.158,-0.128,-9.373E-2
4.175,-0.128,-9.339E-2
4.192,-0.128,-9.330E-2
4.208,-0.127,-9.291E-2
4.225,-0.128,-9.262E-2
4.242,-0.128,-9.230E-2
4.258,-0.127,-9.213E-2
4.275,-0.127,-9.163E-2
4.292,-0.127,-9.110E-2
4.309,-0.127,-9.103E-2
4.325,-0.127,-9.058E-2
4.342,-0.128,-9.012E-2
4.359,-0.128,-8.971E-2
4.375,-0.128,-8.926E-2
4.392,-0.127,-8.922E-2
4.409,-0.128,-8.895E-2
4.425,-0.127,-8.889E-2
4.442,-0.128,-8.812E-2
4.459,-0.128,-8.835E-2
4.476,-0.128,-8.828E-2
4.492,-0.128,-8.814E-2
4.509,-0.128,-8.812E-2
4.526,-0.129,-8.822E-2
4.542,-0.129,-8.801E-2
4.559,-0.129,-8.815E-2
4.576,-0.129,-8.834E-2
4.592,-0.129,-8.837E-2
4.609,-0.129,-8.817E-2
4.626,-0.130,-8.876E-2
4.643,-0.130,-8.917E-2
4.659,-0.130,-8.927E-2
4.676,-0.130,-8.960E-2
4.693,-0.130,-8.964E-2
4.709,-0.131,-8.935E-2
4.726,-0.131,-8.926E-2
4.743,-0.131,-8.918E-2
4.759,-0.131,-8.890E-2
4.776,-0.131,-8.847E-2
4.793,-0.131,-8.829E-2
4.810,-0.131,-8.794E-2
4.826,-0.132,-8.744E-2
4.843,-0.131,-8.732E-2
4.860,-0.132,-8.706E-2
4.876,-0.132,-8.691E-2
4.893,-0.132,-8.660E-2
4.910,-0.132,-8.637E-2
4.926,-0.132,-8.640E-2
4.943,-0.132,-8.638E-2
4.960,-0.132,-8.629E-2
4.977,-0.132,-8.651E-2
4.993,-0.132,-8.692E-2
5.010,-0.132,-8.712E-2
5.027,-0.132,-8.775E-2
5.043,-0.132,-8.792E-2
5.060,-0.132,-8.802E-2
5.077,-0.132,-8.801E-2
5.093,-0.131,-8.847E-2
5.110,-0.131,-8.869E-2
5.127,-0.131,-8.885E-2
5.144,-0.131,-8.918E-2
5.160,-0.131,-8.932E-2
5.177,-0.130,-8.968E-2
5.194,-0.130,-8.984E-2
5.210,-0.130,-8.985E-2
5.227,-0.130,-9.012E-2
5.244,-0.130,-9.022E-2
5.260,-0.129,-9.054E-2
5.277,-0.129,-8.874E-2
5.294,-0.129,-8.909E-2
5.311,-0.130,-9.055E-2
5.327,-0.129,-9.056E-2
5.344,-0.129,-9.053E-2
5.361,-0.129,-9.027E-2
5.377,-0.129,-9.021E-2
5.394,-0.129,-9.010E-2
5.411,-0.129,-9.009E-2
5.427,-0.129,-9.010E-2
5.444,-0.129,-9.012E-2
5.461,-0.128,-9.010E-2
5.478,-0.128,-9.011E-2
5.494,-0.128,-8.990E-2
5.511,-0.128,-8.975E-2
5.528,-0.128,-8.946E-2
5.544,-0.128,-8.913E-2
5.561,-0.128,-8.885E-2
5.578,-0.127,-8.852E-2
5.594,-0.128,-8.836E-2
5.611,-0.128,-8.836E-2
5.628,-0.128,-8.828E-2
5.645,-0.128,-8.831E-2
5.661,-0.128,-8.828E-2
5.678,-0.128,-8.829E-2
5.695,-0.128,-8.835E-2
5.711,-0.128,-8.838E-2
5.728,-0.128,-8.874E-2
5.745,-0.129,-8.923E-2
5.761,-0.129,-8.927E-2
5.778,-0.129,-8.976E-2
5.795,-0.129,-8.977E-2
5.812,-0.129,-9.013E-2
5.828,-0.130,-9.015E-2
5.845,-0.130,-9.052E-2
5.862,-0.131,-9.062E-2
5.878,-0.131,-9.102E-2
5.895,-0.131,-9.164E-2
5.912,-0.131,-9.233E-2
5.928,-0.131,-9.308E-2
5.945,-0.131,-9.379E-2
5.962,-0.131,-9.470E-2
5.979,-0.131,-9.550E-2
5.995,-0.132,-9.602E-2
6.012,-0.132,-9.658E-2
6.029,-0.132,-9.728E-2
6.045,-0.132,-9.788E-2
6.062,-0.133,-9.836E-2
6.079,-0.133,-9.917E-2
6.095,-0.133,-9.989E-2
6.112,-0.133,-0.100
6.129,-0.134,-0.101
6.146,-0.134,-0.102
6.162,-0.134,-0.103
6.179,-0.135,-0.104
6.196,-0.135,-0.105
6.212,-0.135,-0.105
6.229,-0.135,-0.106
6.246,-0.135,-0.107
6.262,-0.135,-0.106
6.279,-0.136,-0.108
6.296,-0.136,-0.109
6.313,-0.136,-0.109
6.329,-0.136,-0.110
6.346,-0.136,-0.110
6.363,-0.136,-0.110
6.379,-0.136,-0.110
6.396,-0.136,-0.110
6.413,-0.136,-0.110
6.429,-0.136,-0.110
6.446,-0.136,-0.110
6.463,-0.136,-0.110
6.480,-0.135,-0.110
6.496,-0.135,-0.110
6.513,-0.135,-0.109
6.530,-0.135,-0.109
6.546,-0.135,-0.109
6.563,-0.135,-0.109
6.580,-0.135,-0.109
6.596,-0.135,-0.109
6.613,-0.135,-0.108
6.630,-0.135,-0.108
6.647,-0.135,-0.108
6.663,-0.135,-0.108
6.680,-0.135,-0.108
6.697,-0.135,-0.108
6.713,-0.135,-0.108
6.730,-0.135,-0.108
6.747,-0.135,-0.108
6.763,-0.134,-0.108
6.780,-0.135,-0.108
6.797,-0.135,-0.108
6.814,-0.135,-0.109
6.830,-0.135,-0.109
6.847,-0.135,-0.110
6.864,-0.135,-0.110
6.880,-0.135,-0.111
6.897,-0.134,-0.111
6.914,-0.134,-0.112
6.930,-0.134,-0.112
6.947,-0.134,-0.112
6.964,-0.134,-0.112
6.981,-0.134,-0.111
6.997,-0.133,-0.111
7.014,-0.133,-0.110
7.031,-0.133,-0.109
7.047,-0.133,-0.109
7.064,-0.132,-0.108
7.081,-0.132,-0.107
7.097,-0.132,-0.106
7.114,-0.132,-0.106
7.131,-0.132,-0.105
7.148,-0.132,-0.105
7.164,-0.132,-0.105
7.181,-0.131,-0.104
7.198,-0.131,-0.104
7.214,-0.131,-0.103
7.231,-0.131,-0.103
7.248,-0.131,-0.103
7.264,-0.130,-0.103
7.281,-0.130,-0.102
7.298,-0.130,-0.101
7.315,-0.130,-0.102
7.331,-0.130,-0.102
7.348,-0.130,-0.102
7.365,-0.129,-0.101
7.381,-0.129,-0.101
7.398,-0.129,-0.101
7.415,-0.129,-0.101
7.431,-0.129,-0.100
7.448,-0.128,-9.987E-2
7.465,-0.128,-9.932E-2
7.482,-0.128,-9.874E-2
7.498,-0.128,-9.796E-2
7.515,-0.127,-9.740E-2
7.532,-0.127,-9.653E-2
7.548,-0.127,-9.569E-2
7.565,-0.127,-9.509E-2
7.582,-0.127,-9.390E-2
7.598,-0.127,-9.331E-2
7.615,-0.127,-9.257E-2
7.632,-0.127,-9.195E-2
7.649,-0.127,-9.155E-2
7.665,-0.127,-9.075E-2
7.682,-0.127,-9.019E-2
7.699,-0.127,-8.970E-2
7.715,-0.126,-8.923E-2
7.732,-0.126,-8.854E-2
7.749,-0.126,-8.833E-2
7.765,-0.126,-8.812E-2
7.782,-0.126,-8.807E-2
7.799,-0.126,-8.796E-2
7.816,-0.126,-8.792E-2
7.832,-0.126,-8.800E-2
7.849,-0.126,-8.787E-2
7.866,-0.127,-8.797E-2
7.882,-0.127,-8.791E-2
7.899,-0.127,-8.837E-2
7.916,-0.127,-8.843E-2
7.932,-0.127,-8.877E-2
7.949,-0.127,-8.883E-2
7.966,-0.128,-8.903E-2
7.983,-0.128,-8.908E-2
7.999,-0.128,-8.920E-2
8.016,-0.128,-8.920E-2
8.033,-0.128,-8.878E-2
8.049,-0.128,-8.877E-2
8.066,-0.128,-8.879E-2
8.083,-0.128,-8.729E-2
8.099,-0.129,-8.829E-2
8.116,-0.129,-8.796E-2
8.133,-0.129,-8.783E-2
8.150,-0.129,-8.735E-2
8.166,-0.129,-8.668E-2
8.183,-0.129,-8.630E-2
8.200,-0.129,-8.578E-2
8.216,-0.129,-8.520E-2
8.233,-0.129,-8.452E-2
8.250,-0.128,-8.422E-2
8.266,-0.128,-8.388E-2
8.283,-0.128,-8.331E-2
8.300,-0.128,-8.301E-2
8.317,-0.128,-8.289E-2
8.333,-0.128,-8.288E-2
8.350,-0.128,-8.296E-2
8.367,-0.128,-8.331E-2
8.383,-0.128,-8.368E-2
8.400,-0.128,-8.418E-2
8.417,-0.128,-8.473E-2
8.433,-0.128,-8.556E-2
8.450,-0.128,-8.621E-2
8.467,-0.128,-8.705E-2
8.484,-0.128,-8.786E-2
8.500,-0.128,-8.905E-2
8.517,-0.128,-9.004E-2
8.534,-0.129,-9.111E-2
8.550,-0.129,-9.240E-2
8.567,-0.129,-9.334E-2
8.584,-0.130,-9.416E-2
8.600,-0.130,-9.516E-2
8.617,-0.130,-9.605E-2
8.634,-0.131,-9.701E-2
8.651,-0.131,-9.711E-2
8.667,-0.132,-9.825E-2
8.684,-0.132,-9.868E-2
8.701,-0.132,-9.912E-2
8.717,-0.133,-9.957E-2
8.734,-0.133,-9.960E-2
8.751,-0.133,-9.965E-2
8.767,-0.133,-9.946E-2
8.784,-0.133,-9.928E-2
8.801,-0.133,-9.892E-2
8.818,-0.133,-9.865E-2
8.834,-0.133,-9.827E-2
8.851,-0.133,-9.781E-2
8.868,-0.133,-9.728E-2
8.884,-0.133,-9.658E-2
8.901,-0.133,-9.616E-2
8.918,-0.133,-9.566E-2
8.934,-0.132,-9.517E-2
8.951,-0.132,-9.472E-2
8.968,-0.132,-9.426E-2
8.985,-0.132,-9.378E-2
9.001,-0.132,-9.353E-2
9.018,-0.132,-9.344E-2
9.035,-0.132,-9.333E-2
9.051,-0.132,-9.333E-2
9.068,-0.132,-9.322E-2
9.085,-0.132,-9.292E-2
9.101,-0.132,-9.296E-2
9.118,-0.132,-9.320E-2
9.135,-0.132,-9.321E-2
9.152,-0.132,-9.330E-2
9.168,-0.131,-9.373E-2
9.185,-0.131,-9.416E-2
9.202,-0.131,-9.453E-2
9.218,-0.131,-9.551E-2
9.235,-0.131,-9.617E-2
9.252,-0.131,-9.701E-2
9.268,-0.131,-9.795E-2
9.285,-0.131,-9.904E-2
9.302,-0.131,-0.101
9.319,-0.131,-0.101
9.335,-0.131,-0.102
9.352,-0.131,-0.103
9.369,-0.131,-0.103
9.385,-0.131,-0.104
9.402,-0.131,-0.104
9.419,-0.131,-0.104
9.435,-0.131,-0.104
9.452,-0.131,-0.105
9.469,-0.132,-0.105
9.486,-0.132,-0.105
9.502,-0.132,-0.105
9.519,-0.132,-0.106
9.536,-0.132,-0.106
9.552,-0.132,-0.105
9.569,-0.132,-0.105
9.586,-0.132,-0.105
9.602,-0.133,-0.106
9.619,-0.133,-0.106
9.636,-0.133,-0.106
9.653,-0.133,-0.106
9.669,-0.132,-0.105
9.686,-0.132,-0.105
9.703,-0.132,-0.105
9.719,-0.132,-0.104
9.736,-0.132,-0.104
9.753,-0.132,-0.104
9.769,-0.132,-0.104
9.786,-0.132,-0.104
9.803,-0.132,-0.103
9.820,-0.132,-0.103
9.836,-0.132,-0.103
9.853,-0.132,-0.103
9.870,-0.133,-0.103
9.886,-0.132,-0.102
9.903,-0.132,-0.102
9.920,-0.132,-0.102
9.936,-0.132,-0.102
9.953,-0.132,-0.101
9.970,-0.132,-0.101
9.987,-0.132,-0.100
10.003,-0.131,-0.100
10.020,-0.131,-9.932E-2
10.037,-0.131,-9.887E-2
10.053,-0.131,-9.847E-2
10.070,-0.131,-9.805E-2
10.087,-0.131,-9.781E-2
10.103,-0.131,-9.755E-2
10.120,-0.131,-9.745E-2
10.137,-0.131,-9.738E-2
10.154,-0.131,-9.774E-2
10.170,-0.131,-9.802E-2
10.187,-0.132,-9.829E-2
10.204,-0.132,-9.877E-2
10.220,-0.132,-9.911E-2
10.237,-0.132,-9.962E-2
10.254,-0.132,-0.100
10.270,-0.132,-0.101
10.287,-0.132,-0.101
10.304,-0.131,-0.101
10.321,-0.131,-0.101
10.337,-0.131,-0.101
10.354,-0.131,-0.102
10.371,-0.131,-0.102
10.387,-0.131,-0.102
10.404,-0.131,-0.102
10.421,-0.131,-0.101
10.437,-0.131,-0.101
10.454,-0.131,-9.974E-2
10.471,-0.131,-9.892E-2
10.488,-0.131,-9.789E-2
10.504,-0.131,-9.686E-2
10.521,-0.131,-9.565E-2
10.538,-0.131,-9.476E-2
10.554,-0.131,-9.410E-2
10.571,-0.131,-9.342E-2
10.588,-0.131,-9.297E-2
10.604,-0.130,-9.282E-2
10.621,-0.130,-9.280E-2
10.638,-0.130,-9.296E-2
10.655,-0.130,-9.314E-2
10.671,-0.129,-9.324E-2
10.688,-0.129,-9.334E-2
10.705,-0.129,-9.376E-2
10.721,-0.129,-9.371E-2
10.738,-0.128,-9.369E-2
10.755,-0.129,-9.416E-2
10.771,-0.128,-9.421E-2
10.788,-0.128,-9.422E-2
10.805,-0.128,-9.398E-2
10.822,-0.128,-9.422E-2
10.838,-0.127,-9.386E-2
10.855,-0.127,-9.370E-2
10.872,-0.127,-9.350E-2
10.888,-0.126,-9.293E-2
10.905,-0.126,-9.274E-2
10.922,-0.125,-9.260E-2
10.938,-0.125,-9.261E-2
10.955,-0.125,-9.275E-2
10.972,-0.125,-9.215E-2
10.989,-0.125,-9.233E-2
11.005,-0.125,-9.260E-2
11.022,-0.125,-9.260E-2
11.039,-0.124,-9.289E-2
11.055,-0.124,-9.288E-2
11.072,-0.124,-9.281E-2
11.089,-0.124,-9.334E-2
11.105,-0.124,-9.292E-2
11.122,-0.123,-9.296E-2
11.139,-0.123,-9.256E-2
11.156,-0.123,-9.214E-2
11.172,-0.123,-9.163E-2
11.189,-0.124,-9.116E-2
11.206,-0.124,-9.090E-2
11.222,-0.124,-8.997E-2
11.239,-0.124,-9.008E-2
11.256,-0.125,-9.019E-2
11.272,-0.125,-8.997E-2
11.289,-0.126,-8.996E-2
11.306,-0.127,-9.027E-2
11.323,-0.127,-9.001E-2
11.339,-0.127,-9.062E-2
11.356,-0.128,-9.068E-2
11.373,-0.128,-9.063E-2
11.389,-0.128,-9.066E-2
11.406,-0.128,-9.077E-2
11.423,-0.129,-9.073E-2
11.439,-0.129,-9.070E-2
11.456,-0.129,-9.081E-2
11.473,-0.129,-9.079E-2
11.490,-0.129,-9.102E-2
11.506,-0.129,-9.143E-2
11.523,-0.130,-9.110E-2
11.540,-0.130,-9.111E-2
11.556,-0.130,-9.090E-2
11.573,-0.131,-9.080E-2
11.590,-0.131,-9.025E-2
11.606,-0.131,-8.961E-2
11.623,-0.131,-8.839E-2
11.640,-0.131,-8.759E-2
11.657,-0.131,-8.699E-2
11.673,-0.131,-8.644E-2
11.690,-0.131,-8.632E-2
11.707,-0.131,-8.645E-2
11.723,-0.130,-8.622E-2
11.740,-0.130,-8.615E-2
11.757,-0.130,-8.605E-2
11.773,-0.129,-8.604E-2
11.790,-0.129,-8.574E-2
11.807,-0.129,-8.562E-2
11.824,-0.129,-8.556E-2
11.840,-0.128,-8.542E-2
11.857,-0.129,-8.532E-2
11.874,-0.129,-8.554E-2
11.890,-0.128,-8.530E-2
11.907,-0.129,-8.562E-2
11.924,-0.129,-8.601E-2
11.940,-0.129,-8.647E-2
11.957,-0.129,-8.748E-2
11.974,-0.129,-8.866E-2
11.991,-0.129,-8.976E-2
12.007,-0.129,-9.101E-2
12.024,-0.129,-9.236E-2
12.041,-0.129,-9.391E-2
12.057,-0.130,-9.538E-2
12.074,-0.130,-9.698E-2
12.091,-0.130,-9.827E-2
12.107,-0.130,-9.942E-2
12.124,-0.130,-0.100
12.141,-0.130,-0.101
12.158,-0.131,-0.102
12.174,-0.131,-0.102
12.191,-0.131,-0.102
12.208,-0.131,-0.103
12.224,-0.131,-0.103
12.241,-0.131,-0.103
12.258,-0.132,-0.103
12.274,-0.132,-0.103
12.291,-0.132,-0.103
12.308,-0.132,-0.103
12.325,-0.132,-0.103
12.341,-0.132,-0.103
12.358,-0.132,-0.103
12.375,-0.132,-0.102
12.391,-0.132,-0.102
12.408,-0.131,-0.102
12.425,-0.131,-0.101
12.441,-0.131,-0.100
12.458,-0.131,-9.977E-2
12.475,-0.130,-9.926E-2
12.492,-0.130,-9.854E-2
12.508,-0.129,-9.796E-2
12.525,-0.129,-9.790E-2
12.542,-0.128,-9.753E-2
12.558,-0.128,-9.661E-2
12.575,-0.128,-9.647E-2
12.592,-0.127,-9.610E-2
12.608,-0.127,-9.566E-2
12.625,-0.127,-9.436E-2
12.642,-0.127,-9.464E-2
12.659,-0.127,-9.421E-2
12.675,-0.127,-9.409E-2
12.692,-0.127,-9.407E-2
12.709,-0.128,-9.399E-2
12.725,-0.128,-9.439E-2
12.742,-0.128,-9.495E-2
12.759,-0.128,-9.521E-2
12.775,-0.128,-9.586E-2
12.792,-0.128,-9.647E-2
12.809,-0.128,-9.696E-2
12.826,-0.127,-9.710E-2
12.842,-0.127,-9.738E-2
12.859,-0.127,-9.794E-2
12.876,-0.127,-9.857E-2
12.892,-0.127,-9.920E-2
12.909,-0.127,-9.970E-2
12.926,-0.127,-0.101
12.942,-0.127,-0.102
12.959,-0.127,-0.103
12.976,-0.127,-0.103
12.993,-0.128,-0.104
13.009,-0.128,-0.105
13.026,-0.128,-0.105
13.043,-0.128,-0.105
13.059,-0.129,-0.105
13.076,-0.129,-0.106
13.093,-0.129,-0.106
13.109,-0.130,-0.106
13.126,-0.130,-0.106
13.143,-0.131,-0.106
13.160,-0.131,-0.106
13.176,-0.132,-0.106
13.193,-0.132,-0.106
13.210,-0.132,-0.106
13.226,-0.133,-0.106
13.243,-0.133,-0.106
13.260,-0.133,-0.107
13.276,-0.133,-0.107
13.293,-0.133,-0.108
13.310,-0.133,-0.108
13.327,-0.132,-0.109
13.343,-0.133,-0.108
13.360,-0.133,-0.108
13.377,-0.133,-0.108
13.393,-0.133,-0.108
13.410,-0.133,-0.108
13.427,-0.133,-0.108
13.443,-0.133,-0.108
13.460,-0.133,-0.107
13.477,-0.133,-0.107
13.494,-0.133,-0.107
13.510,-0.133,-0.107
13.527,-0.133,-0.107
13.544,-0.133,-0.107
13.560,-0.134,-0.107
13.577,-0.133,-0.107
13.594,-0.133,-0.107
13.610,-0.133,-0.108
13.627,-0.133,-0.108
13.644,-0.133,-0.108
13.661,-0.133,-0.108
13.677,-0.133,-0.108
13.694,-0.133,-0.109
13.711,-0.133,-0.109
13.727,-0.133,-0.109
13.744,-0.134,-0.109
13.761,-0.134,-0.110
13.777,-0.133,-0.110
13.794,-0.134,-0.110
13.811,-0.134,-0.110
13.828,-0.134,-0.110
13.844,-0.134,-0.111
13.861,-0.134,-0.111
13.878,-0.134,-0.112
13.894,-0.134,-0.112
13.911,-0.134,-0.113
13.928,-0.134,-0.113
13.944,-0.134,-0.113
13.961,-0.134,-0.113
13.978,-0.134,-0.113
13.995,-0.133,-0.112
14.011,-0.133,-0.112
14.028,-0.133,-0.112
14.045,-0.133,-0.111
14.061,-0.133,-0.111
14.078,-0.133,-0.110
14.095,-0.132,-0.109
14.111,-0.132,-0.108
14.128,-0.132,-0.108
14.145,-0.132,-0.107
14.162,-0.131,-0.107
14.178,-0.131,-0.106
14.195,-0.131,-0.105
14.212,-0.131,-0.105
14.228,-0.130,-0.104
14.245,-0.130,-0.103
14.262,-0.130,-0.103
14.278,-0.129,-0.102
14.295,-0.129,-0.102
14.312,-0.128,-0.101
14.329,-0.128,-0.101
14.345,-0.128,-0.100
14.362,-0.127,-0.100
14.379,-0.127,-9.973E-2
14.395,-0.126,-9.942E-2
14.412,-0.126,-9.924E-2
14.429,-0.126,-9.890E-2
14.445,-0.125,-9.880E-2
14.462,-0.125,-9.806E-2
14.479,-0.125,-9.751E-2
14.496,-0.125,-9.705E-2
14.512,-0.125,-9.653E-2
14.529,-0.125,-9.622E-2
14.546,-0.125,-9.546E-2
14.562,-0.125,-9.557E-2
14.579,-0.125,-9.562E-2
14.596,-0.125,-9.632E-2
14.612,-0.125,-9.654E-2
14.629,-0.125,-9.696E-2
14.646,-0.125,-9.707E-2
14.663,-0.125,-9.701E-2
14.679,-0.125,-9.681E-2
14.696,-0.125,-9.707E-2
14.713,-0.125,-9.706E-2
14.729,-0.125,-9.701E-2
14.746,-0.125,-9.665E-2
14.763,-0.125,-9.651E-2
14.779,-0.125,-9.593E-2
14.796,-0.125,-9.519E-2
14.813,-0.126,-9.427E-2
14.830,-0.125,-9.342E-2
14.846,-0.125,-9.243E-2
14.863,-0.126,-9.110E-2
14.880,-0.126,-9.003E-2
14.896,-0.126,-8.901E-2
14.913,-0.127,-8.781E-2
14.930,-0.127,-8.682E-2
14.946,-0.127,-8.564E-2
14.963,-0.127,-8.448E-2
14.980,-0.127,-8.378E-2
14.997,-0.127,-8.292E-2
15.013,-0.127,-8.229E-2
15.030,-0.127,-8.196E-2
15.047,-0.127,-8.164E-2
15.063,-0.127,-8.185E-2
15.080,-0.127,-8.203E-2
15.097,-0.127,-8.245E-2
15.113,-0.127,-8.300E-2
15.130,-0.127,-8.382E-2
15.147,-0.128,-8.485E-2
15.164,-0.128,-8.578E-2
15.180,-0.128,-8.695E-2
15.197,-0.128,-8.811E-2
15.214,-0.128,-8.943E-2
15.230,-0.129,-9.102E-2
15.247,-0.129,-9.234E-2
15.264,-0.130,-9.356E-2
15.280,-0.130,-9.472E-2
15.297,-0.131,-9.556E-2
15.314,-0.131,-9.643E-2
15.331,-0.131,-9.711E-2
15.347,-0.132,-9.803E-2
15.364,-0.132,-9.899E-2
15.381,-0.132,-9.956E-2
15.397,-0.132,-9.990E-2
15.414,-0.132,-0.101
15.431,-0.133,-0.101
15.447,-0.133,-0.102
15.464,-0.133,-0.102
15.481,-0.133,-0.103
15.498,-0.133,-0.103
15.514,-0.133,-0.102
15.531,-0.133,-0.102
15.548,-0.133,-0.101
15.564,-0.133,-0.100
15.581,-0.133,-9.883E-2
15.598,-0.133,-9.747E-2
15.614,-0.133,-9.617E-2
15.631,-0.133,-9.477E-2
15.648,-0.133,-9.347E-2
15.665,-0.132,-9.233E-2
15.681,-0.132,-9.109E-2
15.698,-0.131,-9.008E-2
15.715,-0.130,-8.912E-2
15.731,-0.129,-8.794E-2
15.748,-0.128,-8.715E-2
15.765,-0.128,-8.653E-2
15.781,-0.127,-8.616E-2
15.798,-0.127,-8.612E-2
15.815,-0.126,-8.575E-2
15.832,-0.126,-8.572E-2
15.848,-0.126,-8.570E-2
15.865,-0.125,-8.583E-2
15.882,-0.125,-8.610E-2
15.898,-0.125,-8.673E-2
15.915,-0.124,-8.746E-2
15.932,-0.124,-8.807E-2
15.948,-0.124,-8.879E-2
15.965,-0.124,-8.881E-2
15.982,-0.124,-8.840E-2
15.999,-0.125,-8.806E-2
16.015,-0.125,-8.651E-2
16.032,-0.125,-8.711E-2
16.049,-0.126,-8.677E-2
16.065,-0.126,-8.620E-2
16.082,-0.126,-8.605E-2
16.099,-0.126,-8.566E-2
16.115,-0.127,-8.530E-2
16.132,-0.127,-8.517E-2
16.149,-0.127,-8.474E-2
16.166,-0.127,-8.466E-2
16.182,-0.127,-8.432E-2
16.199,-0.128,-8.401E-2
16.216,-0.128,-8.349E-2
16.232,-0.128,-8.291E-2
16.249,-0.128,-8.247E-2
16.266,-0.128,-8.206E-2
16.282,-0.128,-8.154E-2
16.299,-0.128,-8.133E-2
16.316,-0.128,-8.113E-2
16.333,-0.128,-8.122E-2
16.349,-0.128,-8.115E-2
16.366,-0.128,-8.164E-2
16.383,-0.128,-8.182E-2
16.399,-0.128,-8.210E-2
16.416,-0.127,-8.239E-2
16.433,-0.127,-8.291E-2
16.449,-0.127,-8.339E-2
16.466,-0.127,-8.384E-2
16.483,-0.126,-8.433E-2
16.500,-0.126,-8.513E-2
16.516,-0.126,-8.572E-2
16.533,-0.126,-8.666E-2
16.550,-0.126,-8.702E-2
16.566,-0.126,-8.786E-2
16.583,-0.126,-8.834E-2
16.600,-0.127,-8.879E-2
16.616,-0.127,-8.912E-2
16.633,-0.127,-8.937E-2
16.650,-0.127,-8.978E-2
16.667,-0.128,-9.014E-2
16.683,-0.128,-9.016E-2
16.700,-0.128,-9.021E-2
16.717,-0.128,-9.029E-2
16.733,-0.128,-9.017E-2
16.750,-0.128,-8.988E-2
16.767,-0.128,-8.971E-2
16.783,-0.128,-8.951E-2
16.800,-0.128,-8.923E-2
16.817,-0.128,-8.918E-2
16.834,-0.128,-8.883E-2
16.850,-0.128,-8.872E-2
16.867,-0.128,-8.833E-2
16.884,-0.128,-8.823E-2
16.900,-0.128,-8.783E-2
16.917,-0.128,-8.743E-2
16.934,-0.128,-8.713E-2
16.950,-0.128,-8.685E-2
16.967,-0.128,-8.639E-2
16.984,-0.128,-8.609E-2
17.001,-0.128,-8.590E-2
17.017,-0.128,-8.571E-2
17.034,-0.128,-8.610E-2
17.051,-0.128,-8.610E-2
17.067,-0.127,-8.643E-2
17.084,-0.127,-8.677E-2
17.101,-0.127,-8.713E-2
17.117,-0.126,-8.753E-2
17.134,-0.126,-8.792E-2
17.151,-0.126,-8.815E-2
17.168,-0.125,-8.881E-2
17.184,-0.125,-8.934E-2
17.201,-0.125,-8.974E-2
17.218,-0.125,-9.020E-2
17.234,-0.125,-9.082E-2
17.251,-0.124,-9.116E-2
17.268,-0.125,-9.127E-2
17.284,-0.125,-9.130E-2
17.301,-0.125,-9.151E-2
17.318,-0.125,-9.154E-2
17.335,-0.125,-9.123E-2
17.351,-0.126,-9.113E-2
17.368,-0.125,-9.117E-2
17.385,-0.126,-9.074E-2
17.401,-0.126,-9.068E-2
17.418,-0.127,-9.025E-2
17.435,-0.127,-8.971E-2
17.451,-0.127,-8.927E-2
17.468,-0.127,-8.863E-2
17.485,-0.127,-8.822E-2
17.502,-0.127,-8.795E-2
17.518,-0.127,-8.665E-2
17.535,-0.127,-8.714E-2
17.552,-0.127,-8.696E-2
17.568,-0.127,-8.668E-2
17.585,-0.127,-8.652E-2
17.602,-0.126,-8.666E-2
17.618,-0.126,-8.684E-2
17.635,-0.126,-8.700E-2
17.652,-0.126,-8.703E-2
17.669,-0.126,-8.743E-2
17.685,-0.126,-8.789E-2
17.702,-0.126,-8.840E-2
17.719,-0.126,-8.924E-2
17.735,-0.125,-8.989E-2
17.752,-0.125,-9.072E-2
17.769,-0.125,-9.162E-2
17.785,-0.126,-9.243E-2
17.802,-0.126,-9.282E-2
17.819,-0.127,-9.376E-2
17.836,-0.127,-9.409E-2
17.852,-0.127,-9.517E-2
17.869,-0.127,-9.645E-2
17.886,-0.128,-9.746E-2
17.902,-0.128,-9.815E-2
17.919,-0.128,-9.906E-2
17.936,-0.128,-0.100
17.952,-0.129,-0.101
17.969,-0.129,-0.101
17.986,-0.129,-0.100
18.003,-0.129,-0.101
18.019,-0.130,-0.100
18.036,-0.130,-9.972E-2
18.053,-0.130,-9.916E-2
18.069,-0.131,-9.855E-2
18.086,-0.130,-9.704E-2
18.103,-0.131,-9.773E-2
18.119,-0.131,-9.731E-2
18.136,-0.132,-9.732E-2
18.153,-0.132,-9.738E-2
18.170,-0.131,-9.652E-2
18.186,-0.131,-9.658E-2
18.203,-0.131,-9.728E-2
18.220,-0.132,-9.829E-2
18.236,-0.132,-9.869E-2
18.253,-0.131,-9.893E-2
18.270,-0.131,-9.924E-2
18.286,-0.131,-9.943E-2
18.303,-0.131,-9.968E-2
18.320,-0.131,-0.100
18.337,-0.132,-0.100
18.353,-0.132,-0.100
18.370,-0.131,-0.100
18.387,-0.132,-0.101
18.403,-0.132,-0.101
18.420,-0.132,-0.101
18.437,-0.132,-0.102
18.453,-0.132,-0.102
18.470,-0.132,-0.102
18.487,-0.132,-0.102
18.504,-0.133,-0.102
18.520,-0.132,-0.101
18.537,-0.133,-0.102
18.554,-0.133,-0.101
18.570,-0.133,-0.101
18.587,-0.133,-0.100
18.604,-0.133,-0.100
18.620,-0.132,-0.100
18.637,-0.132,-0.100
18.654,-0.132,-0.100
18.671,-0.132,-0.100
18.687,-0.132,-9.976E-2
18.704,-0.132,-9.959E-2
18.721,-0.131,-9.918E-2
18.737,-0.131,-9.879E-2
18.754,-0.130,-9.846E-2
18.771,-0.130,-9.838E-2
18.787,-0.130,-9.837E-2
18.804,-0.129,-9.849E-2
18.821,-0.129,-9.884E-2
18.838,-0.128,-9.925E-2
18.854,-0.128,-9.965E-2
18.871,-0.127,-0.100
18.888,-0.128,-0.101
18.904,-0.128,-0.101
18.921,-0.128,-0.101
18.938,-0.128,-0.101
18.954,-0.128,-0.101
18.971,-0.129,-0.101
18.988,-0.129,-0.101
19.005,-0.129,-0.101
19.021,-0.129,-0.100
19.038,-0.129,-0.100
19.055,-0.128,-0.100
19.071,-0.128,-0.100
19.088,-0.128,-9.977E-2
19.105,-0.128,-9.965E-2
19.121,-0.128,-9.924E-2
19.138,-0.128,-9.879E-2
19.155,-0.127,-9.832E-2
19.172,-0.127,-9.762E-2
19.188,-0.127,-9.709E-2
19.205,-0.127,-9.644E-2
19.222,-0.127,-9.559E-2
19.238,-0.127,-9.506E-2
19.255,-0.127,-9.423E-2
19.272,-0.127,-9.378E-2
19.288,-0.127,-9.349E-2
19.305,-0.126,-9.333E-2
19.322,-0.127,-9.298E-2
19.339,-0.126,-9.261E-2
19.355,-0.126,-9.245E-2
19.372,-0.126,-9.241E-2
19.389,-0.126,-9.220E-2
19.405,-0.126,-9.243E-2
19.422,-0.126,-9.212E-2
19.439,-0.126,-9.210E-2
19.455,-0.126,-9.242E-2
19.472,-0.126,-9.248E-2
19.489,-0.126,-9.295E-2
19.505,-0.126,-9.337E-2
19.522,-0.126,-9.381E-2
19.539,-0.127,-9.431E-2
19.556,-0.127,-9.483E-2
19.572,-0.127,-9.520E-2
19.589,-0.127,-9.564E-2
19.606,-0.127,-9.597E-2
19.622,-0.127,-9.654E-2
19.639,-0.127,-9.716E-2
19.656,-0.127,-9.789E-2
19.672,-0.128,-9.842E-2
19.689,-0.127,-9.869E-2
19.706,-0.128,-9.927E-2
19.723,-0.127,-9.969E-2
19.739,-0.128,-0.100
19.756,-0.128,-0.100
19.773,-0.127,-0.100
19.789,-0.127,-0.101
19.806,-0.127,-0.100
19.823,-0.127,-0.100
19.839,-0.127,-9.927E-2
19.856,-0.128,-9.860E-2
19.873,-0.128,-9.794E-2
19.890,-0.128,-9.742E-2
19.906,-0.128,-9.696E-2
19.923,-0.128,-9.646E-2
19.940,-0.128,-9.589E-2
19.956,-0.128,-9.536E-2
19.973,-0.128,-9.518E-2
19.990,-0.128,-9.520E-2
20.006,-0.128,-9.524E-2
20.023,-0.128,-9.555E-2
20.040,-0.128,-9.602E-2
20.057,-0.128,-9.662E-2
20.073,-0.128,-9.741E-2
20.090,-0.128,-9.815E-2
20.107,-0.128,-9.874E-2
20.123,-0.128,-9.967E-2
20.140,-0.128,-0.100
20.157,-0.128,-0.101
20.173,-0.128,-0.101
20.190,-0.128,-0.102
20.207,-0.128,-0.102
20.224,-0.128,-0.102
20.240,-0.128,-0.101
20.257,-0.128,-0.101
20.274,-0.128,-0.101
20.290,-0.128,-0.101
20.307,-0.128,-0.100
20.324,-0.129,-0.100
20.340,-0.129,-9.965E-2
20.357,-0.129,-9.923E-2
20.374,-0.129,-9.846E-2
20.391,-0.129,-9.817E-2
20.407,-0.129,-9.751E-2
20.424,-0.130,-9.709E-2
20.441,-0.130,-9.651E-2
20.457,-0.130,-9.617E-2
20.474,-0.130,-9.582E-2
20.491,-0.130,-9.551E-2
20.507,-0.130,-9.520E-2
20.524,-0.130,-9.512E-2
20.541,-0.130,-9.512E-2
20.558,-0.129,-9.509E-2
20.574,-0.129,-9.512E-2
20.591,-0.129,-9.512E-2
20.608,-0.129,-9.521E-2
20.624,-0.129,-9.521E-2
20.641,-0.128,-9.517E-2
20.658,-0.128,-9.508E-2
20.674,-0.128,-9.471E-2
20.691,-0.128,-9.365E-2
20.708,-0.128,-9.424E-2
20.725,-0.128,-9.392E-2
20.741,-0.128,-9.375E-2
20.758,-0.128,-9.376E-2
20.775,-0.128,-9.335E-2
20.791,-0.128,-9.286E-2
20.808,-0.128,-9.224E-2
20.825,-0.128,-9.209E-2
20.841,-0.128,-9.251E-2
20.858,-0.128,-9.266E-2
20.875,-0.128,-9.280E-2
20.892,-0.129,-9.313E-2
20.908,-0.128,-9.344E-2
20.925,-0.129,-9.390E-2
20.942,-0.129,-9.467E-2
20.958,-0.129,-9.520E-2
20.975,-0.129,-9.553E-2
20.992,-0.129,-9.598E-2
21.008,-0.129,-9.645E-2
21.025,-0.129,-9.685E-2
21.042,-0.129,-9.728E-2
21.059,-0.130,-9.782E-2
21.075,-0.130,-9.818E-2
21.092,-0.131,-9.871E-2
21.109,-0.131,-9.908E-2
21.125,-0.131,-9.943E-2
21.142,-0.132,-9.959E-2
21.159,-0.132,-9.995E-2
21.175,-0.132,-0.101
21.192,-0.132,-0.101
21.209,-0.132,-0.102
21.226,-0.133,-0.102
21.242,-0.133,-0.103
21.259,-0.133,-0.103
21.276,-0.133,-0.104
21.292,-0.133,-0.104
21.309,-0.133,-0.105
21.326,-0.133,-0.105
21.342,-0.133,-0.105
21.359,-0.134,-0.105
21.376,-0.134,-0.105
21.393,-0.133,-0.105
21.409,-0.133,-0.105
21.426,-0.133,-0.104
21.443,-0.133,-0.104
21.459,-0.133,-0.103
21.476,-0.133,-0.102
21.493,-0.132,-0.101
21.509,-0.132,-0.101
21.526,-0.132,-0.100
21.543,-0.132,-9.957E-2
21.560,-0.131,-9.916E-2
21.576,-0.131,-9.871E-2
21.593,-0.131,-9.824E-2
21.610,-0.131,-9.786E-2
21.626,-0.130,-9.736E-2
21.643,-0.130,-9.735E-2
21.660,-0.130,-9.749E-2
21.676,-0.129,-9.779E-2
21.693,-0.129,-9.812E-2
21.710,-0.129,-9.838E-2
21.727,-0.128,-9.872E-2
21.743,-0.128,-9.916E-2
21.760,-0.128,-9.922E-2
21.777,-0.128,-9.921E-2
21.793,-0.128,-9.919E-2
21.810,-0.128,-9.924E-2
21.827,-0.128,-9.950E-2
21.843,-0.128,-9.964E-2
21.860,-0.129,-9.986E-2
21.877,-0.128,-0.100
21.894,-0.128,-0.100
21.910,-0.129,-0.100
21.927,-0.129,-0.100
21.944,-0.129,-0.100
21.960,-0.129,-0.100
21.977,-0.129,-9.977E-2
21.994,-0.129,-9.963E-2
22.010,-0.129,-9.911E-2
22.027,-0.130,-9.881E-2
22.044,-0.130,-9.866E-2
22.061,-0.130,-9.817E-2
22.077,-0.130,-9.780E-2
22.094,-0.130,-9.749E-2
22.111,-0.130,-9.739E-2
22.127,-0.130,-9.736E-2
22.144,-0.130,-9.712E-2
22.161,-0.130,-9.696E-2
22.177,-0.130,-9.667E-2
22.194,-0.130,-9.661E-2
22.211,-0.130,-9.645E-2
22.228,-0.129,-9.601E-2
22.244,-0.129,-9.568E-2
22.261,-0.129,-9.532E-2
22.278,-0.129,-9.508E-2
22.294,-0.128,-9.469E-2
22.311,-0.128,-9.430E-2
22.328,-0.128,-9.379E-2
22.344,-0.128,-9.370E-2
22.361,-0.128,-9.334E-2
22.378,-0.127,-9.295E-2
22.395,-0.127,-9.289E-2
22.411,-0.127,-9.302E-2
22.428,-0.127,-9.332E-2
22.445,-0.127,-9.374E-2
22.461,-0.127,-9.385E-2
22.478,-0.127,-9.425E-2
22.495,-0.127,-9.449E-2
22.511,-0.127,-9.483E-2
22.528,-0.127,-9.520E-2
22.545,-0.127,-9.527E-2
22.562,-0.127,-9.548E-2
22.578,-0.127,-9.529E-2
22.595,-0.127,-9.512E-2
22.612,-0.127,-9.468E-2
22.628,-0.127,-9.438E-2
22.645,-0.127,-9.401E-2
22.662,-0.127,-9.375E-2
22.678,-0.127,-9.332E-2
22.695,-0.127,-9.250E-2
22.712,-0.127,-9.202E-2
22.729,-0.127,-9.118E-2
22.745,-0.127,-9.073E-2
22.762,-0.127,-9.021E-2
22.779,-0.127,-9.011E-2
22.795,-0.127,-8.974E-2
22.812,-0.128,-8.968E-2
22.829,-0.128,-8.971E-2
22.845,-0.128,-8.967E-2
22.862,-0.128,-8.979E-2
22.879,-0.128,-9.013E-2
22.896,-0.128,-9.054E-2
22.912,-0.128,-9.079E-2
22.929,-0.128,-9.116E-2
22.946,-0.128,-9.169E-2
22.962,-0.128,-9.220E-2
22.979,-0.128,-9.238E-2
22.996,-0.129,-9.290E-2
23.012,-0.128,-9.331E-2
23.029,-0.129,-9.368E-2
23.046,-0.129,-9.371E-2
23.063,-0.129,-9.420E-2
23.079,-0.129,-9.442E-2
23.096,-0.129,-9.465E-2
23.113,-0.129,-9.486E-2
23.129,-0.129,-9.510E-2
23.146,-0.129,-9.511E-2
23.163,-0.129,-9.524E-2
23.179,-0.129,-9.550E-2
23.196,-0.129,-9.589E-2
23.213,-0.129,-9.630E-2
23.230,-0.130,-9.696E-2
23.246,-0.130,-9.742E-2
23.263,-0.130,-9.824E-2
23.280,-0.130,-9.875E-2
23.296,-0.130,-9.929E-2
23.313,-0.129,-0.100
23.330,-0.129,-0.101
23.346,-0.130,-0.101
23.363,-0.130,-0.102
23.380,-0.130,-0.102
23.397,-0.130,-0.103
23.413,-0.130,-0.104
23.430,-0.130,-0.104
23.447,-0.130,-0.105
23.463,-0.130,-0.105
23.480,-0.131,-0.105
23.497,-0.131,-0.106
23.513,-0.130,-0.106
23.530,-0.130,-0.106
23.547,-0.131,-0.106
23.564,-0.131,-0.106
23.580,-0.130,-0.106
23.597,-0.130,-0.106
23.614,-0.130,-0.105
23.630,-0.130,-0.105
23.647,-0.130,-0.104
23.664,-0.130,-0.104
23.680,-0.130,-0.103
23.697,-0.130,-0.102
23.714,-0.130,-0.102
23.731,-0.130,-0.101
23.747,-0.130,-0.100
23.764,-0.130,-9.952E-2
23.781,-0.129,-9.874E-2
23.797,-0.129,-9.793E-2
23.814,-0.129,-9.731E-2
23.831,-0.130,-9.664E-2
23.847,-0.129,-9.606E-2
23.864,-0.129,-9.568E-2
23.881,-0.129,-9.534E-2
23.898,-0.129,-9.502E-2
23.914,-0.129,-9.475E-2
23.931,-0.129,-9.466E-2
23.948,-0.129,-9.467E-2
23.964,-0.129,-9.473E-2
23.981,-0.129,-9.474E-2
23.998,-0.128,-9.488E-2
24.014,-0.128,-9.525E-2
24.031,-0.128,-9.542E-2
24.048,-0.127,-9.561E-2
24.065,-0.127,-9.585E-2
24.081,-0.126,-9.579E-2
24.098,-0.126,-9.585E-2
24.115,-0.126,-9.555E-2
24.131,-0.126,-9.541E-2
24.148,-0.125,-9.525E-2
24.165,-0.125,-9.523E-2
24.181,-0.125,-9.476E-2
24.198,-0.125,-9.470E-2
24.215,-0.125,-9.446E-2
24.232,-0.125,-9.426E-2
24.248,-0.125,-9.396E-2
24.265,-0.125,-9.375E-2
24.282,-0.125,-9.336E-2
24.298,-0.125,-9.294E-2
24.315,-0.125,-9.247E-2
24.332,-0.125,-9.166E-2
24.348,-0.125,-9.028E-2
24.365,-0.125,-8.948E-2
24.382,-0.125,-8.861E-2
24.399,-0.125,-8.805E-2
24.415,-0.125,-8.747E-2
24.432,-0.125,-8.695E-2
24.449,-0.125,-8.650E-2
24.465,-0.125,-8.616E-2
24.482,-0.125,-8.606E-2
24.499,-0.125,-8.567E-2
24.515,-0.125,-8.570E-2
24.532,-0.125,-8.543E-2
24.549,-0.125,-8.525E-2
24.566,-0.125,-8.530E-2
24.582,-0.125,-8.535E-2
24.599,-0.125,-8.561E-2
24.616,-0.125,-8.575E-2
24.632,-0.125,-8.585E-2
24.649,-0.125,-8.609E-2
24.666,-0.125,-8.618E-2
24.682,-0.125,-8.657E-2
24.699,-0.125,-8.657E-2
24.716,-0.125,-8.679E-2
24.733,-0.125,-8.660E-2
24.749,-0.126,-8.672E-2
24.766,-0.126,-8.677E-2
24.783,-0.126,-8.669E-2
24.799,-0.127,-8.674E-2
24.816,-0.127,-8.698E-2
24.833,-0.128,-8.705E-2
24.849,-0.128,-8.716E-2
24.866,-0.128,-8.737E-2
24.883,-0.128,-8.787E-2
24.900,-0.129,-8.797E-2
24.916,-0.129,-8.793E-2
24.933,-0.129,-8.826E-2
24.950,-0.129,-8.849E-2
24.966,-0.130,-8.885E-2
24.983,-0.130,-8.929E-2
25.000,-0.130,-8.971E-2
25.016,-0.130,-9.005E-2
25.033,-0.130,-9.030E-2
25.050,-0.131,-9.057E-2
25.067,-0.131,-9.096E-2
25.083,-0.131,-9.115E-2
25.100,-0.131,-9.143E-2
25.117,-0.131,-9.156E-2
25.133,-0.131,-9.200E-2
25.150,-0.132,-9.202E-2
25.167,-0.132,-9.234E-2
25.183,-0.132,-9.245E-2
25.200,-0.132,-9.282E-2
25.217,-0.132,-9.330E-2
25.234,-0.131,-9.387E-2
25.250,-0.131,-9.438E-2
25.267,-0.131,-9.503E-2
25.284,-0.131,-9.542E-2
25.300,-0.131,-9.573E-2
25.317,-0.131,-9.614E-2
25.334,-0.131,-9.647E-2
25.350,-0.131,-9.686E-2
25.367,-0.130,-9.734E-2
25.384,-0.130,-9.763E-2
25.401,-0.130,-9.828E-2
25.417,-0.130,-9.845E-2
25.434,-0.130,-9.860E-2
25.451,-0.129,-9.869E-2
25.467,-0.129,-9.834E-2
25.484,-0.129,-9.824E-2
25.501,-0.129,-9.789E-2
25.517,-0.129,-9.759E-2
25.534,-0.129,-9.754E-2
25.551,-0.128,-9.755E-2
25.568,-0.128,-9.740E-2
25.584,-0.128,-9.742E-2
25.601,-0.128,-9.754E-2
25.618,-0.128,-9.784E-2
25.634,-0.127,-9.812E-2
25.651,-0.127,-9.877E-2
25.668,-0.127,-9.918E-2
25.684,-0.128,-9.981E-2
25.701,-0.128,-0.101
25.718,-0.128,-0.101
25.735,-0.128,-0.101
25.751,-0.129,-0.101
25.768,-0.129,-0.101
25.785,-0.129,-0.100
25.801,-0.129,-9.970E-2
25.818,-0.129,-9.924E-2
25.835,-0.129,-9.876E-2
25.851,-0.129,-9.830E-2
25.868,-0.129,-9.786E-2
25.885,-0.129,-9.740E-2
25.902,-0.129,-9.725E-2
25.918,-0.129,-9.700E-2
25.935,-0.129,-9.704E-2
25.952,-0.129,-9.691E-2
25.968,-0.128,-9.689E-2
25.985,-0.128,-9.691E-2
26.002,-0.128,-9.661E-2
26.018,-0.128,-9.646E-2
26.035,-0.128,-9.628E-2
26.052,-0.128,-9.602E-2
26.069,-0.128,-9.562E-2
26.085,-0.128,-9.530E-2
26.102,-0.128,-9.507E-2
26.119,-0.128,-9.476E-2
26.135,-0.128,-9.467E-2
26.152,-0.128,-9.445E-2
26.169,-0.129,-9.431E-2
26.185,-0.128,-9.420E-2
26.202,-0.128,-9.399E-2
26.219,-0.128,-9.385E-2
26.236,-0.128,-9.393E-2
26.252,-0.128,-9.416E-2
26.269,-0.128,-9.417E-2
26.286,-0.129,-9.436E-2
26.302,-0.129,-9.462E-2
26.319,-0.129,-9.463E-2
26.336,-0.129,-9.461E-2
26.352,-0.129,-9.452E-2
26.369,-0.129,-9.501E-2
26.386,-0.129,-9.494E-2
26.403,-0.129,-9.477E-2
26.419,-0.129,-9.472E-2
26.436,-0.129,-9.503E-2
26.453,-0.129,-9.511E-2
26.469,-0.129,-9.551E-2
26.486,-0.130,-9.558E-2
26.503,-0.129,-9.584E-2
26.519,-0.129,-9.602E-2
26.536,-0.129,-9.649E-2
26.553,-0.130,-9.687E-2
26.570,-0.129,-9.733E-2
26.586,-0.129,-9.777E-2
26.603,-0.130,-9.788E-2
26.620,-0.130,-9.802E-2
26.636,-0.130,-9.801E-2
26.653,-0.129,-9.785E-2
26.670,-0.130,-9.758E-2
26.686,-0.130,-9.740E-2
26.703,-0.129,-9.694E-2
26.720,-0.130,-9.673E-2
26.737,-0.130,-9.604E-2
26.753,-0.130,-9.559E-2
26.770,-0.130,-9.505E-2
26.787,-0.130,-9.437E-2
26.803,-0.130,-9.343E-2
26.820,-0.130,-9.277E-2
26.837,-0.130,-9.188E-2
26.853,-0.130,-9.102E-2
26.870,-0.130,-9.027E-2
26.887,-0.130,-8.979E-2
26.904,-0.130,-8.921E-2
26.920,-0.130,-8.834E-2
26.937,-0.130,-8.832E-2
26.954,-0.130,-8.796E-2
26.970,-0.129,-8.755E-2
26.987,-0.129,-8.740E-2
27.004,-0.129,-8.703E-2
27.020,-0.129,-8.735E-2
27.037,-0.129,-8.736E-2
27.054,-0.129,-8.741E-2
27.071,-0.128,-8.777E-2
27.087,-0.128,-8.802E-2
27.104,-0.128,-8.843E-2
27.121,-0.128,-8.905E-2
27.137,-0.127,-8.968E-2
27.154,-0.127,-9.002E-2
27.171,-0.127,-9.063E-2
27.187,-0.127,-9.103E-2
27.204,-0.127,-9.090E-2
27.221,-0.127,-9.170E-2
27.238,-0.127,-9.193E-2
27.254,-0.127,-9.193E-2
27.271,-0.127,-9.184E-2
27.288,-0.127,-9.208E-2
27.304,-0.128,-9.200E-2
27.321,-0.128,-9.236E-2
27.338,-0.128,-9.237E-2
27.354,-0.129,-9.280E-2
27.371,-0.129,-9.286E-2
27.388,-0.129,-9.298E-2
27.405,-0.129,-9.327E-2
27.421,-0.130,-9.343E-2
27.438,-0.130,-9.370E-2
27.455,-0.131,-9.399E-2
27.471,-0.131,-9.425E-2
27.488,-0.131,-9.469E-2
27.505,-0.131,-9.510E-2
27.521,-0.131,-9.541E-2
27.538,-0.131,-9.554E-2
27.555,-0.131,-9.560E-2
27.572,-0.131,-9.555E-2
27.588,-0.131,-9.549E-2
27.605,-0.131,-9.512E-2
27.622,-0.131,-9.466E-2
27.638,-0.132,-9.424E-2
27.655,-0.132,-9.381E-2
27.672,-0.131,-9.380E-2
27.688,-0.131,-9.361E-2
27.705,-0.131,-9.336E-2
27.722,-0.131,-9.331E-2
27.739,-0.131,-9.293E-2
27.755,-0.131,-9.259E-2
27.772,-0.130,-9.234E-2
27.789,-0.130,-9.191E-2
27.805,-0.130,-9.132E-2
27.822,-0.130,-9.067E-2
27.839,-0.130,-9.018E-2
27.855,-0.130,-8.960E-2
27.872,-0.130,-8.914E-2
27.889,-0.129,-8.873E-2
27.906,-0.129,-8.825E-2
27.922,-0.129,-8.829E-2
27.939,-0.129,-8.830E-2
27.956,-0.128,-8.832E-2
27.972,-0.128,-8.851E-2
27.989,-0.128,-8.877E-2
28.006,-0.127,-8.884E-2
28.022,-0.127,-8.902E-2
28.039,-0.127,-8.927E-2
28.056,-0.126,-8.946E-2
28.073,-0.126,-8.939E-2
28.089,-0.126,-8.975E-2
28.106,-0.126,-8.976E-2
28.123,-0.126,-9.002E-2
28.139,-0.126,-9.018E-2
28.156,-0.126,-9.028E-2
28.173,-0.126,-9.012E-2
28.189,-0.126,-9.094E-2
28.206,-0.126,-9.116E-2
28.223,-0.126,-9.152E-2
28.240,-0.127,-9.181E-2
28.256,-0.127,-9.201E-2
28.273,-0.126,-9.199E-2
28.290,-0.126,-9.197E-2
28.306,-0.126,-9.197E-2
28.323,-0.127,-9.177E-2
28.340,-0.126,-9.153E-2
28.356,-0.127,-9.149E-2
28.373,-0.127,-9.152E-2
28.390,-0.127,-9.124E-2
28.407,-0.127,-9.117E-2
28.423,-0.127,-9.108E-2
28.440,-0.127,-9.079E-2
28.457,-0.127,-9.060E-2
28.473,-0.127,-9.013E-2
28.490,-0.127,-8.985E-2
28.507,-0.127,-8.952E-2
28.523,-0.127,-8.922E-2
28.540,-0.127,-8.880E-2
28.557,-0.127,-8.845E-2
28.574,-0.127,-8.828E-2
28.590,-0.127,-8.811E-2
28.607,-0.127,-8.801E-2
28.624,-0.127,-8.807E-2
28.640,-0.127,-8.831E-2
28.657,-0.127,-8.846E-2
28.674,-0.127,-8.926E-2
28.690,-0.127,-8.972E-2
28.707,-0.127,-9.022E-2
28.724,-0.127,-9.079E-2
28.741,-0.127,-9.134E-2
28.757,-0.127,-9.197E-2
28.774,-0.127,-9.216E-2
28.791,-0.127,-9.253E-2
28.807,-0.128,-9.267E-2
28.824,-0.128,-9.270E-2
28.841,-0.128,-9.247E-2
28.857,-0.128,-9.206E-2
28.874,-0.128,-9.177E-2
28.891,-0.128,-9.149E-2
28.908,-0.128,-9.106E-2
28.924,-0.128,-9.069E-2
28.941,-0.128,-9.023E-2
28.958,-0.128,-8.986E-2
28.974,-0.128,-8.942E-2
28.991,-0.128,-8.884E-2
29.008,-0.128,-8.828E-2
29.024,-0.128,-8.812E-2
29.041,-0.128,-8.782E-2
29.058,-0.128,-8.755E-2
29.075,-0.129,-8.715E-2
29.091,-0.128,-8.698E-2
29.108,-0.129,-8.704E-2
29.125,-0.129,-8.706E-2
29.141,-0.129,-8.701E-2
29.158,-0.129,-8.712E-2
29.175,-0.129,-8.740E-2
29.191,-0.129,-8.743E-2
29.208,-0.129,-8.762E-2
29.225,-0.128,-8.798E-2
29.242,-0.128,-8.819E-2
29.258,-0.128,-8.919E-2
29.275,-0.128,-8.989E-2
29.292,-0.127,-9.108E-2
29.308,-0.127,-9.199E-2
29.325,-0.127,-9.311E-2
29.342,-0.127,-9.409E-2
29.358,-0.126,-9.511E-2
29.375,-0.126,-9.549E-2
29.392,-0.126,-9.617E-2
29.409,-0.126,-9.659E-2
29.425,-0.126,-9.696E-2
29.442,-0.126,-9.717E-2
29.459,-0.126,-9.714E-2
29.475,-0.126,-9.697E-2
29.492,-0.127,-9.671E-2
29.509,-0.127,-9.673E-2
29.525,-0.127,-9.656E-2
29.542,-0.127,-9.646E-2
29.559,-0.127,-9.646E-2
29.576,-0.127,-9.607E-2
29.592,-0.127,-9.574E-2
29.609,-0.128,-9.556E-2
29.626,-0.128,-9.470E-2
29.642,-0.128,-9.429E-2
29.659,-0.128,-9.383E-2
29.676,-0.128,-9.337E-2
29.692,-0.128,-9.314E-2
29.709,-0.128,-9.301E-2
29.726,-0.128,-9.309E-2
29.743,-0.128,-9.326E-2
29.759,-0.128,-9.335E-2
29.776,-0.128,-9.340E-2
29.793,-0.128,-9.349E-2
29.809,-0.128,-9.360E-2
29.826,-0.128,-9.362E-2
29.843,-0.128,-9.374E-2
29.859,-0.128,-9.382E-2
29.876,-0.127,-9.420E-2
29.893,-0.127,-9.443E-2
29.910,-0.127,-9.474E-2
29.926,-0.127,-9.473E-2
29.943,-0.127,-9.438E-2
29.960,-0.127,-9.465E-2
29.976,-0.127,-9.396E-2
29.993,-0.127,-9.358E-2
30.010,-0.127,-9.268E-2
30.026,-0.127,-9.215E-2
30.043,-0.128,-9.147E-2
30.060,-0.128,-9.107E-2
30.077,-0.128,-9.070E-2
30.093,-0.128,-9.024E-2
30.110,-0.128,-9.029E-2
30.127,-0.128,-8.988E-2
30.143,-0.128,-8.986E-2
30.160,-0.128,-8.981E-2
30.177,-0.128,-8.981E-2
30.193,-0.128,-8.981E-2
30.210,-0.128,-8.993E-2
30.227,-0.128,-8.973E-2
30.244,-0.128,-8.967E-2
30.260,-0.128,-8.979E-2
30.277,-0.128,-8.973E-2
30.294,-0.128,-8.941E-2
30.310,-0.127,-8.932E-2
30.327,-0.128,-8.897E-2
30.344,-0.127,-8.883E-2
30.360,-0.127,-8.862E-2
30.377,-0.127,-8.818E-2
30.394,-0.127,-8.795E-2
30.411,-0.127,-8.789E-2
30.427,-0.127,-8.777E-2
30.444,-0.127,-8.741E-2
30.461,-0.127,-8.750E-2
30.477,-0.128,-8.732E-2
30.494,-0.128,-8.723E-2
30.511,-0.128,-8.740E-2
30.527,-0.128,-8.748E-2
30.544,-0.128,-8.727E-2
30.561,-0.128,-8.752E-2
30.578,-0.128,-8.795E-2
30.594,-0.128,-8.830E-2
30.611,-0.128,-8.880E-2
30.628,-0.128,-8.932E-2
30.644,-0.128,-8.982E-2
30.661,-0.128,-9.059E-2
30.678,-0.128,-9.074E-2
30.694,-0.128,-9.109E-2
30.711,-0.128,-9.158E-2
30.728,-0.128,-9.193E-2
30.745,-0.128,-9.208E-2
30.761,-0.128,-9.222E-2
30.778,-0.128,-9.238E-2
30.795,-0.128,-9.238E-2
30.811,-0.128,-9.238E-2
30.828,-0.128,-9.196E-2
30.845,-0.129,-9.193E-2
30.861,-0.129,-9.161E-2
30.878,-0.129,-9.144E-2
30.895,-0.129,-9.139E-2
30.912,-0.129,-9.154E-2
30.928,-0.129,-9.152E-2
30.945,-0.129,-9.155E-2
30.962,-0.129,-9.156E-2
30.978,-0.129,-9.155E-2
30.995,-0.129,-9.157E-2
31.012,-0.129,-9.115E-2
31.028,-0.129,-9.073E-2
31.045,-0.129,-9.014E-2
31.062,-0.129,-8.968E-2
31.079,-0.129,-8.905E-2
31.095,-0.128,-8.832E-2
31.112,-0.128,-8.773E-2
31.129,-0.128,-8.705E-2
31.145,-0.128,-8.651E-2
31.162,-0.128,-8.610E-2
31.179,-0.128,-8.561E-2
31.195,-0.128,-8.513E-2
31.212,-0.128,-8.477E-2
31.229,-0.128,-8.422E-2
31.246,-0.128,-8.377E-2
31.262,-0.128,-8.334E-2
31.279,-0.128,-8.297E-2
31.296,-0.128,-8.271E-2
31.312,-0.128,-8.265E-2
31.329,-0.128,-8.268E-2
31.346,-0.128,-8.246E-2
31.362,-0.128,-8.255E-2
31.379,-0.128,-8.286E-2
31.396,-0.128,-8.306E-2
31.413,-0.128,-8.345E-2
31.429,-0.128,-8.416E-2
31.446,-0.128,-8.447E-2
31.463,-0.128,-8.495E-2
31.479,-0.127,-8.524E-2
31.496,-0.127,-8.564E-2
31.513,-0.127,-8.619E-2
31.529,-0.127,-8.655E-2
31.546,-0.127,-8.712E-2
31.563,-0.127,-8.730E-2
31.580,-0.127,-8.788E-2
31.596,-0.127,-8.833E-2
31.613,-0.127,-8.857E-2
31.630,-0.127,-8.910E-2
31.646,-0.127,-8.929E-2
31.663,-0.127,-8.966E-2
31.680,-0.127,-8.975E-2
31.696,-0.127,-8.972E-2
31.713,-0.127,-8.835E-2
31.730,-0.127,-8.940E-2
31.747,-0.127,-8.933E-2
31.763,-0.127,-8.934E-2
31.780,-0.128,-8.966E-2
31.797,-0.128,-8.972E-2
31.813,-0.128,-8.972E-2
31.830,-0.128,-8.978E-2
31.847,-0.128,-8.975E-2
31.863,-0.128,-8.981E-2
31.880,-0.128,-8.979E-2
31.897,-0.129,-8.979E-2
31.914,-0.129,-8.975E-2
31.930,-0.129,-8.965E-2
31.947,-0.129,-8.964E-2
31.964,-0.130,-8.976E-2
31.980,-0.130,-9.004E-2
31.997,-0.130,-9.033E-2
32.014,-0.130,-9.068E-2
32.030,-0.129,-9.098E-2
32.047,-0.129,-9.106E-2
32.064,-0.129,-9.113E-2
32.081,-0.129,-9.162E-2
32.097,-0.129,-9.197E-2
32.114,-0.129,-9.214E-2
32.131,-0.129,-9.256E-2
32.147,-0.129,-9.269E-2
32.164,-0.129,-9.341E-2
32.181,-0.129,-9.380E-2
32.197,-0.129,-9.429E-2
32.214,-0.129,-9.467E-2
32.231,-0.129,-9.471E-2
32.248,-0.129,-9.509E-2
32.264,-0.129,-9.508E-2
32.281,-0.130,-9.522E-2
32.298,-0.130,-9.555E-2
32.314,-0.130,-9.565E-2
32.331,-0.130,-9.581E-2
32.348,-0.130,-9.585E-2
32.364,-0.130,-9.568E-2
32.381,-0.131,-9.558E-2
32.398,-0.131,-9.558E-2
32.415,-0.131,-9.555E-2
32.431,-0.131,-9.553E-2
32.448,-0.131,-9.525E-2
32.465,-0.131,-9.507E-2
32.481,-0.131,-9.486E-2
32.498,-0.131,-9.466E-2
32.515,-0.131,-9.437E-2
32.531,-0.131,-9.394E-2
32.548,-0.131,-9.357E-2
32.565,-0.131,-9.329E-2
32.582,-0.131,-9.262E-2
32.598,-0.131,-9.206E-2
32.615,-0.131,-9.158E-2
32.632,-0.131,-9.108E-2
32.648,-0.131,-9.058E-2
32.665,-0.131,-9.004E-2
32.682,-0.131,-8.953E-2
32.698,-0.131,-8.932E-2
32.715,-0.131,-8.916E-2
32.732,-0.131,-8.883E-2
32.749,-0.131,-8.876E-2
32.765,-0.131,-8.851E-2
32.782,-0.131,-8.860E-2
32.799,-0.131,-8.871E-2
32.815,-0.130,-8.882E-2
32.832,-0.130,-8.883E-2
32.849,-0.130,-8.886E-2
32.865,-0.130,-8.890E-2
32.882,-0.130,-8.884E-2
32.899,-0.130,-8.880E-2
32.916,-0.130,-8.876E-2
32.932,-0.130,-8.857E-2
32.949,-0.130,-8.834E-2
32.966,-0.129,-8.835E-2
32.982,-0.129,-8.805E-2
32.999,-0.129,-8.790E-2
33.016,-0.129,-8.748E-2
33.032,-0.129,-8.706E-2
33.049,-0.128,-8.683E-2
33.066,-0.128,-8.656E-2
33.083,-0.128,-8.622E-2
33.099,-0.128,-8.609E-2
33.116,-0.128,-8.605E-2
33.133,-0.128,-8.573E-2
33.149,-0.127,-8.560E-2
33.166,-0.127,-8.520E-2
33.183,-0.127,-8.490E-2
33.199,-0.127,-8.464E-2
33.216,-0.127,-8.401E-2
33.233,-0.127,-8.379E-2
33.250,-0.127,-8.337E-2
33.266,-0.127,-8.285E-2
33.283,-0.127,-8.270E-2
33.300,-0.127,-8.257E-2
33.316,-0.127,-8.284E-2
33.333,-0.128,-8.273E-2
33.350,-0.128,-8.305E-2
33.366,-0.128,-8.343E-2
33.383,-0.128,-8.400E-2
33.400,-0.128,-8.453E-2
33.417,-0.128,-8.520E-2
33.433,-0.128,-8.563E-2
33.450,-0.128,-8.647E-2
33.467,-0.128,-8.702E-2
33.483,-0.128,-8.784E-2
33.500,-0.129,-8.868E-2
33.517,-0.129,-8.917E-2
33.533,-0.129,-9.003E-2
33.550,-0.129,-9.059E-2
33.567,-0.129,-9.102E-2
33.584,-0.130,-9.145E-2
33.600,-0.130,-9.165E-2
33.617,-0.130,-9.196E-2
33.634,-0.130,-9.208E-2
33.650,-0.130,-9.208E-2
33.667,-0.130,-9.199E-2
33.684,-0.130,-9.189E-2
33.700,-0.130,-9.150E-2
33.717,-0.130,-9.112E-2
33.734,-0.130,-9.064E-2
33.751,-0.131,-9.022E-2
33.767,-0.131,-8.963E-2
33.784,-0.131,-8.897E-2
33.801,-0.131,-8.837E-2
33.817,-0.131,-8.788E-2
33.834,-0.131,-8.763E-2
33.851,-0.131,-8.713E-2
33.867,-0.131,-8.689E-2
33.884,-0.131,-8.662E-2
33.901,-0.131,-8.654E-2
33.918,-0.130,-8.684E-2
33.934,-0.130,-8.702E-2
33.951,-0.130,-8.738E-2
33.968,-0.129,-8.782E-2
33.984,-0.129,-8.778E-2
34.001,-0.129,-8.800E-2
34.018,-0.129,-8.786E-2
34.034,-0.129,-8.798E-2
34.051,-0.129,-8.825E-2
34.068,-0.128,-8.828E-2
34.085,-0.128,-8.831E-2
34.101,-0.128,-8.817E-2
34.118,-0.128,-8.836E-2
34.135,-0.128,-8.836E-2
34.151,-0.128,-8.881E-2
34.168,-0.128,-8.929E-2
34.185,-0.129,-8.966E-2
34.201,-0.129,-9.004E-2
34.218,-0.128,-8.826E-2
34.235,-0.129,-9.008E-2
34.252,-0.129,-8.969E-2
34.268,-0.130,-8.951E-2
34.285,-0.130,-8.921E-2
34.302,-0.130,-8.877E-2
34.318,-0.130,-8.819E-2
34.335,-0.131,-8.759E-2
34.352,-0.131,-8.696E-2
34.368,-0.131,-8.654E-2
34.385,-0.132,-8.588E-2
34.402,-0.132,-8.551E-2
34.419,-0.132,-8.505E-2
34.435,-0.132,-8.466E-2
34.452,-0.132,-8.464E-2
34.469,-0.132,-8.439E-2
34.485,-0.132,-8.418E-2
34.502,-0.132,-8.436E-2
34.519,-0.132,-8.436E-2
34.535,-0.132,-8.421E-2
34.552,-0.132,-8.452E-2
34.569,-0.132,-8.473E-2
34.586,-0.132,-8.499E-2
34.602,-0.131,-8.525E-2
34.619,-0.131,-8.556E-2
34.636,-0.130,-8.592E-2
34.652,-0.130,-8.623E-2
34.669,-0.129,-8.660E-2
34.686,-0.128,-8.743E-2
34.702,-0.128,-8.744E-2
34.719,-0.128,-8.764E-2
34.736,-0.128,-8.785E-2
34.753,-0.128,-8.787E-2
34.769,-0.128,-8.743E-2
34.786,-0.128,-8.699E-2
34.803,-0.128,-8.704E-2
34.819,-0.129,-8.661E-2
34.836,-0.129,-8.629E-2
34.853,-0.129,-8.577E-2
34.869,-0.129,-8.550E-2
34.886,-0.129,-8.519E-2
34.903,-0.129,-8.466E-2
34.920,-0.129,-8.438E-2
34.936,-0.129,-8.418E-2
34.953,-0.130,-8.384E-2
34.970,-0.130,-8.362E-2
34.986,-0.130,-8.342E-2
35.003,-0.130,-8.293E-2
35.020,-0.130,-8.298E-2
35.036,-0.130,-8.287E-2
35.053,-0.130,-8.233E-2
35.070,-0.131,-8.207E-2
35.087,-0.131,-8.171E-2
35.103,-0.131,-8.175E-2
35.120,-0.131,-8.170E-2
35.137,-0.131,-8.203E-2
35.153,-0.131,-8.239E-2
35.170,-0.131,-8.293E-2
35.187,-0.131,-8.352E-2
35.203,-0.131,-8.430E-2
35.220,-0.131,-8.525E-2
35.237,-0.130,-8.657E-2
35.254,-0.130,-8.749E-2
35.270,-0.130,-8.846E-2
35.287,-0.130,-8.964E-2
35.304,-0.130,-9.054E-2
35.320,-0.131,-9.102E-2
35.337,-0.130,-9.203E-2
35.354,-0.131,-9.290E-2
35.370,-0.131,-9.347E-2
35.387,-0.131,-9.416E-2
35.404,-0.131,-9.420E-2
35.421,-0.132,-9.440E-2
35.437,-0.132,-9.462E-2
35.454,-0.132,-9.436E-2
35.471,-0.132,-9.411E-2
35.487,-0.133,-9.414E-2
35.504,-0.133,-9.380E-2
35.521,-0.134,-9.389E-2
35.537,-0.134,-9.387E-2
35.554,-0.134,-9.378E-2
35.571,-0.134,-9.406E-2
35.588,-0.134,-9.418E-2
35.604,-0.134,-9.461E-2
35.621,-0.134,-9.505E-2
35.638,-0.133,-9.544E-2
35.654,-0.133,-9.598E-2
35.671,-0.133,-9.637E-2
35.688,-0.133,-9.684E-2
35.704,-0.132,-9.731E-2
35.721,-0.132,-9.762E-2
35.738,-0.131,-9.789E-2
35.755,-0.131,-9.832E-2
35.771,-0.130,-9.822E-2
35.788,-0.130,-9.781E-2
35.805,-0.130,-9.747E-2
35.821,-0.129,-9.737E-2
35.838,-0.129,-9.735E-2
35.855,-0.129,-9.707E-2
35.871,-0.129,-9.686E-2
35.888,-0.129,-9.705E-2
35.905,-0.129,-9.715E-2
35.922,-0.129,-9.739E-2
35.938,-0.129,-9.727E-2
35.955,-0.129,-9.828E-2
35.972,-0.129,-9.843E-2
35.988,-0.130,-9.914E-2
36.005,-0.130,-9.938E-2
36.022,-0.130,-0.100
36.038,-0.131,-0.101
36.055,-0.131,-0.101
36.072,-0.131,-0.101
36.089,-0.132,-0.101
36.105,-0.132,-0.101
36.122,-0.132,-0.101
36.139,-0.132,-0.101
36.155,-0.132,-0.100
36.172,-0.132,-0.100
36.189,-0.132,-9.951E-2
36.205,-0.132,-9.850E-2
36.222,-0.132,-9.735E-2
36.239,-0.132,-9.622E-2
36.256,-0.133,-9.507E-2
36.272,-0.133,-9.410E-2
36.289,-0.133,-9.326E-2
36.306,-0.133,-9.245E-2
36.322,-0.133,-9.204E-2
36.339,-0.132,-9.138E-2
36.356,-0.132,-9.109E-2
36.372,-0.132,-9.099E-2
36.389,-0.131,-9.084E-2
36.406,-0.131,-9.079E-2
36.423,-0.130,-9.062E-2
36.439,-0.130,-9.052E-2
36.456,-0.129,-9.011E-2
36.473,-0.129,-8.985E-2
36.489,-0.129,-8.967E-2
36.506,-0.129,-8.963E-2
36.523,-0.129,-8.940E-2
36.539,-0.129,-8.936E-2
36.556,-0.128,-8.982E-2
36.573,-0.128,-8.969E-2
36.590,-0.128,-8.982E-2
36.606,-0.128,-9.023E-2
36.623,-0.128,-9.084E-2
36.640,-0.127,-9.158E-2
36.656,-0.127,-9.259E-2
36.673,-0.126,-9.321E-2
36.690,-0.126,-9.375E-2
36.706,-0.126,-9.426E-2
36.723,-0.126,-9.475E-2
36.740,-0.125,-9.524E-2
36.757,-0.125,-9.533E-2
36.773,-0.125,-9.573E-2
36.790,-0.125,-9.574E-2
36.807,-0.125,-9.565E-2
36.823,-0.125,-9.575E-2
36.840,-0.125,-9.544E-2
36.857,-0.125,-9.514E-2
36.873,-0.125,-9.482E-2
36.890,-0.125,-9.424E-2
36.907,-0.125,-9.380E-2
36.924,-0.126,-9.291E-2
36.940,-0.126,-9.224E-2
36.957,-0.126,-9.151E-2
36.974,-0.126,-9.043E-2
36.990,-0.126,-9.016E-2
37.007,-0.126,-8.954E-2
37.024,-0.126,-8.887E-2
37.040,-0.126,-8.853E-2
37.057,-0.126,-8.838E-2
37.074,-0.126,-8.838E-2
37.091,-0.126,-8.838E-2
37.107,-0.126,-8.850E-2
37.124,-0.126,-8.858E-2
37.141,-0.126,-8.878E-2
37.157,-0.126,-8.881E-2
37.174,-0.126,-8.846E-2
37.191,-0.126,-8.870E-2
37.207,-0.126,-8.921E-2
37.224,-0.126,-8.911E-2
37.241,-0.126,-8.946E-2
37.258,-0.126,-9.008E-2
37.274,-0.126,-9.025E-2
37.291,-0.126,-9.117E-2
37.308,-0.127,-9.042E-2
37.324,-0.127,-9.039E-2
37.341,-0.128,-9.104E-2
37.358,-0.128,-9.105E-2
37.374,-0.128,-9.127E-2
37.391,-0.129,-9.190E-2
37.408,-0.129,-9.235E-2
37.425,-0.129,-9.291E-2
37.441,-0.130,-9.336E-2
37.458,-0.130,-9.405E-2
37.475,-0.131,-9.482E-2
37.491,-0.131,-9.524E-2
37.508,-0.131,-9.597E-2
37.525,-0.132,-9.666E-2
37.541,-0.132,-9.733E-2
37.558,-0.132,-9.823E-2
37.575,-0.133,-9.870E-2
37.592,-0.133,-9.920E-2
37.608,-0.133,-9.979E-2
37.625,-0.133,-0.100
37.642,-0.134,-0.101
37.658,-0.134,-0.101
37.675,-0.134,-0.101
37.692,-0.133,-0.101
37.708,-0.133,-0.101
37.725,-0.133,-0.101
37.742,-0.132,-0.101
37.759,-0.132,-0.101
37.775,-0.132,-0.101
37.792,-0.132,-0.101
37.809,-0.131,-0.101
37.825,-0.131,-0.101
37.842,-0.131,-0.100
37.859,-0.131,-9.940E-2
37.875,-0.131,-9.982E-2
37.892,-0.131,-9.957E-2
37.909,-0.131,-9.933E-2
37.926,-0.130,-9.918E-2
37.942,-0.130,-9.918E-2
37.959,-0.130,-9.919E-2
37.976,-0.130,-9.916E-2
37.992,-0.130,-9.961E-2
38.009,-0.130,-0.100
38.026,-0.130,-0.100
38.042,-0.130,-0.100
38.059,-0.130,-0.100
38.076,-0.130,-0.101
38.093,-0.130,-0.100
38.109,-0.130,-0.101
38.126,-0.130,-0.100
38.143,-0.130,-0.100
38.159,-0.130,-0.100
38.176,-0.130,-0.100
38.193,-0.130,-9.987E-2
38.209,-0.131,-0.100
38.226,-0.131,-0.101
38.243,-0.131,-0.101
38.260,-0.131,-0.101
38.276,-0.131,-0.102
38.293,-0.131,-0.102
38.310,-0.131,-0.103
38.326,-0.130,-0.103
38.343,-0.130,-0.103
38.360,-0.130,-0.103
38.376,-0.130,-0.103
38.393,-0.130,-0.103
38.410,-0.130,-0.102
38.427,-0.130,-0.102
38.443,-0.129,-0.102
38.460,-0.129,-0.102
38.477,-0.129,-0.102
38.493,-0.129,-0.101
38.510,-0.129,-0.101
38.527,-0.129,-0.101
38.543,-0.129,-0.101
38.560,-0.129,-0.101
38.577,-0.129,-0.100
38.594,-0.129,-0.100
38.610,-0.129,-9.926E-2
38.627,-0.129,-9.911E-2
38.644,-0.129,-9.865E-2
38.660,-0.128,-9.828E-2
38.677,-0.128,-9.785E-2
38.694,-0.128,-9.761E-2
38.710,-0.128,-9.741E-2
38.727,-0.128,-9.731E-2
38.744,-0.128,-9.737E-2
38.761,-0.128,-9.738E-2
38.777,-0.128,-9.740E-2
38.794,-0.128,-9.736E-2
38.811,-0.128,-9.738E-2
38.827,-0.129,-9.746E-2
38.844,-0.129,-9.744E-2
38.861,-0.129,-9.780E-2
38.877,-0.129,-9.781E-2
38.894,-0.130,-9.797E-2
38.911,-0.130,-9.838E-2
38.928,-0.130,-9.875E-2
38.944,-0.131,-9.913E-2
38.961,-0.131,-9.962E-2
38.978,-0.131,-0.100
38.994,-0.132,-0.101
39.011,-0.132,-0.101
39.028,-0.133,-0.102
39.044,-0.133,-0.102
39.061,-0.133,-0.102
39.078,-0.133,-0.103
39.094,-0.133,-0.103
39.111,-0.133,-0.104
39.128,-0.132,-0.104
39.145,-0.133,-0.105
39.161,-0.132,-0.105
39.178,-0.132,-0.105
39.195,-0.132,-0.106
39.211,-0.132,-0.106
39.228,-0.131,-0.106
39.245,-0.131,-0.105
39.261,-0.131,-0.105
39.278,-0.131,-0.105
39.295,-0.131,-0.105
39.312,-0.131,-0.104
39.328,-0.131,-0.104
39.345,-0.131,-0.103
39.362,-0.130,-0.103
39.378,-0.130,-0.103
39.395,-0.130,-0.102
39.412,-0.130,-0.102
39.428,-0.130,-0.101
39.445,-0.130,-0.101
39.462,-0.129,-0.101
39.479,-0.129,-0.100
39.495,-0.129,-9.975E-2
39.512,-0.129,-9.921E-2
39.529,-0.129,-9.889E-2
39.545,-0.129,-9.836E-2
39.562,-0.128,-9.729E-2
39.579,-0.128,-9.702E-2
39.595,-0.127,-9.645E-2
39.612,-0.127,-9.568E-2
39.629,-0.127,-9.527E-2
39.646,-0.126,-9.482E-2
39.662,-0.126,-9.455E-2
39.679,-0.126,-9.437E-2
39.696,-0.125,-9.416E-2
39.712,-0.125,-9.422E-2
39.729,-0.125,-9.426E-2
39.746,-0.125,-9.395E-2
39.762,-0.125,-9.363E-2
39.779,-0.125,-9.334E-2
39.796,-0.125,-9.256E-2
39.813,-0.125,-9.173E-2
39.829,-0.125,-9.089E-2
39.846,-0.125,-8.971E-2
39.863,-0.125,-8.868E-2
39.879,-0.126,-8.759E-2
39.896,-0.126,-8.698E-2
39.913,-0.126,-8.585E-2
39.929,-0.126,-8.487E-2
39.946,-0.127,-8.431E-2
39.963,-0.127,-8.340E-2
39.980,-0.127,-8.269E-2
39.996,-0.127,-8.224E-2
40.013,-0.128,-8.211E-2
40.030,-0.128,-8.187E-2
40.046,-0.128,-8.178E-2
40.063,-0.127,-8.175E-2
40.080,-0.127,-8.223E-2
40.096,-0.127,-8.250E-2
40.113,-0.127,-8.278E-2
40.130,-0.127,-8.306E-2
40.147,-0.127,-8.394E-2
40.163,-0.127,-8.452E-2
40.180,-0.126,-8.564E-2
40.197,-0.126,-8.666E-2
40.213,-0.126,-8.771E-2
40.230,-0.126,-8.878E-2
40.247,-0.127,-8.968E-2
40.263,-0.127,-9.065E-2
40.280,-0.127,-9.122E-2
40.297,-0.127,-9.156E-2
40.314,-0.128,-9.195E-2
40.330,-0.128,-9.237E-2
40.347,-0.129,-9.238E-2
40.364,-0.129,-9.238E-2
40.380,-0.129,-9.167E-2
40.397,-0.129,-9.143E-2
40.414,-0.129,-9.112E-2
40.430,-0.129,-9.104E-2
40.447,-0.129,-8.984E-2
40.464,-0.129,-8.888E-2
40.481,-0.129,-8.774E-2
40.497,-0.129,-8.669E-2
40.514,-0.128,-8.562E-2
40.531,-0.128,-8.464E-2
40.547,-0.128,-8.336E-2
40.564,-0.128,-8.260E-2
40.581,-0.128,-8.160E-2
40.597,-0.128,-8.114E-2
40.614,-0.128,-8.046E-2
40.631,-0.128,-8.011E-2
40.648,-0.129,-7.973E-2
40.664,-0.129,-7.968E-2
40.681,-0.129,-7.969E-2
40.698,-0.129,-7.972E-2
40.714,-0.129,-7.973E-2
40.731,-0.129,-7.980E-2
40.748,-0.129,-7.984E-2
40.764,-0.129,-7.992E-2
40.781,-0.129,-8.024E-2
40.798,-0.128,-8.063E-2
40.815,-0.128,-8.100E-2
40.831,-0.128,-8.152E-2
40.848,-0.128,-8.204E-2
40.865,-0.128,-8.253E-2
40.881,-0.128,-8.290E-2
40.898,-0.128,-8.346E-2
40.915,-0.128,-8.387E-2
40.931,-0.128,-8.430E-2
40.948,-0.129,-8.473E-2
40.965,-0.129,-8.515E-2
40.982,-0.129,-8.557E-2
40.998,-0.129,-8.598E-2
41.015,-0.129,-8.646E-2
41.032,-0.129,-8.670E-2
41.048,-0.129,-8.702E-2
41.065,-0.129,-8.784E-2
41.082,-0.130,-8.831E-2
41.098,-0.130,-8.883E-2
41.115,-0.130,-8.941E-2
41.132,-0.130,-9.012E-2
41.149,-0.130,-9.070E-2
41.165,-0.130,-9.116E-2
41.182,-0.130,-9.171E-2
41.199,-0.130,-9.229E-2
41.215,-0.130,-9.259E-2
41.232,-0.130,-9.282E-2
41.249,-0.130,-9.294E-2
41.265,-0.130,-9.287E-2
41.282,-0.130,-9.294E-2
41.299,-0.130,-9.242E-2
41.316,-0.130,-9.209E-2
41.332,-0.130,-9.152E-2
41.349,-0.130,-9.111E-2
41.366,-0.130,-9.019E-2
41.382,-0.130,-8.972E-2
41.399,-0.130,-8.894E-2
41.416,-0.130,-8.833E-2
41.432,-0.129,-8.815E-2
41.449,-0.129,-8.792E-2
41.466,-0.129,-8.748E-2
41.483,-0.129,-8.709E-2
41.499,-0.129,-8.694E-2
41.516,-0.129,-8.662E-2
41.533,-0.129,-8.654E-2
41.549,-0.129,-8.650E-2
41.566,-0.128,-8.694E-2
41.583,-0.128,-8.705E-2
41.599,-0.128,-8.744E-2
41.616,-0.128,-8.793E-2
41.633,-0.128,-8.840E-2
41.650,-0.128,-8.932E-2
41.666,-0.128,-8.985E-2
41.683,-0.127,-9.077E-2
41.700,-0.127,-9.200E-2
41.716,-0.127,-9.284E-2
41.733,-0.127,-9.377E-2
41.750,-0.127,-9.433E-2
41.766,-0.127,-9.511E-2
41.783,-0.127,-9.564E-2
41.800,-0.127,-9.603E-2
41.817,-0.127,-9.610E-2
41.833,-0.127,-9.611E-2
41.850,-0.127,-9.602E-2
41.867,-0.127,-9.575E-2
41.883,-0.127,-9.562E-2
41.900,-0.127,-9.516E-2
41.917,-0.127,-9.510E-2
41.933,-0.128,-9.465E-2
41.950,-0.128,-9.429E-2
41.967,-0.128,-9.391E-2
41.984,-0.128,-9.375E-2
42.000,-0.128,-9.335E-2
42.017,-0.128,-9.122E-2
42.034,-0.128,-9.250E-2
42.050,-0.128,-9.201E-2
42.067,-0.128,-9.168E-2
42.084,-0.128,-9.149E-2
42.100,-0.129,-9.136E-2
42.117,-0.129,-9.121E-2
42.134,-0.129,-9.113E-2
42.151,-0.129,-9.110E-2
42.167,-0.129,-9.122E-2
42.184,-0.129,-9.125E-2
42.201,-0.128,-9.146E-2
42.217,-0.128,-9.156E-2
42.234,-0.128,-9.225E-2
42.251,-0.128,-9.247E-2
42.267,-0.128,-9.288E-2
42.284,-0.127,-9.342E-2
42.301,-0.127,-9.400E-2
42.318,-0.127,-9.248E-2
42.334,-0.127,-9.470E-2
42.351,-0.127,-9.474E-2
42.368,-0.127,-9.507E-2
42.384,-0.126,-9.495E-2
42.401,-0.126,-9.475E-2
42.418,-0.126,-9.435E-2
42.434,-0.126,-9.401E-2
42.451,-0.126,-9.360E-2
42.468,-0.126,-9.302E-2
42.485,-0.126,-9.225E-2
42.501,-0.126,-9.153E-2
42.518,-0.126,-9.063E-2
42.535,-0.127,-8.973E-2
42.551,-0.127,-8.886E-2
42.568,-0.127,-8.834E-2
42.585,-0.127,-8.751E-2
42.601,-0.127,-8.682E-2
42.618,-0.127,-8.626E-2
42.635,-0.127,-8.566E-2
42.652,-0.127,-8.546E-2
42.668,-0.128,-8.533E-2
42.685,-0.127,-8.560E-2
42.702,-0.127,-8.602E-2
42.718,-0.128,-8.623E-2
42.735,-0.128,-8.700E-2
42.752,-0.128,-8.755E-2
42.768,-0.127,-8.832E-2
42.785,-0.128,-8.940E-2
42.802,-0.128,-9.001E-2
42.819,-0.128,-9.107E-2
42.835,-0.129,-9.193E-2
42.852,-0.129,-9.290E-2
42.869,-0.129,-9.371E-2
42.885,-0.129,-9.466E-2
42.902,-0.129,-9.554E-2
42.919,-0.130,-9.610E-2
42.935,-0.129,-9.643E-2
42.952,-0.130,-9.652E-2
42.969,-0.130,-9.661E-2
42.986,-0.130,-9.648E-2
43.002,-0.130,-9.665E-2
43.019,-0.130,-9.657E-2
43.036,-0.130,-9.649E-2
43.052,-0.130,-9.603E-2
43.069,-0.131,-9.561E-2
43.086,-0.131,-9.460E-2
43.102,-0.131,-9.379E-2
43.119,-0.131,-9.325E-2
43.136,-0.131,-9.281E-2
43.153,-0.131,-9.217E-2
43.169,-0.131,-9.189E-2
43.186,-0.131,-9.171E-2
43.203,-0.130,-9.155E-2
43.219,-0.130,-9.152E-2
43.236,-0.129,-9.151E-2
43.253,-0.129,-9.159E-2
43.269,-0.129,-9.196E-2
43.286,-0.128,-9.191E-2
43.303,-0.128,-9.201E-2
43.320,-0.127,-9.215E-2
43.336,-0.127,-9.192E-2
43.353,-0.126,-9.194E-2
43.370,-0.126,-9.272E-2
43.386,-0.126,-9.290E-2
43.403,-0.125,-9.299E-2
43.420,-0.125,-9.315E-2
43.436,-0.125,-9.388E-2
43.453,-0.124,-9.401E-2
43.470,-0.125,-9.467E-2
43.487,-0.125,-9.502E-2
43.503,-0.125,-9.562E-2
43.520,-0.125,-9.567E-2
43.537,-0.125,-9.584E-2
43.553,-0.126,-9.607E-2
43.570,-0.126,-9.606E-2
43.587,-0.126,-9.651E-2
43.603,-0.126,-9.682E-2
43.620,-0.126,-9.737E-2
43.637,-0.126,-9.830E-2
43.654,-0.126,-9.804E-2
43.670,-0.126,-9.862E-2
43.687,-0.126,-9.938E-2
43.704,-0.127,-9.912E-2
43.720,-0.127,-9.891E-2
43.737,-0.128,-9.970E-2
43.754,-0.128,-9.963E-2
43.770,-0.128,-9.829E-2
43.787,-0.128,-9.927E-2
43.804,-0.129,-9.920E-2
43.821,-0.129,-9.896E-2
43.837,-0.129,-9.875E-2
43.854,-0.129,-9.854E-2
43.871,-0.129,-9.830E-2
43.887,-0.130,-9.814E-2
43.904,-0.130,-9.811E-2
43.921,-0.130,-9.791E-2
43.937,-0.130,-9.789E-2
43.954,-0.130,-9.782E-2
43.971,-0.130,-9.737E-2
43.988,-0.130,-9.737E-2
44.004,-0.130,-9.735E-2
44.021,-0.130,-9.714E-2
44.038,-0.130,-9.695E-2
44.054,-0.130,-9.690E-2
44.071,-0.130,-9.645E-2
44.088,-0.130,-9.618E-2
44.104,-0.130,-9.612E-2
44.121,-0.130,-9.610E-2
44.138,-0.130,-9.619E-2
44.155,-0.129,-9.643E-2
44.171,-0.129,-9.652E-2
44.188,-0.129,-9.692E-2
44.205,-0.129,-9.736E-2
44.221,-0.129,-9.737E-2
44.238,-0.129,-9.741E-2
44.255,-0.129,-9.737E-2
44.271,-0.129,-9.682E-2
44.288,-0.129,-9.684E-2
44.305,-0.129,-9.699E-2
44.322,-0.129,-9.688E-2
44.338,-0.129,-9.671E-2
44.355,-0.129,-9.651E-2
44.372,-0.129,-9.656E-2
44.388,-0.129,-9.676E-2
44.405,-0.129,-9.690E-2
44.422,-0.129,-9.693E-2
44.438,-0.129,-9.701E-2
44.455,-0.129,-9.658E-2
44.472,-0.129,-9.648E-2
44.489,-0.129,-9.597E-2
44.505,-0.129,-9.557E-2
44.522,-0.129,-9.509E-2
44.539,-0.129,-9.506E-2
44.555,-0.130,-9.420E-2
44.572,-0.130,-9.389E-2
44.589,-0.130,-9.350E-2
44.605,-0.130,-9.334E-2
44.622,-0.130,-9.284E-2
44.639,-0.130,-9.242E-2
44.656,-0.130,-9.206E-2
44.672,-0.129,-9.191E-2
44.689,-0.129,-9.184E-2
44.706,-0.129,-9.175E-2
44.722,-0.129,-9.195E-2
44.739,-0.129,-9.200E-2
44.756,-0.129,-9.204E-2
44.772,-0.129,-9.235E-2
44.789,-0.128,-9.240E-2
44.806,-0.128,-9.264E-2
44.823,-0.128,-9.310E-2
44.839,-0.128,-9.329E-2
44.856,-0.127,-9.335E-2
44.873,-0.127,-9.336E-2
44.889,-0.127,-9.307E-2
44.906,-0.127,-9.292E-2
44.923,-0.127,-9.256E-2
44.939,-0.127,-9.213E-2
44.956,-0.127,-9.170E-2
44.973,-0.127,-9.109E-2
44.990,-0.127,-9.065E-2
45.006,-0.127,-9.012E-2
45.023,-0.127,-8.926E-2
45.040,-0.127,-8.888E-2
45.056,-0.127,-8.846E-2
45.073,-0.127,-8.785E-2
45.090,-0.128,-8.717E-2
45.106,-0.128,-8.693E-2
45.123,-0.128,-8.661E-2
45.140,-0.128,-8.622E-2
45.157,-0.128,-8.609E-2
45.173,-0.128,-8.605E-2
45.190,-0.128,-8.608E-2
45.207,-0.128,-8.614E-2
45.223,-0.128,-8.613E-2
45.240,-0.128,-8.614E-2
45.257,-0.127,-8.618E-2
45.273,-0.127,-8.649E-2
45.290,-0.127,-8.664E-2
45.307,-0.127,-8.704E-2
45.324,-0.127,-8.712E-2
45.340,-0.126,-8.706E-2
45.357,-0.126,-8.727E-2
45.374,-0.126,-8.699E-2
45.390,-0.126,-8.678E-2
45.407,-0.126,-8.655E-2
45.424,-0.126,-8.615E-2
45.440,-0.126,-8.564E-2
45.457,-0.126,-8.482E-2
45.474,-0.126,-8.430E-2
45.491,-0.126,-8.377E-2
45.507,-0.126,-8.335E-2
45.524,-0.126,-8.286E-2
45.541,-0.126,-8.248E-2
45.557,-0.126,-8.205E-2
45.574,-0.126,-8.204E-2
45.591,-0.126,-8.206E-2
45.607,-0.126,-8.212E-2
45.624,-0.126,-8.245E-2
45.641,-0.126,-8.254E-2
45.658,-0.126,-8.294E-2
45.674,-0.126,-8.344E-2
45.691,-0.126,-8.386E-2
45.708,-0.127,-8.406E-2
45.724,-0.127,-8.436E-2
45.741,-0.127,-8.460E-2
45.758,-0.128,-8.497E-2
45.774,-0.128,-8.514E-2
45.791,-0.128,-8.557E-2
45.808,-0.129,-8.600E-2
45.825,-0.129,-8.657E-2
45.841,-0.129,-8.746E-2
45.858,-0.129,-8.804E-2
45.875,-0.129,-8.874E-2
45.891,-0.129,-8.947E-2
45.908,-0.130,-9.012E-2
45.925,-0.130,-9.035E-2
45.941,-0.130,-9.078E-2
45.958,-0.130,-9.107E-2
45.975,-0.130,-9.104E-2
45.992,-0.130,-9.107E-2
46.008,-0.130,-9.101E-2
46.025,-0.130,-9.069E-2
46.042,-0.130,-9.043E-2
46.058,-0.130,-8.998E-2
46.075,-0.130,-8.942E-2
46.092,-0.130,-8.886E-2
46.108,-0.129,-8.825E-2
46.125,-0.129,-8.746E-2
46.142,-0.129,-8.669E-2
46.159,-0.129,-8.596E-2
46.175,-0.129,-8.535E-2
46.192,-0.129,-8.452E-2
46.209,-0.129,-8.363E-2
46.225,-0.128,-8.331E-2
46.242,-0.128,-8.253E-2
46.259,-0.128,-8.206E-2
46.275,-0.128,-8.173E-2
46.292,-0.127,-8.169E-2
46.309,-0.127,-8.160E-2
46.326,-0.127,-8.165E-2
46.342,-0.127,-8.161E-2
46.359,-0.126,-8.153E-2
46.376,-0.126,-8.140E-2
46.392,-0.126,-8.109E-2
46.409,-0.126,-8.105E-2
46.426,-0.127,-8.089E-2
46.442,-0.126,-7.948E-2
46.459,-0.127,-8.030E-2
46.476,-0.127,-8.018E-2
46.493,-0.127,-8.066E-2
46.509,-0.127,-8.108E-2
46.526,-0.127,-8.160E-2
46.543,-0.127,-8.231E-2
46.559,-0.127,-8.305E-2
46.576,-0.127,-8.392E-2
46.593,-0.127,-8.467E-2
46.609,-0.127,-8.545E-2
46.626,-0.127,-8.653E-2
46.643,-0.127,-8.739E-2
46.660,-0.127,-8.810E-2
46.676,-0.127,-8.876E-2
46.693,-0.128,-8.920E-2
46.710,-0.128,-8.946E-2
46.726,-0.129,-8.971E-2
46.743,-0.129,-8.968E-2
46.760,-0.130,-8.975E-2
46.776,-0.131,-8.970E-2
46.793,-0.131,-8.958E-2
46.810,-0.132,-8.929E-2
46.827,-0.132,-8.917E-2
46.843,-0.133,-8.874E-2
46.860,-0.133,-8.836E-2
46.877,-0.133,-8.826E-2
46.893,-0.133,-8.822E-2
46.910,-0.133,-8.820E-2
46.927,-0.133,-8.795E-2
46.943,-0.133,-8.798E-2
46.960,-0.132,-8.801E-2
46.977,-0.132,-8.804E-2
46.994,-0.131,-8.803E-2
47.010,-0.131,-8.793E-2
47.027,-0.130,-8.762E-2
47.044,-0.130,-8.736E-2
47.060,-0.129,-8.706E-2
47.077,-0.129,-8.696E-2
47.094,-0.128,-8.657E-2
47.110,-0.128,-8.650E-2
47.127,-0.128,-8.653E-2
47.144,-0.128,-8.662E-2
47.161,-0.127,-8.688E-2
47.177,-0.127,-8.695E-2
47.194,-0.127,-8.738E-2
47.211,-0.127,-8.770E-2
47.227,-0.127,-8.831E-2
47.244,-0.127,-8.914E-2
47.261,-0.127,-8.982E-2
47.277,-0.127,-9.019E-2
47.294,-0.127,-9.127E-2
47.311,-0.127,-9.188E-2
47.328,-0.126,-9.211E-2
47.344,-0.126,-9.147E-2
47.361,-0.126,-9.106E-2
47.378,-0.126,-9.197E-2
47.394,-0.126,-9.025E-2
47.411,-0.126,-9.068E-2
47.428,-0.126,-8.968E-2
47.444,-0.127,-8.902E-2
47.461,-0.126,-8.830E-2
47.478,-0.127,-8.791E-2
47.495,-0.127,-8.745E-2
47.511,-0.127,-8.710E-2
47.528,-0.127,-8.700E-2
47.545,-0.127,-8.702E-2
47.561,-0.127,-8.716E-2
47.578,-0.127,-8.726E-2
47.595,-0.127,-8.748E-2
47.611,-0.127,-8.804E-2
47.628,-0.127,-8.840E-2
47.645,-0.127,-8.832E-2
47.662,-0.127,-8.876E-2
47.678,-0.127,-8.895E-2
47.695,-0.128,-8.944E-2
47.712,-0.128,-8.973E-2
47.728,-0.128,-9.017E-2
47.745,-0.128,-9.044E-2
47.762,-0.128,-9.066E-2
47.778,-0.128,-9.068E-2
47.795,-0.128,-9.057E-2
47.812,-0.129,-9.066E-2
47.829,-0.128,-9.099E-2
47.845,-0.129,-9.108E-2
47.862,-0.129,-9.112E-2
47.879,-0.129,-9.117E-2
47.895,-0.129,-9.128E-2
47.912,-0.129,-9.147E-2
47.929,-0.130,-9.157E-2
47.945,-0.130,-9.193E-2
47.962,-0.130,-9.218E-2
47.979,-0.130,-9.251E-2
47.996,-0.131,-9.322E-2
48.012,-0.131,-9.324E-2
48.029,-0.131,-9.337E-2
48.046,-0.131,-9.372E-2
48.062,-0.131,-9.379E-2
48.079,-0.131,-9.374E-2
48.096,-0.131,-9.366E-2
48.112,-0.131,-9.355E-2
48.129,-0.131,-9.370E-2
48.146,-0.131,-9.365E-2
48.163,-0.130,-9.370E-2
48.179,-0.130,-9.361E-2
48.196,-0.130,-9.346E-2
48.213,-0.130,-9.354E-2
48.229,-0.130,-9.326E-2
48.246,-0.130,-9.287E-2
48.263,-0.129,-9.241E-2
48.279,-0.129,-9.205E-2
48.296,-0.129,-9.190E-2
48.313,-0.128,-9.128E-2
48.330,-0.129,-9.191E-2
48.346,-0.128,-9.147E-2
48.363,-0.129,-9.150E-2
48.380,-0.129,-9.196E-2
48.396,-0.129,-9.197E-2
48.413,-0.129,-9.202E-2
48.430,-0.129,-9.235E-2
48.446,-0.129,-9.234E-2
48.463,-0.129,-9.232E-2
48.480,-0.129,-9.284E-2
48.497,-0.129,-9.299E-2
48.513,-0.129,-9.317E-2
48.530,-0.129,-9.374E-2
48.547,-0.129,-9.396E-2
48.563,-0.129,-9.399E-2
48.580,-0.129,-9.421E-2
48.597,-0.129,-9.424E-2
48.613,-0.129,-9.425E-2
48.630,-0.129,-9.432E-2
48.647,-0.129,-9.442E-2
48.664,-0.129,-9.456E-2
48.680,-0.129,-9.463E-2
48.697,-0.129,-9.462E-2
48.714,-0.128,-9.472E-2
48.730,-0.128,-9.507E-2
48.747,-0.128,-9.525E-2
48.764,-0.127,-9.558E-2
48.780,-0.127,-9.559E-2
48.797,-0.127,-9.556E-2
48.814,-0.127,-9.530E-2
48.831,-0.127,-9.478E-2
48.847,-0.126,-9.427E-2
48.864,-0.126,-9.346E-2
48.881,-0.127,-9.250E-2
48.897,-0.127,-9.170E-2
48.914,-0.127,-9.099E-2
48.931,-0.127,-9.048E-2
48.947,-0.127,-8.982E-2
48.964,-0.127,-8.944E-2
48.981,-0.127,-8.917E-2
48.998,-0.126,-8.882E-2
49.014,-0.127,-8.841E-2
49.031,-0.127,-8.833E-2
49.048,-0.126,-8.836E-2
49.064,-0.127,-8.819E-2
49.081,-0.127,-8.825E-2
49.098,-0.126,-8.864E-2
49.114,-0.127,-8.844E-2
49.131,-0.127,-8.887E-2
49.148,-0.126,-8.895E-2
49.165,-0.126,-8.881E-2
49.181,-0.126,-8.881E-2
49.198,-0.126,-8.854E-2
49.215,-0.126,-8.882E-2
49.231,-0.126,-8.893E-2
49.248,-0.126,-8.925E-2
49.265,-0.126,-8.935E-2
49.281,-0.126,-8.974E-2
49.298,-0.126,-8.970E-2
49.315,-0.126,-8.967E-2
49.332,-0.126,-8.937E-2
49.348,-0.127,-8.866E-2
49.365,-0.127,-8.807E-2
49.382,-0.127,-8.770E-2
49.398,-0.127,-8.713E-2
49.415,-0.128,-8.658E-2
49.432,-0.128,-8.576E-2
49.448,-0.128,-8.513E-2
49.465,-0.128,-8.437E-2
49.482,-0.128,-8.356E-2
49.499,-0.128,-8.240E-2
49.515,-0.128,-8.157E-2
49.532,-0.128,-8.026E-2
49.549,-0.128,-7.936E-2
49.565,-0.129,-7.851E-2
49.582,-0.129,-7.796E-2
49.599,-0.129,-7.760E-2
49.615,-0.129,-7.745E-2
49.632,-0.129,-7.749E-2
49.649,-0.129,-7.786E-2
49.666,-0.129,-7.812E-2
49.682,-0.129,-7.873E-2
49.699,-0.129,-7.922E-2
49.716,-0.129,-7.982E-2
49.732,-0.128,-8.059E-2
49.749,-0.128,-8.130E-2
49.766,-0.128,-8.199E-2
49.782,-0.128,-8.292E-2
49.799,-0.128,-8.349E-2
49.816,-0.127,-8.422E-2
49.833,-0.127,-8.468E-2
49.849,-0.127,-8.514E-2
49.866,-0.127,-8.515E-2
49.883,-0.128,-8.527E-2
49.899,-0.128,-8.528E-2
49.916,-0.129,-8.528E-2
49.933,-0.129,-8.529E-2
49.949,-0.129,-8.553E-2
49.966,-0.130,-8.530E-2
49.983,-0.130,-8.541E-2
50.000,-0.130,-8.555E-2
50.016,-0.130,-8.569E-2
50.033,-0.131,-8.601E-2
50.050,-0.131,-8.630E-2
50.066,-0.131,-8.658E-2
50.083,-0.131,-8.721E-2
50.100,-0.131,-8.739E-2
50.116,-0.131,-8.782E-2
50.133,-0.131,-8.795E-2
50.150,-0.131,-8.811E-2
50.167,-0.131,-8.789E-2
50.183,-0.131,-8.794E-2
50.200,-0.130,-8.790E-2
50.217,-0.130,-8.782E-2
50.233,-0.130,-8.781E-2
50.250,-0.130,-8.782E-2
50.267,-0.130,-8.737E-2
50.283,-0.130,-8.738E-2
50.300,-0.130,-8.712E-2
50.317,-0.130,-8.703E-2
50.334,-0.130,-8.711E-2
50.350,-0.130,-8.699E-2
50.367,-0.130,-8.708E-2
50.384,-0.130,-8.710E-2
50.400,-0.130,-8.737E-2
50.417,-0.130,-8.749E-2
50.434,-0.130,-8.801E-2
50.450,-0.129,-8.831E-2
50.467,-0.129,-8.830E-2
50.484,-0.130,-8.832E-2
50.501,-0.130,-8.837E-2
50.517,-0.130,-8.834E-2
50.534,-0.130,-8.871E-2
50.551,-0.130,-8.874E-2
50.567,-0.130,-8.880E-2
50.584,-0.130,-8.888E-2
50.601,-0.131,-8.943E-2
50.617,-0.130,-8.972E-2
50.634,-0.130,-8.982E-2
50.651,-0.130,-9.014E-2
50.668,-0.130,-9.058E-2
50.684,-0.130,-9.098E-2
50.701,-0.130,-9.113E-2
50.718,-0.130,-9.127E-2
50.734,-0.129,-9.145E-2
50.751,-0.129,-9.132E-2
50.768,-0.129,-9.120E-2
50.784,-0.129,-9.124E-2
50.801,-0.129,-9.110E-2
50.818,-0.129,-9.076E-2
50.835,-0.129,-9.053E-2
50.851,-0.129,-8.992E-2
50.868,-0.129,-8.928E-2
50.885,-0.129,-8.881E-2
50.901,-0.129,-8.830E-2
50.918,-0.129,-8.771E-2
50.935,-0.129,-8.719E-2
50.951,-0.129,-8.663E-2
50.968,-0.129,-8.653E-2
50.985,-0.129,-8.636E-2
51.002,-0.129,-8.626E-2
51.018,-0.129,-8.650E-2
51.035,-0.129,-8.659E-2
51.052,-0.129,-8.712E-2
51.068,-0.129,-8.767E-2
51.085,-0.129,-8.829E-2
51.102,-0.128,-8.919E-2
51.118,-0.129,-8.970E-2
51.135,-0.129,-9.032E-2
51.152,-0.129,-9.106E-2
51.169,-0.129,-9.167E-2
51.185,-0.129,-9.245E-2
51.202,-0.130,-9.308E-2
51.219,-0.130,-9.393E-2
51.235,-0.130,-9.464E-2
51.252,-0.130,-9.512E-2
51.269,-0.130,-9.571E-2
51.285,-0.130,-9.642E-2
51.302,-0.130,-9.589E-2
51.319,-0.131,-9.732E-2
51.336,-0.131,-9.801E-2
51.352,-0.131,-9.784E-2
51.369,-0.132,-9.946E-2
51.386,-0.132,-0.100
51.402,-0.133,-0.101
51.419,-0.133,-0.101
51.436,-0.133,-0.102
51.452,-0.134,-0.102
51.469,-0.134,-0.102
51.486,-0.134,-0.103
51.503,-0.135,-0.103
51.519,-0.135,-0.103
51.536,-0.135,-0.103
51.553,-0.135,-0.103
51.569,-0.136,-0.104
51.586,-0.136,-0.103
51.603,-0.136,-0.103
51.619,-0.136,-0.103
51.636,-0.137,-0.103
51.653,-0.137,-0.103
51.670,-0.137,-0.102
51.686,-0.136,-0.102
51.703,-0.136,-0.102
51.720,-0.136,-0.101
51.736,-0.136,-0.100
51.753,-0.135,-9.966E-2
51.770,-0.134,-9.912E-2
51.786,-0.134,-9.849E-2
51.803,-0.133,-9.757E-2
51.820,-0.133,-9.685E-2
51.837,-0.132,-9.632E-2
51.853,-0.131,-9.569E-2
51.870,-0.130,-9.513E-2
51.887,-0.130,-9.461E-2
51.903,-0.129,-9.396E-2
51.920,-0.129,-9.348E-2
