,mass A,,
t,x,y,
0.000,-0.139,-5.498E-2
0.018,-0.139,-5.488E-2
0.035,-0.139,-5.491E-2
0.053,-0.139,-5.490E-2
0.071,-0.139,-5.398E-2
0.088,-0.140,-5.402E-2
0.106,-0.140,-5.379E-2
0.123,-0.140,-5.368E-2
0.141,-0.140,-5.434E-2
0.159,-0.140,-5.430E-2
0.176,-0.141,-5.365E-2
0.194,-0.141,-5.430E-2
0.212,-0.140,-5.458E-2
0.229,-0.141,-5.485E-2
0.247,-0.142,-5.452E-2
0.265,-0.142,-5.384E-2
0.282,-0.142,-5.530E-2
0.300,-0.142,-5.562E-2
0.317,-0.142,-5.566E-2
0.335,-0.142,-5.621E-2
0.353,-0.142,-5.653E-2
0.370,-0.142,-5.664E-2
0.388,-0.141,-5.654E-2
0.406,-0.141,-5.688E-2
0.423,-0.141,-5.694E-2
0.441,-0.141,-5.734E-2
0.459,-0.141,-5.772E-2
0.476,-0.140,-5.797E-2
0.494,-0.140,-5.811E-2
0.511,-0.140,-5.846E-2
0.529,-0.140,-5.850E-2
0.547,-0.139,-5.888E-2
0.564,-0.139,-5.900E-2
0.582,-0.139,-5.892E-2
0.600,-0.139,-5.927E-2
0.617,-0.139,-5.887E-2
0.635,-0.139,-5.907E-2
0.652,-0.139,-5.971E-2
0.670,-0.139,-5.953E-2
0.688,-0.139,-6.022E-2
0.705,-0.139,-6.021E-2
0.723,-0.139,-6.039E-2
0.741,-0.139,-6.029E-2
0.758,-0.139,-6.038E-2
0.776,-0.139,-6.010E-2
0.794,-0.140,-5.961E-2
0.811,-0.140,-6.039E-2
0.829,-0.140,-6.068E-2
0.846,-0.140,-6.064E-2
0.864,-0.140,-6.060E-2
0.882,-0.140,-6.031E-2
0.899,-0.140,-6.031E-2
0.917,-0.140,-6.068E-2
0.935,-0.140,-6.066E-2
0.952,-0.140,-6.116E-2
0.970,-0.140,-6.155E-2
0.988,-0.139,-6.178E-2
1.005,-0.139,-6.182E-2
1.023,-0.139,-6.202E-2
1.040,-0.139,-6.164E-2
1.058,-0.139,-6.164E-2
1.076,-0.139,-6.017E-2
1.093,-0.138,-6.161E-2
1.111,-0.138,-6.164E-2
1.129,-0.138,-6.009E-2
1.146,-0.138,-6.049E-2
1.164,-0.138,-6.118E-2
1.182,-0.139,-6.131E-2
1.199,-0.138,-6.015E-2
1.217,-0.138,-6.106E-2
1.234,-0.138,-6.122E-2
1.252,-0.138,-6.122E-2
1.270,-0.138,-6.120E-2
1.287,-0.137,-6.163E-2
1.305,-0.137,-6.126E-2
1.323,-0.137,-6.077E-2
1.340,-0.136,-6.161E-2
1.358,-0.136,-6.120E-2
1.376,-0.136,-6.164E-2
1.393,-0.135,-6.059E-2
1.411,-0.135,-6.095E-2
1.428,-0.135,-6.172E-2
1.446,-0.134,-6.110E-2
1.464,-0.134,-6.114E-2
1.481,-0.134,-6.218E-2
1.499,-0.133,-6.258E-2
1.517,-0.133,-6.266E-2
1.534,-0.133,-6.276E-2
1.552,-0.133,-6.196E-2
1.569,-0.133,-6.172E-2
1.587,-0.133,-6.115E-2
1.605,-0.133,-6.119E-2
1.622,-0.133,-6.181E-2
1.640,-0.133,-6.116E-2
1.658,-0.133,-6.026E-2
1.675,-0.133,-6.051E-2
1.693,-0.134,-5.938E-2
1.711,-0.134,-5.930E-2
1.728,-0.134,-5.845E-2
1.746,-0.134,-5.826E-2
1.763,-0.134,-5.769E-2
1.781,-0.135,-5.752E-2
1.799,-0.135,-5.667E-2
1.816,-0.135,-5.725E-2
1.834,-0.135,-5.651E-2
1.852,-0.135,-5.632E-2
1.869,-0.135,-5.563E-2
1.887,-0.135,-5.621E-2
1.905,-0.135,-5.562E-2
1.922,-0.135,-5.492E-2
1.940,-0.135,-5.473E-2
1.957,-0.135,-5.544E-2
1.975,-0.135,-5.540E-2
1.993,-0.135,-5.479E-2
2.010,-0.135,-5.465E-2
2.028,-0.135,-5.479E-2
2.046,-0.135,-5.469E-2
2.063,-0.135,-5.478E-2
2.081,-0.135,-5.476E-2
2.099,-0.135,-5.563E-2
2.116,-0.136,-5.529E-2
2.134,-0.135,-5.570E-2
2.151,-0.135,-5.599E-2
2.169,-0.135,-5.559E-2
2.187,-0.135,-5.586E-2
2.204,-0.135,-5.604E-2
2.222,-0.135,-5.603E-2
2.240,-0.135,-5.616E-2
2.257,-0.135,-5.562E-2
2.275,-0.135,-5.629E-2
2.293,-0.135,-5.649E-2
2.310,-0.135,-5.671E-2
2.328,-0.135,-5.639E-2
2.345,-0.135,-5.570E-2
2.363,-0.135,-5.648E-2
2.381,-0.135,-5.567E-2
2.398,-0.135,-5.665E-2
2.416,-0.135,-5.623E-2
2.434,-0.135,-5.623E-2
2.451,-0.135,-5.476E-2
2.469,-0.135,-5.578E-2
2.487,-0.135,-5.476E-2
2.504,-0.135,-5.477E-2
2.522,-0.135,-5.400E-2
2.539,-0.135,-5.300E-2
2.557,-0.136,-5.448E-2
2.575,-0.136,-5.442E-2
2.592,-0.136,-5.428E-2
2.610,-0.136,-5.296E-2
2.628,-0.136,-5.287E-2
2.645,-0.136,-5.297E-2
2.663,-0.136,-5.391E-2
2.680,-0.136,-5.282E-2
2.698,-0.136,-5.362E-2
2.716,-0.136,-5.296E-2
2.733,-0.135,-5.388E-2
2.751,-0.135,-5.425E-2
2.769,-0.135,-5.299E-2
2.786,-0.135,-5.284E-2
2.804,-0.135,-5.392E-2
2.822,-0.135,-5.231E-2
2.839,-0.135,-5.294E-2
2.857,-0.135,-5.229E-2
2.874,-0.135,-5.264E-2
2.892,-0.135,-5.305E-2
2.910,-0.136,-5.238E-2
2.927,-0.136,-5.208E-2
2.945,-0.137,-5.192E-2
2.963,-0.137,-5.266E-2
2.980,-0.137,-5.194E-2
2.998,-0.137,-5.178E-2
3.016,-0.138,-5.184E-2
3.033,-0.138,-5.202E-2
3.051,-0.138,-5.204E-2
3.068,-0.139,-5.240E-2
3.086,-0.139,-5.202E-2
3.104,-0.139,-5.264E-2
3.121,-0.140,-5.111E-2
3.139,-0.140,-5.251E-2
3.157,-0.140,-5.255E-2
3.174,-0.141,-5.104E-2
3.192,-0.141,-5.182E-2
3.210,-0.142,-5.098E-2
3.227,-0.142,-5.256E-2
3.245,-0.142,-5.277E-2
3.262,-0.143,-5.286E-2
3.280,-0.143,-5.248E-2
3.298,-0.143,-5.378E-2
3.315,-0.143,-5.425E-2
3.333,-0.143,-5.432E-2
3.351,-0.143,-5.456E-2
3.368,-0.143,-5.438E-2
3.386,-0.143,-5.561E-2
3.404,-0.142,-5.541E-2
3.421,-0.143,-5.628E-2
3.439,-0.142,-5.624E-2
3.456,-0.142,-5.649E-2
3.474,-0.142,-5.647E-2
3.492,-0.142,-5.795E-2
3.509,-0.142,-5.742E-2
3.527,-0.141,-5.743E-2
3.545,-0.141,-5.893E-2
3.562,-0.141,-5.927E-2
3.580,-0.140,-5.934E-2
3.597,-0.140,-5.931E-2
3.615,-0.140,-5.937E-2
3.633,-0.139,-5.946E-2
3.650,-0.139,-5.981E-2
3.668,-0.140,-5.983E-2
3.686,-0.139,-5.839E-2
3.703,-0.139,-5.904E-2
3.721,-0.139,-5.924E-2
3.739,-0.139,-5.987E-2
3.756,-0.139,-5.914E-2
3.774,-0.139,-5.991E-2
3.791,-0.138,-5.903E-2
3.809,-0.137,-5.922E-2
3.827,-0.137,-6.020E-2
3.844,-0.137,-6.001E-2
3.862,-0.137,-5.930E-2
3.880,-0.137,-5.902E-2
3.897,-0.136,-5.932E-2
3.915,-0.136,-5.985E-2
3.933,-0.136,-5.987E-2
3.950,-0.135,-5.909E-2
3.968,-0.135,-5.989E-2
3.985,-0.135,-5.985E-2
4.003,-0.135,-5.988E-2
4.021,-0.135,-5.987E-2
4.038,-0.135,-5.983E-2
4.056,-0.135,-5.987E-2
4.074,-0.135,-5.975E-2
4.091,-0.135,-5.991E-2
4.109,-0.134,-5.946E-2
4.127,-0.134,-5.997E-2
4.144,-0.134,-5.938E-2
4.162,-0.134,-5.934E-2
4.179,-0.134,-5.932E-2
4.197,-0.134,-6.009E-2
4.215,-0.134,-6.116E-2
4.232,-0.134,-6.016E-2
4.250,-0.134,-6.061E-2
4.268,-0.135,-6.150E-2
4.285,-0.135,-6.027E-2
4.303,-0.135,-6.171E-2
4.321,-0.135,-6.172E-2
4.338,-0.135,-6.212E-2
4.356,-0.135,-6.183E-2
4.373,-0.135,-6.214E-2
4.391,-0.135,-6.257E-2
4.409,-0.135,-6.291E-2
4.426,-0.134,-6.288E-2
4.444,-0.134,-6.378E-2
4.462,-0.134,-6.375E-2
4.479,-0.134,-6.431E-2
4.497,-0.134,-6.477E-2
4.515,-0.134,-6.551E-2
4.532,-0.133,-6.617E-2
4.550,-0.133,-6.624E-2
4.567,-0.133,-6.642E-2
4.585,-0.133,-6.672E-2
4.603,-0.133,-6.729E-2
4.620,-0.132,-6.777E-2
4.638,-0.132,-6.756E-2
4.656,-0.132,-6.865E-2
4.673,-0.132,-6.906E-2
4.691,-0.132,-6.848E-2
4.708,-0.131,-6.864E-2
4.726,-0.131,-6.865E-2
4.744,-0.131,-6.756E-2
4.761,-0.131,-6.861E-2
4.779,-0.131,-6.749E-2
4.797,-0.132,-6.841E-2
4.814,-0.132,-6.748E-2
4.832,-0.132,-6.896E-2
4.850,-0.132,-6.854E-2
4.867,-0.132,-6.841E-2
4.885,-0.132,-6.778E-2
4.902,-0.132,-6.639E-2
4.920,-0.133,-6.726E-2
4.938,-0.133,-6.569E-2
4.955,-0.133,-6.570E-2
4.973,-0.133,-6.667E-2
4.991,-0.133,-6.610E-2
5.008,-0.133,-6.546E-2
5.026,-0.133,-6.553E-2
5.044,-0.133,-6.538E-2
5.061,-0.133,-6.513E-2
5.079,-0.133,-6.375E-2
5.096,-0.133,-6.382E-2
5.114,-0.133,-6.366E-2
5.132,-0.133,-6.506E-2
5.149,-0.133,-6.495E-2
5.167,-0.133,-6.525E-2
5.185,-0.133,-6.390E-2
5.202,-0.133,-6.384E-2
5.220,-0.133,-6.383E-2
5.238,-0.133,-6.381E-2
5.255,-0.132,-6.378E-2
5.273,-0.132,-6.505E-2
5.290,-0.132,-6.387E-2
5.308,-0.132,-6.381E-2
5.326,-0.132,-6.384E-2
5.343,-0.132,-6.493E-2
5.361,-0.132,-6.514E-2
5.379,-0.132,-6.388E-2
5.396,-0.132,-6.501E-2
5.414,-0.132,-6.300E-2
5.432,-0.132,-6.287E-2
5.449,-0.132,-6.282E-2
5.467,-0.132,-6.283E-2
5.484,-0.132,-6.277E-2
5.502,-0.133,-6.286E-2
5.520,-0.133,-6.282E-2
5.537,-0.133,-6.266E-2
5.555,-0.133,-6.268E-2
5.573,-0.134,-6.272E-2
5.590,-0.134,-6.261E-2
5.608,-0.134,-6.205E-2
5.625,-0.135,-6.208E-2
5.643,-0.135,-6.185E-2
5.661,-0.135,-6.180E-2
5.678,-0.136,-6.172E-2
5.696,-0.136,-6.151E-2
5.714,-0.136,-6.175E-2
5.731,-0.136,-6.176E-2
5.749,-0.137,-6.175E-2
5.767,-0.137,-6.345E-2
5.784,-0.138,-6.373E-2
5.802,-0.137,-6.202E-2
5.819,-0.137,-6.265E-2
5.837,-0.137,-6.280E-2
5.855,-0.137,-6.277E-2
5.872,-0.137,-6.282E-2
5.890,-0.137,-6.357E-2
5.908,-0.136,-6.296E-2
5.925,-0.136,-6.497E-2
5.943,-0.136,-6.380E-2
5.961,-0.136,-6.383E-2
5.978,-0.135,-6.515E-2
5.996,-0.135,-6.458E-2
6.013,-0.135,-6.618E-2
6.031,-0.134,-6.670E-2
6.049,-0.134,-6.566E-2
6.066,-0.134,-6.660E-2
6.084,-0.133,-6.731E-2
6.102,-0.132,-6.865E-2
6.119,-0.132,-6.843E-2
6.137,-0.132,-6.831E-2
6.155,-0.131,-6.834E-2
6.172,-0.131,-6.753E-2
6.190,-0.131,-6.736E-2
6.207,-0.131,-6.659E-2
6.225,-0.131,-6.651E-2
6.243,-0.131,-6.568E-2
6.260,-0.131,-6.705E-2
6.278,-0.132,-6.691E-2
6.296,-0.132,-6.664E-2
6.313,-0.132,-6.475E-2
6.331,-0.132,-6.598E-2
6.349,-0.132,-6.394E-2
6.366,-0.132,-6.389E-2
6.384,-0.132,-6.476E-2
6.401,-0.133,-6.297E-2
6.419,-0.133,-6.373E-2
6.437,-0.133,-6.392E-2
6.454,-0.133,-6.375E-2
6.472,-0.134,-6.367E-2
6.490,-0.134,-6.330E-2
6.507,-0.134,-6.117E-2
6.525,-0.134,-6.293E-2
6.543,-0.135,-6.266E-2
6.560,-0.135,-6.106E-2
6.578,-0.135,-6.231E-2
6.595,-0.135,-6.115E-2
6.613,-0.136,-6.205E-2
6.631,-0.136,-6.206E-2
6.648,-0.136,-6.277E-2
6.666,-0.136,-6.274E-2
6.684,-0.137,-6.399E-2
6.701,-0.136,-6.284E-2
6.719,-0.136,-6.376E-2
6.736,-0.136,-6.463E-2
6.754,-0.136,-6.471E-2
6.772,-0.136,-6.567E-2
6.789,-0.135,-6.654E-2
6.807,-0.135,-6.890E-2
6.825,-0.134,-6.828E-2
6.842,-0.134,-6.921E-2
6.860,-0.134,-7.011E-2
6.878,-0.134,-7.087E-2
6.895,-0.134,-7.169E-2
6.913,-0.133,-7.265E-2
6.930,-0.133,-7.297E-2
6.948,-0.133,-7.382E-2
6.966,-0.132,-7.469E-2
6.983,-0.132,-7.546E-2
7.001,-0.132,-7.594E-2
7.019,-0.131,-7.633E-2
7.036,-0.132,-7.734E-2
7.054,-0.132,-7.722E-2
7.072,-0.131,-7.751E-2
7.089,-0.131,-7.814E-2
7.107,-0.131,-7.822E-2
7.124,-0.131,-7.847E-2
7.142,-0.131,-7.888E-2
7.160,-0.130,-7.911E-2
7.177,-0.130,-7.921E-2
7.195,-0.131,-7.928E-2
7.213,-0.131,-7.929E-2
7.230,-0.131,-7.938E-2
7.248,-0.131,-7.931E-2
7.266,-0.131,-7.931E-2
7.283,-0.131,-7.933E-2
7.301,-0.131,-7.930E-2
7.318,-0.131,-7.920E-2
7.336,-0.131,-7.845E-2
7.354,-0.131,-7.842E-2
7.371,-0.131,-7.830E-2
7.389,-0.131,-7.819E-2
7.407,-0.131,-7.755E-2
7.424,-0.131,-7.729E-2
7.442,-0.131,-7.656E-2
7.460,-0.131,-7.635E-2
7.477,-0.131,-7.577E-2
7.495,-0.131,-7.553E-2
7.512,-0.132,-7.505E-2
7.530,-0.132,-7.467E-2
7.548,-0.132,-7.463E-2
7.565,-0.132,-7.399E-2
7.583,-0.132,-7.400E-2
7.601,-0.132,-7.417E-2
7.618,-0.132,-7.414E-2
7.636,-0.132,-7.375E-2
7.653,-0.132,-7.377E-2
7.671,-0.132,-7.362E-2
7.689,-0.132,-7.336E-2
7.706,-0.131,-7.328E-2
7.724,-0.132,-7.325E-2
7.742,-0.132,-7.296E-2
7.759,-0.132,-7.293E-2
7.777,-0.132,-7.234E-2
7.795,-0.133,-7.203E-2
7.812,-0.132,-7.191E-2
7.830,-0.132,-7.165E-2
7.847,-0.132,-7.101E-2
7.865,-0.132,-7.064E-2
7.883,-0.132,-7.011E-2
7.900,-0.132,-6.949E-2
7.918,-0.132,-6.910E-2
7.936,-0.132,-6.877E-2
7.953,-0.132,-6.823E-2
7.971,-0.132,-6.799E-2
7.989,-0.133,-6.756E-2
8.006,-0.132,-6.740E-2
8.024,-0.133,-6.724E-2
8.041,-0.132,-6.729E-2
8.059,-0.132,-6.663E-2
8.077,-0.132,-6.651E-2
8.094,-0.133,-6.642E-2
8.112,-0.133,-6.569E-2
8.130,-0.133,-6.551E-2
8.147,-0.133,-6.543E-2
8.165,-0.133,-6.518E-2
8.183,-0.133,-6.478E-2
8.200,-0.133,-6.473E-2
8.218,-0.132,-6.481E-2
8.235,-0.132,-6.473E-2
8.253,-0.132,-6.468E-2
8.271,-0.132,-6.470E-2
8.288,-0.132,-6.467E-2
8.306,-0.131,-6.438E-2
8.324,-0.131,-6.376E-2
8.341,-0.131,-6.375E-2
8.359,-0.131,-6.379E-2
8.377,-0.131,-6.361E-2
8.394,-0.131,-6.320E-2
8.412,-0.131,-6.281E-2
8.429,-0.131,-6.211E-2
8.447,-0.131,-6.186E-2
8.465,-0.130,-6.115E-2
8.482,-0.131,-6.099E-2
8.500,-0.131,-6.056E-2
8.518,-0.131,-5.990E-2
8.535,-0.131,-5.920E-2
8.553,-0.131,-5.850E-2
8.571,-0.130,-5.830E-2
8.588,-0.131,-5.756E-2
8.606,-0.131,-5.747E-2
8.623,-0.131,-5.728E-2
8.641,-0.131,-5.662E-2
8.659,-0.131,-5.642E-2
8.676,-0.131,-5.634E-2
8.694,-0.131,-5.607E-2
8.712,-0.131,-5.570E-2
8.729,-0.131,-5.557E-2
8.747,-0.131,-5.555E-2
8.764,-0.131,-5.534E-2
8.782,-0.131,-5.559E-2
8.800,-0.131,-5.562E-2
8.817,-0.131,-5.571E-2
8.835,-0.131,-5.602E-2
8.853,-0.132,-5.655E-2
8.870,-0.132,-5.664E-2
8.888,-0.132,-5.731E-2
8.906,-0.132,-5.740E-2
8.923,-0.132,-5.748E-2
8.941,-0.132,-5.809E-2
8.958,-0.131,-5.833E-2
8.976,-0.131,-5.917E-2
8.994,-0.131,-5.914E-2
9.011,-0.131,-5.912E-2
9.029,-0.132,-5.932E-2
9.047,-0.131,-5.939E-2
9.064,-0.132,-5.986E-2
9.082,-0.131,-6.000E-2
9.100,-0.132,-6.025E-2
9.117,-0.132,-6.015E-2
9.135,-0.132,-6.021E-2
9.152,-0.132,-6.049E-2
9.170,-0.132,-6.026E-2
9.188,-0.132,-6.034E-2
9.205,-0.132,-6.083E-2
9.223,-0.132,-6.092E-2
9.241,-0.132,-6.100E-2
9.258,-0.132,-6.103E-2
9.276,-0.132,-6.109E-2
9.294,-0.132,-6.109E-2
9.311,-0.132,-6.112E-2
9.329,-0.132,-6.121E-2
9.346,-0.132,-6.147E-2
9.364,-0.132,-6.193E-2
9.382,-0.132,-6.202E-2
9.399,-0.132,-6.242E-2
9.417,-0.132,-6.284E-2
9.435,-0.132,-6.381E-2
9.452,-0.132,-6.376E-2
9.470,-0.132,-6.391E-2
9.488,-0.131,-6.485E-2
9.505,-0.131,-6.556E-2
9.523,-0.132,-6.629E-2
9.540,-0.131,-6.656E-2
9.558,-0.131,-6.730E-2
9.576,-0.131,-6.758E-2
9.593,-0.131,-6.818E-2
9.611,-0.131,-6.847E-2
9.629,-0.131,-6.916E-2
9.646,-0.131,-6.940E-2
9.664,-0.131,-6.997E-2
9.681,-0.131,-7.011E-2
9.699,-0.131,-7.013E-2
9.717,-0.131,-7.011E-2
9.734,-0.132,-7.008E-2
9.752,-0.131,-7.010E-2
9.770,-0.131,-7.006E-2
9.787,-0.132,-7.002E-2
9.805,-0.132,-7.016E-2
9.823,-0.132,-7.010E-2
9.840,-0.132,-7.009E-2
9.858,-0.132,-7.010E-2
9.875,-0.132,-7.010E-2
9.893,-0.133,-7.050E-2
9.911,-0.133,-7.087E-2
9.928,-0.133,-7.103E-2
9.946,-0.132,-7.136E-2
9.964,-0.133,-7.184E-2
9.981,-0.133,-7.199E-2
9.999,-0.133,-7.223E-2
10.017,-0.133,-7.286E-2
10.034,-0.133,-7.334E-2
10.052,-0.133,-7.373E-2
10.069,-0.133,-7.442E-2
10.087,-0.132,-7.473E-2
10.105,-0.133,-7.542E-2
10.122,-0.133,-7.602E-2
10.140,-0.133,-7.650E-2
10.158,-0.132,-7.713E-2
10.175,-0.132,-7.736E-2
10.193,-0.132,-7.800E-2
10.211,-0.132,-7.820E-2
10.228,-0.132,-7.829E-2
10.246,-0.132,-7.834E-2
10.263,-0.132,-7.896E-2
10.281,-0.132,-7.902E-2
10.299,-0.132,-7.903E-2
10.316,-0.132,-7.908E-2
10.334,-0.132,-7.906E-2
10.352,-0.132,-7.914E-2
10.369,-0.132,-7.921E-2
10.387,-0.132,-7.911E-2
10.405,-0.132,-7.894E-2
10.422,-0.132,-7.846E-2
10.440,-0.132,-7.834E-2
10.457,-0.132,-7.825E-2
10.475,-0.132,-7.805E-2
10.493,-0.132,-7.747E-2
10.510,-0.132,-7.720E-2
10.528,-0.132,-7.645E-2
10.546,-0.132,-7.626E-2
10.563,-0.133,-7.552E-2
10.581,-0.132,-7.534E-2
10.599,-0.132,-7.471E-2
10.616,-0.132,-7.445E-2
10.634,-0.132,-7.385E-2
10.651,-0.132,-7.293E-2
10.669,-0.132,-7.260E-2
10.687,-0.132,-7.185E-2
10.704,-0.132,-7.109E-2
10.722,-0.132,-7.029E-2
10.740,-0.132,-6.937E-2
10.757,-0.133,-6.894E-2
10.775,-0.133,-6.817E-2
10.792,-0.134,-6.737E-2
10.810,-0.134,-6.701E-2
10.828,-0.134,-6.644E-2
10.845,-0.134,-6.601E-2
10.863,-0.134,-6.549E-2
10.881,-0.135,-6.467E-2
10.898,-0.135,-6.451E-2
10.916,-0.136,-6.379E-2
10.934,-0.135,-6.357E-2
10.951,-0.135,-6.297E-2
10.969,-0.136,-6.282E-2
10.986,-0.136,-6.272E-2
11.004,-0.137,-6.261E-2
11.022,-0.137,-6.236E-2
11.039,-0.137,-6.201E-2
11.057,-0.137,-6.187E-2
11.075,-0.138,-6.188E-2
11.092,-0.138,-6.191E-2
11.110,-0.137,-6.184E-2
11.128,-0.138,-6.191E-2
11.145,-0.137,-6.185E-2
11.163,-0.137,-6.183E-2
11.180,-0.138,-6.196E-2
11.198,-0.138,-6.189E-2
11.216,-0.138,-6.253E-2
11.233,-0.138,-6.270E-2
11.251,-0.138,-6.361E-2
11.269,-0.138,-6.370E-2
11.286,-0.138,-6.373E-2
11.304,-0.137,-6.438E-2
11.322,-0.136,-6.470E-2
11.339,-0.137,-6.471E-2
11.357,-0.136,-6.714E-2
11.374,-0.135,-6.550E-2
11.392,-0.135,-6.550E-2
11.410,-0.134,-6.551E-2
11.427,-0.134,-6.555E-2
11.445,-0.134,-6.549E-2
11.463,-0.134,-6.541E-2
11.480,-0.134,-6.546E-2
11.498,-0.134,-6.474E-2
11.516,-0.134,-6.472E-2
11.533,-0.134,-6.470E-2
11.551,-0.134,-6.464E-2
11.568,-0.134,-6.465E-2
11.586,-0.134,-6.407E-2
11.604,-0.134,-6.386E-2
11.621,-0.134,-6.388E-2
11.639,-0.134,-6.378E-2
11.657,-0.134,-6.378E-2
11.674,-0.134,-6.375E-2
11.692,-0.134,-6.364E-2
11.709,-0.134,-6.364E-2
11.727,-0.134,-6.368E-2
11.745,-0.134,-6.294E-2
11.762,-0.134,-6.296E-2
11.780,-0.135,-6.271E-2
11.798,-0.135,-6.464E-2
11.815,-0.135,-6.205E-2
11.833,-0.135,-6.198E-2
11.851,-0.135,-6.198E-2
11.868,-0.136,-6.198E-2
11.886,-0.135,-6.202E-2
11.903,-0.136,-6.196E-2
11.921,-0.135,-6.236E-2
11.939,-0.135,-6.270E-2
11.956,-0.135,-6.288E-2
11.974,-0.135,-6.352E-2
11.992,-0.135,-6.378E-2
12.009,-0.134,-6.389E-2
12.027,-0.134,-6.447E-2
12.045,-0.134,-6.471E-2
12.062,-0.134,-6.540E-2
12.080,-0.134,-6.554E-2
12.097,-0.134,-6.564E-2
12.115,-0.134,-6.629E-2
12.133,-0.133,-6.646E-2
12.150,-0.132,-6.658E-2
12.168,-0.132,-6.721E-2
12.186,-0.132,-6.736E-2
12.203,-0.131,-6.760E-2
12.221,-0.132,-6.827E-2
12.239,-0.131,-6.868E-2
12.256,-0.131,-6.926E-2
12.274,-0.130,-7.009E-2
12.291,-0.130,-7.082E-2
12.309,-0.129,-7.122E-2
12.327,-0.129,-7.204E-2
12.344,-0.129,-7.288E-2
12.362,-0.129,-7.358E-2
12.380,-0.129,-7.455E-2
12.397,-0.128,-7.462E-2
12.415,-0.129,-7.489E-2
12.433,-0.129,-7.479E-2
12.450,-0.129,-7.464E-2
12.468,-0.129,-7.378E-2
12.485,-0.128,-7.315E-2
12.503,-0.129,-7.281E-2
12.521,-0.129,-7.206E-2
12.538,-0.129,-7.186E-2
12.556,-0.129,-7.132E-2
12.574,-0.128,-7.027E-2
12.591,-0.130,-7.025E-2
12.609,-0.129,-7.010E-2
12.627,-0.130,-6.939E-2
12.644,-0.129,-6.909E-2
12.662,-0.130,-6.847E-2
12.679,-0.130,-6.808E-2
12.697,-0.130,-6.748E-2
12.715,-0.130,-6.739E-2
12.732,-0.131,-6.730E-2
12.750,-0.131,-6.657E-2
12.768,-0.131,-6.647E-2
12.785,-0.131,-6.650E-2
12.803,-0.131,-6.637E-2
12.820,-0.131,-6.636E-2
12.838,-0.131,-6.631E-2
12.856,-0.132,-6.639E-2
12.873,-0.131,-6.635E-2
12.891,-0.131,-6.636E-2
12.909,-0.131,-6.628E-2
12.926,-0.132,-6.591E-2
12.944,-0.132,-6.565E-2
12.962,-0.132,-6.555E-2
12.979,-0.131,-6.543E-2
12.997,-0.131,-6.545E-2
13.014,-0.131,-6.539E-2
13.032,-0.131,-6.537E-2
13.050,-0.131,-6.504E-2
13.067,-0.130,-6.536E-2
13.085,-0.130,-6.508E-2
13.103,-0.130,-6.483E-2
13.120,-0.130,-6.486E-2
13.138,-0.129,-6.481E-2
13.156,-0.129,-6.479E-2
13.173,-0.129,-6.468E-2
13.191,-0.129,-6.461E-2
13.208,-0.130,-6.385E-2
13.226,-0.129,-6.380E-2
13.244,-0.129,-6.368E-2
13.261,-0.129,-6.357E-2
13.279,-0.130,-6.294E-2
13.297,-0.129,-6.286E-2
13.314,-0.128,-6.275E-2
13.332,-0.128,-6.266E-2
13.350,-0.128,-6.216E-2
13.367,-0.128,-6.269E-2
13.385,-0.128,-6.281E-2
13.402,-0.128,-6.288E-2
13.420,-0.128,-6.272E-2
13.438,-0.128,-6.245E-2
13.455,-0.128,-6.261E-2
13.473,-0.128,-6.247E-2
13.491,-0.128,-6.249E-2
13.508,-0.128,-6.236E-2
13.526,-0.128,-6.229E-2
13.544,-0.128,-6.208E-2
13.561,-0.128,-6.206E-2
13.579,-0.128,-6.205E-2
13.596,-0.129,-6.202E-2
13.614,-0.130,-6.191E-2
13.632,-0.130,-6.178E-2
13.649,-0.131,-6.137E-2
13.667,-0.131,-6.112E-2
13.685,-0.132,-6.093E-2
13.702,-0.132,-6.083E-2
13.720,-0.133,-6.089E-2
13.738,-0.133,-6.098E-2
13.755,-0.134,-6.178E-2
13.773,-0.134,-6.192E-2
13.790,-0.134,-6.291E-2
13.808,-0.134,-6.370E-2
13.826,-0.133,-6.441E-2
13.843,-0.134,-6.458E-2
13.861,-0.134,-6.475E-2
13.879,-0.133,-6.551E-2
13.896,-0.132,-6.569E-2
13.914,-0.132,-6.638E-2
13.931,-0.132,-6.672E-2
13.949,-0.131,-6.747E-2
13.967,-0.131,-6.826E-2
13.984,-0.131,-6.906E-2
14.002,-0.131,-6.917E-2
14.020,-0.131,-6.882E-2
14.037,-0.132,-6.837E-2
14.055,-0.132,-6.749E-2
14.073,-0.132,-6.675E-2
14.090,-0.131,-6.631E-2
14.108,-0.131,-6.515E-2
14.125,-0.131,-6.439E-2
14.143,-0.131,-6.300E-2
14.161,-0.131,-6.206E-2
14.178,-0.132,-6.104E-2
14.196,-0.131,-6.087E-2
14.214,-0.132,-6.020E-2
14.231,-0.132,-6.003E-2
14.249,-0.132,-5.935E-2
14.267,-0.131,-5.930E-2
14.284,-0.132,-5.932E-2
14.302,-0.132,-5.933E-2
14.319,-0.132,-5.994E-2
14.337,-0.133,-6.020E-2
14.355,-0.133,-6.093E-2
14.372,-0.133,-6.180E-2
14.390,-0.133,-6.184E-2
14.408,-0.134,-6.176E-2
14.425,-0.133,-6.105E-2
14.443,-0.134,-6.089E-2
14.461,-0.135,-6.015E-2
14.478,-0.134,-5.987E-2
14.496,-0.134,-5.975E-2
14.513,-0.135,-5.918E-2
14.531,-0.135,-5.831E-2
14.549,-0.136,-5.740E-2
14.566,-0.136,-5.710E-2
14.584,-0.137,-5.641E-2
14.602,-0.137,-5.561E-2
14.619,-0.137,-5.531E-2
14.637,-0.138,-5.447E-2
14.655,-0.139,-5.376E-2
14.672,-0.139,-5.352E-2
14.690,-0.140,-5.282E-2
14.707,-0.140,-5.277E-2
14.725,-0.140,-5.264E-2
14.743,-0.141,-5.261E-2
14.760,-0.141,-5.270E-2
14.778,-0.142,-5.271E-2
14.796,-0.142,-5.274E-2
14.813,-0.142,-5.336E-2
14.831,-0.142,-5.355E-2
14.848,-0.142,-5.377E-2
14.866,-0.142,-5.396E-2
14.884,-0.141,-5.456E-2
14.901,-0.141,-5.531E-2
14.919,-0.141,-5.554E-2
14.937,-0.141,-5.635E-2
14.954,-0.141,-5.721E-2
14.972,-0.141,-5.792E-2
14.990,-0.141,-5.826E-2
15.007,-0.141,-5.913E-2
15.025,-0.141,-6.078E-2
15.042,-0.141,-6.095E-2
15.060,-0.141,-6.185E-2
15.078,-0.141,-6.279E-2
15.095,-0.142,-6.360E-2
15.113,,
15.131,-0.141,-6.892E-2
15.148,-0.141,-6.817E-2
15.166,-0.141,-6.830E-2
15.184,-0.142,-6.823E-2
15.201,-0.142,-6.811E-2
15.219,-0.142,-6.815E-2
15.236,-0.142,-7.065E-2
15.254,-0.142,-6.903E-2
15.272,-0.142,-6.737E-2
15.289,-0.142,-7.019E-2
15.307,-0.142,-6.725E-2
15.325,-0.141,-6.731E-2
15.342,-0.141,-6.824E-2
15.360,-0.141,-7.013E-2
15.378,-0.140,-7.016E-2
15.395,-0.140,-7.017E-2
15.413,-0.140,-6.946E-2
15.430,-0.140,-6.904E-2
15.448,-0.140,-6.642E-2
15.466,-0.140,-6.648E-2
15.483,-0.140,-6.646E-2
15.501,-0.140,-6.616E-2
15.519,-0.141,-6.547E-2
15.536,-0.141,-6.733E-2
15.554,-0.141,-6.556E-2
15.572,-0.140,-6.716E-2
15.589,-0.140,-6.701E-2
15.607,-0.140,-6.712E-2
15.624,-0.140,-6.707E-2
15.642,-0.140,-6.702E-2
15.660,-0.141,-6.479E-2
15.677,-0.140,-6.676E-2
15.695,-0.141,-6.685E-2
15.713,-0.141,-6.670E-2
15.730,-0.141,-6.701E-2
15.748,-0.141,-6.711E-2
15.766,-0.141,-6.555E-2
15.783,-0.140,-6.710E-2
15.801,-0.141,-6.714E-2
15.818,-0.141,-6.736E-2
15.836,-0.141,-6.552E-2
15.854,-0.141,-6.735E-2
15.871,-0.141,-6.561E-2
15.889,-0.141,-6.711E-2
15.907,-0.141,-6.583E-2
15.924,-0.142,-6.559E-2
15.942,-0.141,-6.707E-2
15.959,-0.142,-6.667E-2
15.977,-0.142,-6.620E-2
15.995,-0.141,-6.455E-2
16.012,-0.141,-6.520E-2
16.030,-0.141,-6.441E-2
16.048,-0.141,-6.394E-2
16.065,-0.140,-6.323E-2
16.083,-0.140,-5.999E-2
16.101,-0.140,-6.148E-2
16.118,-0.141,-5.829E-2
16.136,-0.141,-5.744E-2
16.153,-0.140,-5.739E-2
16.171,-0.139,-5.889E-2
16.189,-0.139,-5.798E-2
16.206,-0.139,-5.638E-2
16.224,-0.139,-5.753E-2
16.242,-0.139,-5.547E-2
16.259,-0.138,-5.459E-2
16.277,-0.138,-5.634E-2
16.295,-0.138,-5.405E-2
16.312,-0.137,-5.616E-2
16.330,-0.138,-5.386E-2
16.347,-0.137,-5.579E-2
16.365,-0.136,-5.582E-2
16.383,-0.136,-5.578E-2
16.400,-0.137,-5.370E-2
16.418,-0.137,-5.379E-2
16.436,-0.137,-5.382E-2
16.453,-0.135,-5.609E-2
16.471,-0.136,-5.465E-2
16.489,-0.135,-5.689E-2
16.506,-0.135,-5.723E-2
16.524,-0.135,-5.752E-2
16.541,-0.135,-5.809E-2
16.559,-0.135,-5.840E-2
16.577,-0.135,-5.866E-2
16.594,-0.135,-5.940E-2
16.612,-0.136,-5.746E-2
16.630,-0.136,-5.748E-2
16.647,-0.136,-5.744E-2
16.665,-0.136,-5.745E-2
16.683,-0.136,-5.742E-2
16.700,-0.136,-5.658E-2
16.718,-0.136,-5.725E-2
16.735,-0.137,-5.720E-2
16.753,-0.137,-5.686E-2
16.771,-0.137,-5.702E-2
16.788,-0.138,-5.744E-2
16.806,-0.138,-5.743E-2
16.824,-0.138,-5.853E-2
16.841,-0.138,-5.874E-2
16.859,-0.138,-5.892E-2
16.876,-0.139,-5.737E-2
16.894,-0.139,-5.746E-2
16.912,-0.139,-5.826E-2
16.929,-0.139,-5.858E-2
16.947,-0.139,-5.983E-2
16.965,-0.139,-6.027E-2
16.982,-0.139,-5.835E-2
17.000,-0.139,-5.907E-2
17.018,-0.139,-6.082E-2
17.035,-0.139,-6.010E-2
17.053,-0.139,-6.017E-2
17.070,-0.140,-6.015E-2
17.088,-0.139,-6.090E-2
17.106,-0.139,-6.263E-2
17.123,-0.139,-6.297E-2
17.141,-0.139,-6.169E-2
17.159,-0.139,-6.340E-2
17.176,-0.139,-6.191E-2
17.194,-0.139,-6.193E-2
17.212,-0.138,-6.282E-2
17.229,-0.138,-6.316E-2
17.247,-0.138,-6.529E-2
17.264,-0.137,-6.576E-2
17.282,-0.137,-6.378E-2
17.300,-0.137,-6.378E-2
17.317,-0.136,-6.626E-2
17.335,-0.136,-6.428E-2
17.353,-0.136,-6.663E-2
17.370,-0.136,-6.672E-2
17.388,-0.137,-6.467E-2
17.406,-0.136,-6.542E-2
17.423,-0.136,-6.555E-2
17.441,-0.136,-6.553E-2
17.458,-0.136,-6.558E-2
17.476,-0.136,-6.743E-2
17.494,-0.135,-6.554E-2
17.511,-0.135,-6.563E-2
17.529,-0.135,-6.568E-2
17.547,-0.135,-6.760E-2
17.564,-0.135,-6.802E-2
17.582,-0.135,-6.648E-2
17.600,-0.135,-6.722E-2
17.617,-0.135,-6.656E-2
17.635,-0.135,-6.779E-2
17.652,-0.135,-6.731E-2
17.670,-0.135,-6.589E-2
17.688,-0.135,-6.547E-2
17.705,-0.135,-6.636E-2
17.723,-0.135,-6.636E-2
17.741,-0.135,-6.585E-2
17.758,-0.135,-6.536E-2
17.776,-0.136,-6.498E-2
17.794,-0.135,-6.440E-2
17.811,-0.135,-6.250E-2
17.829,-0.136,-6.116E-2
17.846,-0.136,-6.107E-2
17.864,-0.136,-6.114E-2
17.882,-0.136,-6.214E-2
17.899,-0.137,-6.188E-2
17.917,-0.137,-6.117E-2
17.935,-0.137,-6.093E-2
17.952,-0.137,-6.057E-2
17.970,-0.138,-5.989E-2
17.987,-0.138,-5.926E-2
18.005,-0.138,-5.842E-2
18.023,-0.138,-5.939E-2
18.040,-0.138,-5.910E-2
18.058,-0.138,-5.987E-2
18.076,-0.139,-5.834E-2
18.093,-0.139,-6.051E-2
18.111,-0.139,-5.851E-2
18.129,-0.139,-6.030E-2
18.146,-0.139,-5.837E-2
18.164,-0.138,-5.958E-2
18.181,-0.139,-6.120E-2
18.199,-0.138,-6.161E-2
18.217,-0.138,-5.979E-2
18.234,-0.138,-6.205E-2
18.252,-0.138,-6.254E-2
18.270,-0.138,-6.275E-2
18.287,-0.138,-6.109E-2
18.305,-0.138,-6.341E-2
18.323,-0.138,-6.313E-2
18.340,-0.138,-6.310E-2
18.358,-0.137,-6.327E-2
18.375,-0.137,-6.322E-2
18.393,-0.137,-6.388E-2
18.411,-0.137,-6.327E-2
18.428,-0.138,-6.195E-2
18.446,-0.137,-6.280E-2
18.464,-0.137,-6.368E-2
18.481,-0.137,-6.363E-2
18.499,-0.137,-6.342E-2
18.517,-0.138,-6.324E-2
18.534,-0.138,-6.200E-2
18.552,-0.138,-6.437E-2
18.569,-0.138,-6.311E-2
18.587,-0.138,-6.269E-2
18.605,-0.138,-6.199E-2
18.622,-0.138,-6.115E-2
18.640,-0.138,-6.252E-2
18.658,-0.138,-6.023E-2
18.675,-0.137,-6.145E-2
18.693,-0.137,-6.111E-2
18.711,-0.138,-6.018E-2
18.728,-0.138,-5.920E-2
18.746,-0.138,-5.930E-2
18.763,-0.138,-6.075E-2
18.781,-0.139,-5.837E-2
18.799,-0.140,-5.831E-2
18.816,-0.139,-5.832E-2
18.834,-0.140,-5.936E-2
18.852,-0.140,-5.853E-2
18.869,-0.140,-5.853E-2
18.887,-0.140,-5.959E-2
18.904,-0.140,-5.830E-2
18.922,-0.140,-6.008E-2
18.940,-0.141,-6.069E-2
18.957,-0.141,-6.030E-2
18.975,-0.141,-6.052E-2
18.993,-0.141,-6.149E-2
19.010,-0.141,-6.145E-2
19.028,-0.141,-6.097E-2
19.046,-0.141,-6.176E-2
19.063,-0.141,-6.264E-2
19.081,-0.141,-6.289E-2
19.098,-0.141,-6.302E-2
19.116,-0.141,-6.382E-2
19.134,-0.140,-6.275E-2
19.151,-0.140,-6.285E-2
19.169,-0.140,-6.318E-2
19.187,-0.140,-6.290E-2
19.204,-0.140,-6.287E-2
19.222,-0.140,-6.287E-2
19.240,-0.140,-6.287E-2
19.257,-0.140,-6.290E-2
19.275,-0.140,-6.340E-2
19.292,-0.140,-6.373E-2
19.310,-0.140,-6.434E-2
19.328,-0.139,-6.435E-2
19.345,-0.139,-6.490E-2
19.363,-0.139,-6.448E-2
19.381,-0.139,-6.243E-2
19.398,-0.139,-6.261E-2
19.416,-0.138,-6.430E-2
19.434,-0.138,-6.387E-2
19.451,-0.138,-6.335E-2
19.469,-0.138,-6.401E-2
19.486,-0.138,-6.395E-2
19.504,-0.138,-6.394E-2
19.522,-0.138,-6.376E-2
19.539,-0.138,-6.425E-2
19.557,-0.138,-6.369E-2
19.575,-0.138,-6.364E-2
19.592,-0.138,-6.433E-2
19.610,-0.138,-6.288E-2
19.628,-0.137,-6.293E-2
19.645,-0.137,-6.349E-2
19.663,-0.137,-6.320E-2
19.680,-0.138,-6.386E-2
19.698,-0.138,-6.250E-2
19.716,-0.138,-6.388E-2
19.733,-0.139,-6.429E-2
19.751,-0.139,-6.282E-2
19.769,-0.140,-6.391E-2
19.786,-0.140,-6.287E-2
19.804,-0.141,-6.508E-2
19.822,-0.141,-6.576E-2
19.839,-0.141,-6.589E-2
19.857,-0.141,-6.637E-2
19.874,-0.141,-6.728E-2
19.892,-0.141,-6.744E-2
19.910,-0.141,-6.753E-2
19.927,-0.141,-6.743E-2
19.945,-0.141,-6.755E-2
19.963,-0.141,-6.745E-2
19.980,-0.141,-6.668E-2
19.998,-0.141,-6.734E-2
20.015,-0.141,-6.626E-2
20.033,-0.141,-6.560E-2
20.051,-0.140,-6.642E-2
20.068,-0.140,-6.558E-2
20.086,-0.140,-6.655E-2
20.104,-0.140,-6.652E-2
20.121,-0.140,-6.660E-2
20.139,-0.140,-6.623E-2
20.157,-0.139,-6.545E-2
20.174,-0.139,-6.621E-2
20.192,-0.139,-6.620E-2
20.209,-0.139,-6.597E-2
20.227,-0.139,-6.624E-2
20.245,-0.139,-6.652E-2
20.262,-0.139,-6.630E-2
20.280,-0.138,-6.548E-2
20.298,-0.138,-6.617E-2
20.315,-0.138,-6.461E-2
20.333,-0.138,-6.575E-2
20.351,-0.138,-6.557E-2
20.368,-0.138,-6.540E-2
20.386,-0.138,-6.542E-2
20.403,-0.137,-6.528E-2
20.421,-0.137,-6.497E-2
20.439,-0.137,-6.379E-2
20.456,-0.137,-6.294E-2
20.474,-0.137,-6.294E-2
20.492,-0.137,-6.290E-2
20.509,-0.137,-6.343E-2
20.527,-0.137,-6.292E-2
20.545,-0.137,-6.297E-2
20.562,-0.137,-6.282E-2
20.580,-0.137,-6.225E-2
20.597,-0.137,-6.204E-2
20.615,-0.137,-6.228E-2
20.633,-0.138,-6.200E-2
20.650,-0.137,-6.200E-2
20.668,-0.138,-6.201E-2
20.686,-0.138,-6.057E-2
20.703,-0.138,-6.089E-2
20.721,-0.138,-6.079E-2
20.739,-0.138,-6.158E-2
20.756,-0.138,-6.088E-2
20.774,-0.138,-6.155E-2
20.791,-0.138,-6.152E-2
20.809,-0.138,-6.090E-2
20.827,-0.138,-6.151E-2
20.844,-0.139,-6.144E-2
20.862,-0.139,-6.173E-2
20.880,-0.139,-6.107E-2
20.897,-0.139,-6.195E-2
20.915,-0.139,-6.199E-2
20.932,-0.139,-6.233E-2
20.950,-0.139,-6.252E-2
20.968,-0.139,-6.194E-2
20.985,-0.139,-6.370E-2
21.003,-0.139,-6.277E-2
21.021,-0.139,-6.367E-2
21.038,-0.139,-6.271E-2
21.056,-0.139,-6.386E-2
21.074,-0.139,-6.388E-2
21.091,-0.138,-6.364E-2
21.109,-0.138,-6.255E-2
21.126,-0.138,-6.272E-2
21.144,-0.137,-6.281E-2
21.162,-0.137,-6.282E-2
21.179,-0.137,-6.264E-2
21.197,-0.137,-6.252E-2
21.215,-0.136,-6.166E-2
21.232,-0.136,-6.161E-2
21.250,-0.136,-6.017E-2
21.268,-0.135,-6.026E-2
21.285,-0.135,-6.122E-2
21.303,-0.135,-6.079E-2
21.320,-0.135,-6.122E-2
21.338,-0.134,-6.095E-2
21.356,-0.134,-6.039E-2
21.373,-0.134,-6.093E-2
21.391,-0.134,-6.108E-2
21.409,-0.134,-6.167E-2
21.426,-0.134,-6.114E-2
21.444,-0.134,-6.270E-2
21.462,-0.134,-6.183E-2
21.479,-0.134,-6.199E-2
21.497,-0.134,-6.348E-2
21.514,-0.134,-6.305E-2
21.532,-0.134,-6.209E-2
21.550,-0.134,-6.396E-2
21.567,-0.134,-6.299E-2
21.585,-0.134,-6.284E-2
21.603,-0.134,-6.292E-2
21.620,-0.134,-6.207E-2
21.638,-0.134,-6.376E-2
21.656,-0.134,-6.344E-2
21.673,-0.134,-6.287E-2
21.691,-0.134,-6.312E-2
21.708,-0.133,-6.329E-2
21.726,-0.133,-6.348E-2
21.744,-0.133,-6.354E-2
21.761,-0.133,-6.338E-2
21.779,-0.133,-6.305E-2
21.797,-0.133,-6.118E-2
21.814,-0.133,-6.110E-2
21.832,-0.133,-6.220E-2
21.850,-0.133,-6.172E-2
21.867,-0.132,-6.136E-2
21.885,-0.132,-6.020E-2
21.902,-0.132,-6.024E-2
21.920,-0.132,-5.955E-2
21.938,-0.132,-5.851E-2
21.955,-0.132,-5.846E-2
21.973,-0.131,-5.814E-2
21.991,-0.131,-5.758E-2
22.008,-0.131,-5.754E-2
22.026,-0.131,-5.750E-2
22.043,-0.131,-5.735E-2
22.061,-0.131,-5.665E-2
22.079,-0.131,-5.669E-2
22.096,-0.131,-5.793E-2
22.114,-0.131,-5.669E-2
22.132,-0.132,-5.670E-2
22.149,-0.132,-5.720E-2
22.167,-0.132,-5.575E-2
22.185,-0.133,-5.575E-2
22.202,-0.133,-5.484E-2
22.220,-0.134,-5.479E-2
22.237,-0.134,-5.544E-2
22.255,-0.134,-5.387E-2
22.273,-0.134,-5.300E-2
22.290,-0.135,-5.295E-2
22.308,-0.135,-5.441E-2
22.326,-0.135,-5.384E-2
22.343,-0.136,-5.284E-2
22.361,-0.136,-5.394E-2
22.379,-0.136,-5.346E-2
22.396,-0.136,-5.293E-2
22.414,-0.137,-5.369E-2
22.431,-0.138,-5.439E-2
22.449,-0.137,-5.366E-2
22.467,-0.137,-5.391E-2
22.484,-0.137,-5.448E-2
22.502,-0.137,-5.382E-2
22.520,-0.138,-5.585E-2
22.537,-0.137,-5.638E-2
22.555,-0.137,-5.641E-2
22.573,-0.136,-5.548E-2
22.590,-0.136,-5.565E-2
22.608,-0.136,-5.561E-2
22.625,-0.136,-5.635E-2
22.643,-0.136,-5.550E-2
22.661,-0.136,-5.657E-2
22.678,-0.136,-5.662E-2
22.696,-0.136,-5.655E-2
22.714,-0.136,-5.670E-2
22.731,-0.137,-5.547E-2
22.749,-0.137,-5.478E-2
22.767,-0.137,-5.472E-2
22.784,-0.137,-5.635E-2
22.802,-0.138,-5.652E-2
22.819,-0.138,-5.619E-2
22.837,-0.138,-5.623E-2
22.855,-0.139,-5.484E-2
22.872,-0.139,-5.531E-2
22.890,-0.139,-5.565E-2
22.908,-0.140,-5.700E-2
22.925,-0.140,-5.706E-2
22.943,-0.140,-5.643E-2
22.960,-0.140,-5.695E-2
22.978,-0.140,-5.647E-2
22.996,-0.140,-5.659E-2
23.013,-0.140,-5.724E-2
23.031,-0.140,-5.649E-2
23.049,-0.140,-5.651E-2
23.066,-0.140,-5.661E-2
23.084,-0.140,-5.650E-2
23.102,-0.140,-5.730E-2
23.119,-0.140,-5.712E-2
23.137,-0.140,-5.700E-2
23.154,-0.140,-5.750E-2
23.172,-0.140,-5.654E-2
23.190,-0.140,-5.800E-2
23.207,-0.140,-5.805E-2
23.225,-0.140,-5.839E-2
23.243,-0.140,-5.810E-2
23.260,-0.140,-5.801E-2
23.278,-0.140,-5.869E-2
23.296,-0.141,-5.848E-2
23.313,-0.141,-5.838E-2
23.331,-0.141,-5.767E-2
23.348,-0.141,-5.876E-2
23.366,-0.141,-5.943E-2
23.384,-0.141,-5.973E-2
23.401,-0.141,-5.980E-2
23.419,-0.141,-5.975E-2
23.437,-0.141,-5.917E-2
23.454,-0.141,-5.913E-2
23.472,-0.141,-5.989E-2
23.490,-0.141,-5.943E-2
23.507,-0.141,-5.911E-2
23.525,-0.141,-5.885E-2
23.542,-0.142,-5.916E-2
23.560,-0.142,-6.108E-2
23.578,-0.142,-6.002E-2
23.595,-0.142,-6.014E-2
23.613,-0.142,-6.160E-2
23.631,-0.142,-6.176E-2
23.648,-0.142,-6.200E-2
23.666,-0.142,-6.062E-2
23.684,-0.142,-6.173E-2
23.701,-0.142,-6.254E-2
23.719,-0.142,-6.265E-2
23.736,-0.142,-6.132E-2
23.754,-0.141,-6.184E-2
23.772,-0.141,-6.189E-2
23.789,-0.141,-6.184E-2
23.807,-0.141,-6.174E-2
23.825,-0.141,-6.227E-2
23.842,-0.141,-6.158E-2
23.860,-0.141,-6.258E-2
23.878,-0.141,-6.197E-2
23.895,-0.141,-6.188E-2
23.913,-0.141,-6.181E-2
23.930,-0.141,-6.185E-2
23.948,-0.141,-6.184E-2
23.966,-0.140,-6.199E-2
23.983,-0.140,-6.181E-2
24.001,-0.140,-6.337E-2
24.019,-0.140,-6.346E-2
24.036,-0.140,-6.281E-2
24.054,-0.140,-6.289E-2
24.071,-0.140,-6.281E-2
24.089,-0.140,-6.272E-2
24.107,-0.140,-6.350E-2
24.124,-0.140,-6.365E-2
24.142,-0.140,-6.291E-2
24.160,-0.140,-6.367E-2
24.177,-0.139,-6.436E-2
24.195,-0.139,-6.377E-2
24.213,-0.139,-6.471E-2
24.230,-0.139,-6.471E-2
24.248,-0.139,-6.482E-2
24.265,-0.139,-6.623E-2
24.283,-0.139,-6.473E-2
24.301,-0.138,-6.645E-2
24.318,-0.138,-6.669E-2
24.336,-0.138,-6.566E-2
24.354,-0.138,-6.754E-2
24.371,-0.138,-6.755E-2
24.389,-0.138,-6.749E-2
24.407,-0.138,-6.745E-2
24.424,-0.138,-6.810E-2
24.442,-0.138,-6.810E-2
24.459,-0.138,-6.805E-2
24.477,-0.138,-6.846E-2
24.495,-0.138,-6.890E-2
24.512,-0.138,-6.894E-2
24.530,-0.138,-6.901E-2
24.548,-0.138,-6.862E-2
24.565,-0.138,-6.890E-2
24.583,-0.138,-6.904E-2
24.601,-0.139,-6.963E-2
24.618,-0.138,-6.916E-2
24.636,-0.138,-6.945E-2
24.653,-0.138,-6.928E-2
24.671,-0.138,-6.955E-2
24.689,-0.138,-6.954E-2
24.706,-0.138,-6.962E-2
24.724,-0.138,-6.939E-2
24.742,-0.139,-6.919E-2
24.759,-0.139,-7.022E-2
24.777,-0.139,-6.978E-2
24.795,-0.139,-7.026E-2
24.812,-0.139,-6.926E-2
24.830,-0.139,-7.065E-2
24.847,-0.139,-7.059E-2
24.865,-0.139,-7.112E-2
24.883,-0.138,-7.109E-2
24.900,-0.138,-7.140E-2
24.918,-0.138,-7.020E-2
24.936,-0.138,-7.155E-2
24.953,-0.138,-7.145E-2
24.971,-0.137,-7.159E-2
24.988,-0.137,-7.172E-2
25.006,-0.137,-7.115E-2
25.024,-0.137,-7.174E-2
25.041,-0.136,-7.205E-2
25.059,-0.136,-7.207E-2
25.077,-0.136,-7.206E-2
25.094,-0.136,-7.153E-2
25.112,-0.136,-7.095E-2
25.130,-0.136,-7.178E-2
25.147,-0.136,-7.166E-2
25.165,-0.136,-7.117E-2
25.182,-0.136,-7.061E-2
25.200,-0.136,-7.073E-2
25.218,-0.136,-7.068E-2
25.235,-0.136,-7.053E-2
25.253,-0.136,-6.996E-2
25.271,-0.136,-6.929E-2
25.288,-0.136,-6.930E-2
25.306,-0.136,-6.841E-2
25.324,-0.136,-6.929E-2
25.341,-0.136,-6.936E-2
25.359,-0.137,-6.840E-2
25.376,-0.136,-6.909E-2
25.394,-0.137,-6.837E-2
25.412,-0.137,-6.904E-2
25.429,-0.137,-6.887E-2
25.447,-0.137,-6.843E-2
25.465,-0.137,-6.864E-2
25.482,-0.138,-6.743E-2
25.500,-0.138,-6.848E-2
25.518,-0.138,-6.829E-2
25.535,-0.138,-6.839E-2
25.553,-0.138,-6.807E-2
25.570,-0.138,-6.761E-2
25.588,-0.139,-6.808E-2
25.606,-0.139,-6.741E-2
25.623,-0.139,-6.847E-2
25.641,-0.139,-6.883E-2
25.659,-0.139,-6.739E-2
25.676,-0.139,-6.898E-2
25.694,-0.139,-6.934E-2
25.712,-0.139,-6.975E-2
25.729,-0.139,-6.916E-2
25.747,-0.139,-6.926E-2
25.764,-0.139,-7.077E-2
25.782,-0.138,-7.101E-2
25.800,-0.138,-7.114E-2
25.817,-0.138,-7.113E-2
25.835,-0.138,-7.123E-2
25.853,-0.137,-7.121E-2
25.870,-0.137,-7.133E-2
25.888,-0.137,-7.129E-2
25.906,-0.137,-7.120E-2
25.923,-0.137,-7.115E-2
25.941,-0.137,-6.926E-2
25.958,-0.136,-6.929E-2
25.976,-0.136,-7.031E-2
25.994,-0.135,-7.027E-2
26.011,-0.135,-6.991E-2
26.029,-0.135,-6.911E-2
26.047,-0.135,-6.915E-2
26.064,-0.135,-6.890E-2
26.082,-0.135,-6.748E-2
26.099,-0.135,-6.654E-2
26.117,-0.135,-6.568E-2
26.135,-0.135,-6.472E-2
26.152,-0.135,-6.388E-2
26.170,-0.136,-6.467E-2
26.188,-0.136,-6.404E-2
26.205,-0.136,-6.197E-2
26.223,-0.137,-6.164E-2
26.241,-0.137,-6.219E-2
26.258,-0.137,-6.136E-2
26.276,-0.137,-6.117E-2
26.293,-0.138,-6.011E-2
26.311,-0.138,-6.030E-2
26.329,-0.138,-5.891E-2
26.346,-0.138,-5.839E-2
26.364,-0.138,-5.873E-2
26.382,-0.138,-5.768E-2
26.399,-0.138,-5.835E-2
26.417,-0.138,-5.804E-2
26.435,-0.138,-5.747E-2
26.452,-0.138,-5.846E-2
26.470,-0.138,-5.746E-2
26.487,-0.139,-5.811E-2
26.505,-0.139,-5.786E-2
26.523,-0.139,-5.650E-2
26.540,-0.139,-5.650E-2
26.558,-0.139,-5.646E-2
26.576,-0.138,-5.670E-2
26.593,-0.139,-5.655E-2
26.611,-0.139,-5.650E-2
26.629,-0.139,-5.652E-2
26.646,-0.139,-5.653E-2
26.664,-0.139,-5.644E-2
26.681,-0.139,-5.635E-2
26.699,-0.139,-5.710E-2
26.717,-0.139,-5.635E-2
26.734,-0.139,-5.568E-2
26.752,-0.139,-5.658E-2
26.770,-0.140,-5.473E-2
26.787,-0.140,-5.474E-2
26.805,-0.140,-5.608E-2
26.823,-0.140,-5.534E-2
26.840,-0.141,-5.525E-2
26.858,-0.141,-5.470E-2
26.875,-0.141,-5.472E-2
26.893,-0.141,-5.520E-2
26.911,-0.142,-5.537E-2
26.928,-0.142,-5.547E-2
26.946,-0.142,-5.534E-2
26.964,-0.143,-5.466E-2
26.981,-0.143,-5.461E-2
26.999,-0.143,-5.551E-2
27.016,-0.144,-5.539E-2
27.034,-0.144,-5.529E-2
27.052,-0.145,-5.464E-2
27.069,-0.145,-5.541E-2
27.087,-0.145,-5.527E-2
27.105,-0.146,-5.532E-2
27.122,-0.146,-5.519E-2
27.140,-0.146,-5.613E-2
27.158,-0.146,-5.639E-2
27.175,-0.146,-5.712E-2
27.193,-0.146,-5.789E-2
27.210,-0.146,-5.704E-2
27.228,-0.146,-5.721E-2
27.246,-0.145,-5.819E-2
27.263,-0.145,-5.807E-2
27.281,-0.145,-5.937E-2
27.299,-0.145,-5.904E-2
27.316,-0.144,-5.912E-2
27.334,-0.144,-5.907E-2
27.352,-0.144,-5.909E-2
27.369,-0.144,-5.914E-2
27.387,-0.143,-5.993E-2
27.404,-0.143,-5.923E-2
27.422,-0.143,-5.984E-2
27.440,-0.143,-6.117E-2
27.457,-0.142,-6.103E-2
27.475,-0.142,-6.101E-2
27.493,-0.142,-6.100E-2
27.510,-0.142,-6.011E-2
27.528,-0.141,-6.174E-2
27.546,-0.141,-6.221E-2
27.563,-0.141,-6.193E-2
27.581,-0.141,-6.184E-2
27.598,-0.140,-6.173E-2
27.616,-0.140,-6.162E-2
27.634,-0.140,-6.104E-2
27.651,-0.140,-6.172E-2
27.669,-0.140,-6.053E-2
27.687,-0.140,-6.103E-2
27.704,-0.140,-6.205E-2
27.722,-0.140,-6.210E-2
27.740,-0.140,-6.099E-2
27.757,-0.140,-6.177E-2
27.775,-0.140,-6.240E-2
27.792,-0.140,-6.306E-2
27.810,-0.140,-6.338E-2
27.828,-0.140,-6.381E-2
27.845,-0.141,-6.440E-2
27.863,-0.141,-6.373E-2
27.881,-0.141,-6.565E-2
27.898,-0.141,-6.606E-2
27.916,-0.141,-6.666E-2
27.934,-0.141,-6.657E-2
27.951,-0.141,-6.799E-2
27.969,-0.141,-6.852E-2
27.986,-0.141,-6.871E-2
28.004,-0.140,-6.883E-2
28.022,-0.140,-6.951E-2
28.039,-0.140,-6.936E-2
28.057,-0.140,-6.945E-2
28.075,-0.140,-6.958E-2
28.092,-0.140,-6.952E-2
28.110,-0.140,-6.734E-2
28.127,-0.140,-6.808E-2
28.145,-0.139,-6.742E-2
28.163,-0.140,-6.853E-2
28.180,-0.139,-6.856E-2
28.198,-0.139,-6.877E-2
28.216,-0.139,-6.655E-2
28.233,-0.138,-6.745E-2
28.251,-0.138,-6.739E-2
28.269,-0.138,-6.723E-2
28.286,-0.138,-6.644E-2
28.304,-0.138,-6.681E-2
28.321,-0.138,-6.710E-2
28.339,-0.138,-6.563E-2
28.357,-0.138,-6.554E-2
28.374,-0.137,-6.544E-2
28.392,-0.137,-6.475E-2
28.410,-0.137,-6.411E-2
28.427,-0.137,-6.389E-2
28.445,-0.137,-6.311E-2
28.463,-0.136,-6.237E-2
28.480,-0.136,-6.180E-2
28.498,-0.136,-6.114E-2
28.515,-0.135,-6.020E-2
28.533,-0.135,-6.083E-2
28.551,-0.135,-5.973E-2
28.568,-0.135,-6.022E-2
28.586,-0.135,-5.927E-2
28.604,-0.134,-5.930E-2
28.621,-0.134,-5.961E-2
28.639,-0.135,-5.926E-2
28.657,-0.134,-5.910E-2
28.674,-0.134,-5.827E-2
28.692,-0.135,-5.860E-2
28.709,-0.135,-5.739E-2
28.727,-0.135,-5.719E-2
28.745,-0.135,-5.798E-2
28.762,-0.135,-5.724E-2
28.780,-0.135,-5.711E-2
28.798,-0.135,-5.701E-2
28.815,-0.135,-5.571E-2
28.833,-0.135,-5.691E-2
28.851,-0.135,-5.670E-2
28.868,-0.135,-5.480E-2
28.886,-0.135,-5.562E-2
28.903,-0.135,-5.664E-2
28.921,-0.135,-5.550E-2
28.939,-0.135,-5.562E-2
28.956,-0.135,-5.544E-2
28.974,-0.135,-5.566E-2
28.992,-0.135,-5.535E-2
29.009,-0.135,-5.649E-2
29.027,-0.135,-5.650E-2
29.044,-0.135,-5.552E-2
29.062,-0.135,-5.612E-2
29.080,-0.135,-5.478E-2
29.097,-0.135,-5.608E-2
29.115,-0.135,-5.620E-2
29.133,-0.135,-5.476E-2
29.150,-0.135,-5.479E-2
29.168,-0.135,-5.587E-2
29.186,-0.135,-5.604E-2
29.203,-0.135,-5.619E-2
29.221,-0.135,-5.480E-2
29.238,-0.135,-5.479E-2
29.256,-0.135,-5.535E-2
29.274,-0.135,-5.383E-2
29.291,-0.135,-5.346E-2
29.309,-0.136,-5.297E-2
29.327,-0.136,-5.283E-2
29.344,-0.136,-5.289E-2
29.362,-0.136,-5.205E-2
29.380,-0.136,-5.205E-2
29.397,-0.136,-5.350E-2
29.415,-0.136,-5.205E-2
29.432,-0.136,-5.309E-2
29.450,-0.136,-5.277E-2
29.468,-0.137,-5.304E-2
29.485,-0.137,-5.274E-2
29.503,-0.137,-5.267E-2
29.521,-0.137,-5.215E-2
29.538,-0.137,-5.259E-2
29.556,-0.137,-5.222E-2
29.574,-0.137,-5.210E-2
29.591,-0.138,-5.252E-2
29.609,-0.138,-5.198E-2
29.626,-0.138,-5.109E-2
29.644,-0.139,-5.111E-2
29.662,-0.139,-5.159E-2
29.679,-0.139,-5.169E-2
29.697,-0.139,-5.109E-2
29.715,-0.139,-5.099E-2
29.732,-0.140,-5.104E-2
29.750,-0.140,-5.187E-2
29.768,-0.140,-5.208E-2
29.785,-0.140,-5.107E-2
29.803,-0.139,-5.274E-2
29.820,-0.139,-5.283E-2
29.838,-0.139,-5.292E-2
29.856,-0.139,-5.280E-2
29.873,-0.139,-5.345E-2
29.891,-0.139,-5.255E-2
29.909,-0.139,-5.378E-2
29.926,-0.139,-5.360E-2
29.944,-0.139,-5.203E-2
29.962,-0.139,-5.363E-2
29.979,-0.139,-5.287E-2
29.997,-0.138,-5.285E-2
30.014,-0.139,-5.279E-2
30.032,-0.138,-5.390E-2
30.050,-0.138,-5.343E-2
30.067,-0.138,-5.379E-2
30.085,-0.138,-5.382E-2
30.103,-0.138,-5.379E-2
30.120,-0.138,-5.433E-2
30.138,-0.138,-5.387E-2
30.155,-0.137,-5.369E-2
30.173,-0.137,-5.422E-2
30.191,-0.137,-5.431E-2
30.208,-0.137,-5.384E-2
30.226,-0.137,-5.482E-2
30.244,-0.137,-5.384E-2
30.261,-0.137,-5.296E-2
30.279,-0.136,-5.406E-2
30.297,-0.136,-5.397E-2
30.314,-0.136,-5.400E-2
30.332,-0.136,-5.249E-2
30.349,-0.136,-5.397E-2
30.367,-0.136,-5.345E-2
30.385,-0.136,-5.204E-2
30.402,-0.136,-5.326E-2
30.420,-0.136,-5.324E-2
30.438,-0.137,-5.329E-2
30.455,-0.137,-5.312E-2
30.473,-0.137,-5.269E-2
30.491,-0.138,-5.254E-2
30.508,-0.138,-5.225E-2
30.526,-0.138,-5.191E-2
30.543,-0.139,-5.217E-2
30.561,-0.139,-5.206E-2
30.579,-0.139,-5.204E-2
30.596,-0.140,-5.212E-2
30.614,-0.140,-5.210E-2
30.632,-0.140,-5.226E-2
30.649,-0.140,-5.268E-2
30.667,-0.141,-5.318E-2
30.685,-0.140,-5.321E-2
30.702,-0.140,-5.289E-2
30.720,-0.140,-5.483E-2
30.737,-0.140,-5.658E-2
30.755,-0.139,-5.714E-2
30.773,-0.139,-5.621E-2
30.790,-0.139,-5.785E-2
30.808,-0.139,-5.895E-2
30.826,-0.139,-5.907E-2
30.843,-0.139,-5.980E-2
30.861,-0.139,-5.977E-2
30.879,-0.139,-5.827E-2
30.896,-0.139,-6.005E-2
30.914,-0.140,-6.025E-2
30.931,-0.140,-6.028E-2
30.949,-0.140,-6.039E-2
30.967,-0.140,-5.833E-2
30.984,-0.140,-5.834E-2
31.002,-0.140,-6.111E-2
31.020,-0.140,-6.131E-2
31.037,-0.140,-6.163E-2
31.055,-0.140,-6.156E-2
31.072,-0.140,-6.227E-2
31.090,-0.140,-6.249E-2
31.108,-0.139,-6.255E-2
31.125,-0.139,-6.236E-2
31.143,-0.139,-6.226E-2
31.161,-0.138,-6.192E-2
31.178,-0.138,-6.193E-2
31.196,-0.137,-6.108E-2
31.214,-0.136,-6.125E-2
31.231,-0.136,-6.029E-2
31.249,-0.135,-5.965E-2
31.266,-0.135,-5.851E-2
31.284,-0.134,-5.766E-2
31.302,-0.134,-5.641E-2
31.319,-0.133,-5.569E-2
31.337,-0.133,-5.298E-2
31.355,-0.133,-5.198E-2
31.372,-0.133,-5.341E-2
31.390,-0.133,-5.102E-2
31.408,-0.133,-5.230E-2
31.425,-0.133,-5.101E-2
31.443,-0.133,-5.027E-2
31.460,-0.133,-5.005E-2
31.478,-0.134,-4.911E-2
31.496,-0.134,-4.830E-2
31.513,-0.134,-5.014E-2
31.531,-0.134,-4.950E-2
31.549,-0.135,-4.718E-2
31.566,-0.135,-4.900E-2
31.584,-0.136,-4.646E-2
31.602,-0.136,-4.573E-2
31.619,-0.136,-4.563E-2
31.637,-0.136,-4.550E-2
31.654,-0.136,-4.539E-2
31.672,-0.136,-4.477E-2
31.690,-0.136,-4.475E-2
31.707,-0.135,-4.530E-2
31.725,-0.135,-4.555E-2
31.743,-0.135,-4.814E-2
31.760,-0.135,-4.651E-2
31.778,-0.135,-4.653E-2
31.796,-0.135,-4.736E-2
31.813,-0.135,-4.742E-2
31.831,-0.134,-4.744E-2
31.848,-0.134,-4.908E-2
31.866,-0.134,-4.944E-2
31.884,-0.134,-4.943E-2
31.901,-0.134,-4.973E-2
31.919,-0.134,-4.989E-2
31.937,-0.134,-4.977E-2
31.954,-0.134,-4.962E-2
31.972,-0.134,-4.976E-2
31.990,-0.134,-4.980E-2
32.007,-0.134,-4.985E-2
32.025,-0.134,-5.040E-2
32.042,-0.134,-4.934E-2
32.060,-0.134,-5.055E-2
32.078,-0.134,-5.102E-2
32.095,-0.134,-5.161E-2
32.113,-0.134,-5.187E-2
32.131,-0.134,-5.100E-2
32.148,-0.134,-5.114E-2
32.166,-0.134,-5.191E-2
32.183,-0.135,-5.201E-2
32.201,-0.135,-5.286E-2
32.219,-0.135,-5.288E-2
32.236,-0.135,-5.292E-2
32.254,-0.135,-5.300E-2
32.272,-0.135,-5.297E-2
32.289,-0.136,-5.365E-2
32.307,-0.136,-5.382E-2
32.325,-0.136,-5.386E-2
32.342,-0.136,-5.457E-2
32.360,-0.136,-5.473E-2
32.377,-0.137,-5.551E-2
32.395,-0.137,-5.563E-2
32.413,-0.137,-5.650E-2
32.430,-0.137,-5.736E-2
32.448,-0.137,-5.740E-2
32.466,-0.137,-5.832E-2
32.483,-0.137,-6.015E-2
32.501,-0.137,-6.096E-2
32.519,-0.137,-6.195E-2
32.536,-0.137,-6.274E-2
32.554,-0.136,-6.203E-2
32.571,-0.136,-6.361E-2
32.589,-0.136,-6.451E-2
32.607,-0.136,-6.550E-2
32.624,-0.136,-6.641E-2
32.642,-0.135,-6.739E-2
32.660,-0.135,-6.828E-2
32.677,-0.135,-6.918E-2
32.695,-0.135,-7.003E-2
32.713,-0.135,-7.097E-2
32.730,-0.136,-7.183E-2
32.748,-0.136,-7.282E-2
32.765,-0.135,-7.291E-2
32.783,-0.136,-7.332E-2
32.801,-0.136,-7.357E-2
32.818,-0.136,-7.346E-2
32.836,-0.136,-7.350E-2
32.854,-0.136,-7.342E-2
32.871,-0.136,-7.321E-2
32.889,-0.137,-7.349E-2
32.907,-0.137,-7.331E-2
32.924,-0.138,-7.287E-2
32.942,-0.137,-7.308E-2
32.959,-0.137,-7.329E-2
32.977,-0.137,-7.366E-2
32.995,-0.137,-7.389E-2
33.012,-0.137,-7.434E-2
33.030,-0.137,-7.438E-2
33.048,-0.137,-7.453E-2
33.065,-0.137,-7.451E-2
33.083,-0.137,-7.450E-2
33.100,-0.137,-7.455E-2
33.118,-0.137,-7.453E-2
33.136,-0.137,-7.457E-2
33.153,-0.137,-7.453E-2
33.171,-0.136,-7.434E-2
33.189,-0.137,-7.438E-2
33.206,-0.137,-7.400E-2
33.224,-0.137,-7.358E-2
33.242,-0.136,-7.347E-2
33.259,-0.137,-7.281E-2
33.277,-0.137,-7.228E-2
33.294,-0.137,-7.191E-2
33.312,-0.137,-7.175E-2
33.330,-0.137,-7.104E-2
33.347,-0.137,-7.077E-2
33.365,-0.137,-7.070E-2
33.383,-0.137,-7.001E-2
33.400,-0.138,-6.962E-2
33.418,-0.137,-6.903E-2
33.436,-0.137,-6.833E-2
33.453,-0.137,-6.760E-2
33.471,-0.137,-6.676E-2
33.488,-0.138,-6.640E-2
33.506,-0.138,-6.560E-2
33.524,-0.138,-6.482E-2
33.541,-0.138,-6.377E-2
33.559,-0.138,-6.364E-2
33.577,-0.138,-6.357E-2
33.594,-0.138,-6.238E-2
33.612,-0.138,-6.107E-2
33.630,-0.138,-6.015E-2
33.647,-0.138,-5.932E-2
33.665,-0.138,-6.031E-2
33.682,-0.138,-5.812E-2
33.700,-0.138,-5.734E-2
33.718,-0.138,-5.897E-2
33.735,-0.138,-5.815E-2
33.753,-0.138,-5.756E-2
33.771,-0.138,-5.593E-2
33.788,-0.139,-5.461E-2
33.806,-0.139,-5.377E-2
33.824,-0.139,-5.284E-2
33.841,-0.139,-5.411E-2
33.859,-0.139,-5.349E-2
33.876,-0.139,-5.271E-2
33.894,-0.139,-5.391E-2
33.912,-0.140,-5.333E-2
33.929,-0.140,-5.320E-2
33.947,-0.140,-5.188E-2
33.965,-0.140,-5.353E-2
33.982,-0.141,-5.192E-2
34.000,-0.141,-5.192E-2
34.018,-0.142,-5.175E-2
34.035,-0.142,-5.173E-2
34.053,-0.142,-5.393E-2
34.070,-0.142,-5.385E-2
34.088,-0.143,-5.409E-2
34.106,-0.142,-5.408E-2
34.123,-0.142,-5.408E-2
34.141,-0.142,-5.460E-2
34.159,-0.142,-5.485E-2
34.176,-0.142,-5.474E-2
34.194,-0.141,-5.474E-2
34.211,-0.141,-5.447E-2
34.229,-0.140,-5.382E-2
34.247,-0.140,-5.404E-2
34.264,-0.139,-5.381E-2
34.282,-0.138,-5.356E-2
34.300,-0.138,-5.359E-2
34.317,-0.137,-5.338E-2
34.335,-0.136,-5.411E-2
34.353,-0.136,-5.283E-2
34.370,-0.135,-5.294E-2
34.388,-0.135,-5.494E-2
34.405,-0.135,-5.499E-2
34.423,-0.134,-5.503E-2
34.441,-0.135,-5.377E-2
34.458,-0.134,-5.383E-2
34.476,-0.135,-5.668E-2
34.494,-0.134,-5.622E-2
34.511,-0.135,-5.374E-2
34.529,-0.135,-5.606E-2
34.547,-0.136,-5.621E-2
34.564,-0.136,-5.376E-2
34.582,-0.136,-5.456E-2
34.599,-0.136,-5.470E-2
34.617,-0.137,-5.474E-2
34.635,-0.137,-5.477E-2
34.652,-0.137,-5.474E-2
34.670,-0.137,-5.478E-2
34.688,-0.138,-5.672E-2
34.705,-0.138,-5.637E-2
34.723,-0.138,-5.712E-2
34.741,-0.138,-5.753E-2
34.758,-0.138,-5.761E-2
34.776,-0.138,-5.773E-2
34.793,-0.138,-5.829E-2
34.811,-0.138,-5.902E-2
34.829,-0.137,-5.985E-2
34.846,-0.137,-5.984E-2
34.864,-0.137,-6.088E-2
34.882,-0.137,-6.131E-2
34.899,-0.136,-6.216E-2
34.917,-0.136,-6.259E-2
34.935,-0.136,-6.402E-2
34.952,-0.135,-6.294E-2
34.970,-0.135,-6.385E-2
34.987,-0.135,-6.469E-2
35.005,-0.135,-6.565E-2
35.023,-0.135,-6.721E-2
35.040,-0.135,-6.771E-2
35.058,-0.135,-6.850E-2
35.076,-0.135,-6.901E-2
35.093,-0.134,-6.933E-2
35.111,-0.135,-6.837E-2
35.128,-0.134,-6.963E-2
35.146,-0.134,-6.843E-2
35.164,-0.134,-6.904E-2
35.181,-0.134,-6.872E-2
35.199,-0.134,-6.803E-2
35.217,-0.134,-6.569E-2
35.234,-0.134,-6.664E-2
35.252,-0.135,-6.562E-2
35.270,-0.135,-6.531E-2
35.287,-0.135,-6.497E-2
35.305,-0.135,-6.443E-2
35.322,-0.136,-6.290E-2
35.340,-0.136,-6.203E-2
35.358,-0.136,-6.303E-2
35.375,-0.136,-6.140E-2
35.393,-0.137,-6.204E-2
35.411,-0.137,-6.253E-2
35.428,-0.137,-6.129E-2
35.446,-0.137,-6.217E-2
35.464,-0.137,-6.210E-2
35.481,-0.137,-6.126E-2
35.499,-0.137,-6.146E-2
35.516,-0.137,-5.925E-2
35.534,-0.138,-5.919E-2
35.552,-0.138,-5.955E-2
35.569,-0.138,-5.929E-2
35.587,-0.138,-5.938E-2
35.605,-0.138,-5.923E-2
35.622,-0.138,-5.868E-2
35.640,-0.138,-5.878E-2
35.658,-0.138,-5.855E-2
35.675,-0.138,-5.722E-2
35.693,-0.137,-5.835E-2
35.710,-0.138,-5.851E-2
35.728,-0.138,-5.841E-2
35.746,-0.137,-5.744E-2
35.763,-0.138,-5.837E-2
35.781,-0.137,-5.744E-2
35.799,-0.137,-5.821E-2
35.816,-0.137,-5.889E-2
35.834,-0.137,-5.898E-2
35.852,-0.137,-5.834E-2
35.869,-0.137,-5.895E-2
35.887,-0.136,-5.824E-2
35.904,-0.136,-5.843E-2
35.922,-0.136,-5.844E-2
35.940,-0.136,-5.921E-2
35.957,-0.136,-5.925E-2
35.975,-0.136,-5.982E-2
35.993,-0.136,-5.982E-2
36.010,-0.136,-5.986E-2
36.028,-0.136,-5.906E-2
36.046,-0.136,-5.918E-2
36.063,-0.136,-5.842E-2
36.081,-0.136,-5.901E-2
36.098,-0.136,-5.842E-2
36.116,-0.136,-5.907E-2
36.134,-0.136,-5.854E-2
36.151,-0.136,-5.878E-2
36.169,-0.136,-5.849E-2
36.187,-0.136,-5.940E-2
36.204,-0.136,-5.902E-2
36.222,-0.136,-5.935E-2
36.239,-0.136,-5.936E-2
36.257,-0.136,-5.840E-2
36.275,-0.136,-5.842E-2
36.292,-0.137,-5.856E-2
36.310,-0.137,-5.834E-2
36.328,-0.137,-5.863E-2
36.345,-0.137,-5.880E-2
36.363,-0.138,-5.889E-2
36.381,-0.138,-5.941E-2
36.398,-0.138,-5.835E-2
36.416,-0.138,-5.977E-2
36.433,-0.138,-5.914E-2
36.451,-0.138,-5.901E-2
36.469,-0.138,-5.913E-2
36.486,-0.138,-5.924E-2
36.504,-0.138,-6.019E-2
36.522,-0.138,-6.087E-2
36.539,-0.138,-5.985E-2
36.557,-0.138,-6.060E-2
36.575,-0.138,-6.089E-2
36.592,-0.138,-6.095E-2
36.610,-0.138,-6.161E-2
36.627,-0.139,-6.021E-2
36.645,-0.138,-6.102E-2
36.663,-0.139,-6.102E-2
36.680,-0.138,-6.088E-2
36.698,-0.138,-6.174E-2
36.716,-0.138,-6.074E-2
36.733,-0.138,-6.049E-2
36.751,-0.138,-6.100E-2
36.769,-0.138,-6.103E-2
36.786,-0.137,-6.108E-2
36.804,-0.137,-6.042E-2
36.821,-0.138,-6.161E-2
36.839,-0.137,-6.171E-2
36.857,-0.137,-6.094E-2
36.874,-0.137,-6.119E-2
36.892,-0.137,-6.018E-2
36.910,-0.137,-6.020E-2
36.927,-0.137,-5.927E-2
36.945,-0.137,-6.033E-2
36.963,-0.137,-6.116E-2
36.980,-0.136,-6.114E-2
36.998,-0.137,-6.080E-2
37.015,-0.137,-6.079E-2
37.033,-0.137,-6.011E-2
37.051,-0.136,-6.018E-2
37.068,-0.136,-6.009E-2
37.086,-0.136,-5.988E-2
37.104,-0.136,-6.084E-2
37.121,-0.136,-6.022E-2
37.139,-0.136,-6.022E-2
37.157,-0.136,-6.137E-2
37.174,-0.136,-6.047E-2
37.192,-0.136,-6.106E-2
37.209,-0.136,-6.164E-2
37.227,-0.136,-6.109E-2
37.245,-0.136,-6.018E-2
37.262,-0.136,-6.023E-2
37.280,-0.136,-6.021E-2
37.298,-0.136,-6.170E-2
37.315,-0.136,-6.173E-2
37.333,-0.136,-6.017E-2
37.350,-0.136,-6.126E-2
37.368,-0.136,-6.084E-2
37.386,-0.136,-5.989E-2
37.403,-0.136,-6.072E-2
37.421,-0.136,-6.001E-2
37.439,-0.136,-5.908E-2
37.456,-0.136,-5.924E-2
37.474,-0.136,-6.074E-2
37.492,-0.136,-6.078E-2
37.509,-0.136,-5.927E-2
37.527,-0.136,-5.929E-2
37.544,-0.136,-5.925E-2
37.562,-0.136,-6.017E-2
37.580,-0.136,-6.048E-2
37.597,-0.136,-6.175E-2
37.615,-0.136,-6.207E-2
37.633,-0.136,-6.253E-2
37.650,-0.136,-6.292E-2
37.668,-0.137,-6.196E-2
37.686,-0.137,-6.355E-2
37.703,-0.137,-6.381E-2
37.721,-0.137,-6.372E-2
37.738,-0.137,-6.466E-2
37.756,-0.137,-6.482E-2
37.774,-0.137,-6.458E-2
37.791,-0.137,-6.473E-2
37.809,-0.137,-6.550E-2
37.827,-0.136,-6.491E-2
37.844,-0.136,-6.474E-2
37.862,-0.136,-6.504E-2
37.880,-0.136,-6.591E-2
37.897,-0.136,-6.581E-2
37.915,-0.136,-6.575E-2
37.932,-0.136,-6.578E-2
37.950,-0.135,-6.549E-2
37.968,-0.135,-6.539E-2
37.985,-0.135,-6.540E-2
38.003,-0.135,-6.537E-2
38.021,-0.136,-6.531E-2
38.038,-0.135,-6.473E-2
38.056,-0.136,-6.487E-2
38.074,-0.136,-6.480E-2
38.091,-0.136,-6.468E-2
38.109,-0.136,-6.440E-2
38.126,-0.136,-6.437E-2
38.144,-0.135,-6.436E-2
38.162,-0.136,-6.311E-2
38.179,-0.135,-6.372E-2
38.197,-0.135,-6.346E-2
38.215,-0.135,-6.385E-2
38.232,-0.135,-6.370E-2
38.250,-0.135,-6.369E-2
38.267,-0.135,-6.373E-2
38.285,-0.135,-6.372E-2
38.303,-0.135,-6.295E-2
38.320,-0.136,-6.394E-2
38.338,-0.136,-6.348E-2
38.356,-0.136,-6.270E-2
38.373,-0.136,-6.280E-2
38.391,-0.136,-6.264E-2
38.409,-0.136,-6.222E-2
38.426,-0.136,-6.269E-2
38.444,-0.136,-6.192E-2
38.461,-0.137,-6.187E-2
38.479,-0.137,-6.255E-2
38.497,-0.137,-6.210E-2
38.514,-0.137,-6.204E-2
38.532,-0.137,-6.206E-2
38.550,-0.137,-6.172E-2
38.567,-0.137,-6.166E-2
38.585,-0.138,-6.019E-2
38.603,-0.138,-6.041E-2
38.620,-0.138,-6.116E-2
38.638,-0.138,-6.074E-2
38.655,-0.138,-6.162E-2
38.673,-0.138,-6.017E-2
38.691,-0.138,-6.161E-2
38.708,-0.138,-6.114E-2
38.726,-0.138,-6.119E-2
38.744,-0.138,-6.178E-2
38.761,-0.138,-6.094E-2
38.779,-0.138,-6.208E-2
38.797,-0.139,-6.251E-2
38.814,-0.139,-6.253E-2
38.832,-0.138,-6.260E-2
38.849,-0.138,-6.196E-2
38.867,-0.138,-6.270E-2
38.885,-0.139,-6.288E-2
38.902,-0.139,-6.255E-2
38.920,-0.139,-6.284E-2
38.938,-0.139,-6.387E-2
38.955,-0.140,-6.429E-2
38.973,-0.140,-6.441E-2
38.991,-0.139,-6.442E-2
39.008,-0.140,-6.476E-2
39.026,-0.140,-6.482E-2
39.043,-0.140,-6.514E-2
39.061,-0.140,-6.526E-2
39.079,-0.140,-6.554E-2
39.096,-0.139,-6.435E-2
39.114,-0.139,-6.537E-2
39.132,-0.139,-6.472E-2
39.149,-0.139,-6.670E-2
39.167,-0.138,-6.638E-2
39.185,-0.138,-6.646E-2
39.202,-0.138,-6.734E-2
39.220,-0.138,-6.799E-2
39.237,-0.138,-6.827E-2
39.255,-0.138,-6.815E-2
39.273,-0.138,-6.850E-2
39.290,-0.138,-6.888E-2
39.308,-0.138,-6.898E-2
39.326,-0.138,-6.937E-2
39.343,-0.138,-6.931E-2
39.361,-0.138,-6.959E-2
39.378,-0.137,-6.931E-2
39.396,-0.137,-6.930E-2
39.414,-0.137,-6.934E-2
39.431,-0.136,-6.904E-2
39.449,-0.136,-6.914E-2
39.467,-0.136,-6.903E-2
39.484,-0.135,-6.908E-2
39.502,-0.135,-6.826E-2
39.520,-0.135,-6.822E-2
39.537,-0.135,-6.894E-2
39.555,-0.134,-6.899E-2
39.572,-0.134,-6.860E-2
39.590,-0.134,-6.859E-2
39.608,-0.133,-6.852E-2
39.625,-0.133,-6.796E-2
39.643,-0.133,-6.746E-2
39.661,-0.133,-6.771E-2
39.678,-0.132,-6.636E-2
39.696,-0.132,-6.720E-2
39.714,-0.132,-6.683E-2
39.731,-0.132,-6.486E-2
39.749,-0.132,-6.484E-2
39.766,-0.132,-6.594E-2
39.784,-0.132,-6.469E-2
39.802,-0.132,-6.514E-2
39.819,-0.132,-6.392E-2
39.837,-0.132,-6.380E-2
39.855,-0.132,-6.448E-2
39.872,-0.132,-6.456E-2
39.890,-0.132,-6.298E-2
39.908,-0.132,-6.303E-2
39.925,-0.132,-6.301E-2
39.943,-0.131,-6.288E-2
39.960,-0.131,-6.295E-2
39.978,-0.131,-6.299E-2
39.996,-0.131,-6.354E-2
40.013,-0.131,-6.283E-2
40.031,-0.131,-6.309E-2
40.049,-0.131,-6.302E-2
40.066,-0.131,-6.196E-2
40.084,-0.131,-6.237E-2
40.102,-0.131,-6.252E-2
40.119,-0.131,-6.121E-2
40.137,-0.132,-6.162E-2
40.154,-0.132,-6.218E-2
40.172,-0.132,-6.202E-2
40.190,-0.132,-6.194E-2
40.207,-0.132,-6.117E-2
40.225,-0.133,-6.216E-2
40.243,-0.133,-6.224E-2
40.260,-0.133,-6.088E-2
40.278,-0.133,-6.028E-2
40.295,-0.134,-6.183E-2
40.313,-0.134,-6.183E-2
40.331,-0.134,-6.101E-2
40.348,-0.134,-6.022E-2
40.366,-0.135,-6.019E-2
40.384,-0.135,-6.166E-2
40.401,-0.135,-6.128E-2
40.419,-0.135,-6.087E-2
40.437,-0.136,-6.026E-2
40.454,-0.136,-5.927E-2
40.472,-0.136,-5.915E-2
40.489,-0.137,-6.056E-2
40.507,-0.137,-6.044E-2
40.525,-0.137,-5.842E-2
40.542,-0.137,-5.931E-2
40.560,-0.137,-5.987E-2
40.578,-0.137,-6.012E-2
40.595,-0.137,-5.994E-2
40.613,-0.136,-6.021E-2
40.631,-0.137,-6.008E-2
40.648,-0.136,-6.021E-2
40.666,-0.136,-6.065E-2
40.683,-0.136,-6.025E-2
40.701,-0.135,-5.926E-2
40.719,-0.135,-5.972E-2
40.736,-0.135,-5.843E-2
40.754,-0.135,-5.841E-2
40.772,-0.134,-5.831E-2
40.789,-0.134,-5.843E-2
40.807,-0.134,-5.785E-2
40.825,-0.134,-5.581E-2
40.842,-0.133,-5.643E-2
40.860,-0.133,-5.484E-2
40.877,-0.133,-5.480E-2
40.895,-0.133,-5.485E-2
40.913,-0.133,-5.591E-2
40.930,-0.133,-5.390E-2
40.948,-0.133,-5.364E-2
40.966,-0.133,-5.498E-2
40.983,-0.133,-5.284E-2
41.001,-0.134,-5.396E-2
41.019,-0.134,-5.207E-2
41.036,-0.134,-5.198E-2
41.054,-0.134,-5.210E-2
41.071,-0.134,-5.193E-2
41.089,-0.134,-5.120E-2
41.107,-0.135,-5.123E-2
41.124,-0.135,-5.156E-2
41.142,-0.135,-5.213E-2
41.160,-0.136,-5.226E-2
41.177,-0.136,-5.101E-2
41.195,-0.137,-5.111E-2
41.213,-0.137,-5.201E-2
41.230,-0.137,-5.107E-2
41.248,-0.137,-5.148E-2
41.265,-0.138,-5.208E-2
41.283,-0.138,-5.112E-2
41.301,-0.138,-5.172E-2
41.318,-0.138,-5.203E-2
41.336,-0.138,-5.269E-2
41.354,-0.138,-5.287E-2
41.371,-0.138,-5.271E-2
41.389,-0.137,-5.289E-2
41.406,-0.137,-5.383E-2
41.424,-0.137,-5.388E-2
41.442,-0.137,-5.541E-2
41.459,-0.136,-5.575E-2
41.477,-0.136,-5.637E-2
41.495,-0.135,-5.570E-2
41.512,-0.135,-5.662E-2
41.530,-0.135,-5.742E-2
41.548,-0.134,-5.824E-2
41.565,-0.134,-5.853E-2
41.583,-0.134,-5.826E-2
41.600,-0.134,-5.959E-2
41.618,-0.134,-6.038E-2
41.636,-0.134,-5.910E-2
41.653,-0.133,-5.919E-2
41.671,-0.133,-6.139E-2
41.689,-0.133,-6.016E-2
41.706,-0.134,-6.132E-2
41.724,-0.134,-5.930E-2
41.742,-0.134,-5.929E-2
41.759,-0.134,-6.097E-2
41.777,-0.134,-6.074E-2
41.794,-0.134,-6.048E-2
41.812,-0.134,-6.031E-2
41.830,-0.135,-6.058E-2
41.847,-0.135,-6.065E-2
41.865,-0.135,-6.076E-2
41.883,-0.135,-6.074E-2
41.900,-0.135,-6.046E-2
41.918,-0.136,-6.017E-2
41.936,-0.136,-6.084E-2
41.953,-0.136,-6.027E-2
41.971,-0.137,-5.916E-2
41.988,-0.137,-5.929E-2
42.006,-0.137,-6.076E-2
42.024,-0.138,-6.089E-2
42.041,-0.138,-6.126E-2
42.059,-0.138,-6.123E-2
42.077,-0.139,-6.164E-2
42.094,-0.139,-6.158E-2
42.112,-0.139,-6.137E-2
42.130,-0.139,-6.130E-2
42.147,-0.139,-6.160E-2
42.165,-0.139,-6.122E-2
42.182,-0.139,-6.015E-2
42.200,-0.139,-6.016E-2
42.218,-0.139,-6.110E-2
42.235,-0.139,-6.160E-2
42.253,-0.139,-6.126E-2
42.271,-0.140,-6.080E-2
42.288,-0.140,-6.088E-2
42.306,-0.140,-6.102E-2
42.323,-0.140,-6.078E-2
42.341,-0.140,-6.112E-2
42.359,-0.140,-6.017E-2
42.376,-0.140,-6.091E-2
42.394,-0.141,-6.031E-2
42.412,-0.141,-6.248E-2
42.429,-0.141,-6.230E-2
42.447,-0.141,-6.195E-2
42.465,-0.141,-6.193E-2
42.482,-0.141,-6.177E-2
42.500,-0.141,-6.196E-2
42.517,-0.141,-6.106E-2
42.535,-0.141,-6.121E-2
42.553,-0.141,-6.017E-2
42.570,-0.141,-6.108E-2
42.588,-0.141,-6.049E-2
42.606,-0.141,-6.124E-2
42.623,-0.141,-6.123E-2
42.641,-0.141,-6.117E-2
42.659,-0.140,-6.089E-2
42.676,-0.140,-6.008E-2
42.694,-0.140,-5.991E-2
42.711,-0.141,-5.828E-2
42.729,-0.140,-5.826E-2
42.747,-0.140,-5.827E-2
42.764,-0.140,-5.785E-2
42.782,-0.139,-5.808E-2
42.800,-0.139,-5.810E-2
42.817,-0.139,-5.741E-2
42.835,-0.138,-5.759E-2
42.853,-0.138,-5.793E-2
42.870,-0.138,-5.798E-2
42.888,-0.138,-5.796E-2
42.905,-0.138,-5.657E-2
42.923,-0.138,-5.749E-2
42.941,-0.138,-5.803E-2
42.958,-0.138,-5.812E-2
42.976,-0.138,-5.820E-2
42.994,-0.137,-5.820E-2
43.011,-0.138,-5.803E-2
43.029,-0.137,-5.803E-2
43.047,-0.137,-5.789E-2
43.064,-0.137,-5.740E-2
43.082,-0.137,-5.774E-2
43.099,-0.137,-5.803E-2
43.117,-0.137,-5.733E-2
43.135,-0.137,-5.842E-2
43.152,-0.137,-5.827E-2
43.170,-0.136,-5.807E-2
43.188,-0.136,-5.822E-2
43.205,-0.136,-5.835E-2
43.223,-0.136,-5.848E-2
43.241,-0.136,-5.843E-2
43.258,-0.136,-5.747E-2
43.276,-0.136,-5.743E-2
43.293,-0.136,-5.780E-2
43.311,-0.136,-5.747E-2
43.329,-0.136,-5.745E-2
43.346,-0.136,-5.733E-2
43.364,-0.135,-5.751E-2
43.382,-0.135,-5.745E-2
43.399,-0.135,-5.660E-2
43.417,-0.135,-5.662E-2
43.434,-0.135,-5.783E-2
43.452,-0.135,-5.807E-2
43.470,-0.135,-5.772E-2
43.487,-0.135,-5.802E-2
43.505,-0.135,-5.772E-2
43.523,-0.134,-5.758E-2
43.540,-0.134,-5.568E-2
43.558,-0.134,-5.567E-2
43.576,-0.134,-5.668E-2
43.593,-0.134,-5.480E-2
43.611,-0.134,-5.624E-2
43.628,-0.134,-5.559E-2
43.646,-0.134,-5.541E-2
43.664,-0.134,-5.385E-2
43.681,-0.134,-5.508E-2
43.699,-0.134,-5.295E-2
43.717,-0.135,-5.296E-2
43.734,-0.135,-5.299E-2
43.752,-0.135,-5.358E-2
43.770,-0.135,-5.208E-2
43.787,-0.135,-5.200E-2
43.805,-0.135,-5.236E-2
43.822,-0.135,-5.255E-2
43.840,-0.135,-5.210E-2
43.858,-0.135,-5.157E-2
43.875,-0.135,-4.928E-2
43.893,-0.135,-5.138E-2
43.911,-0.135,-5.125E-2
43.928,-0.135,-5.082E-2
43.946,-0.135,-5.094E-2
43.964,-0.136,-5.094E-2
43.981,-0.136,-4.842E-2
43.999,-0.136,-4.830E-2
44.016,-0.135,-4.755E-2
44.034,-0.136,-5.029E-2
44.052,-0.135,-4.821E-2
44.069,-0.136,-4.817E-2
44.087,-0.135,-5.038E-2
44.105,-0.136,-5.063E-2
44.122,-0.136,-5.082E-2
44.140,-0.136,-4.839E-2
44.158,-0.136,-5.113E-2
44.175,-0.137,-5.124E-2
44.193,-0.137,-5.137E-2
44.210,-0.137,-5.160E-2
44.228,-0.137,-5.173E-2
44.246,-0.138,-5.224E-2
44.263,-0.138,-5.254E-2
44.281,-0.138,-5.251E-2
44.299,-0.138,-5.260E-2
44.316,-0.139,-5.300E-2
44.334,-0.139,-5.316E-2
44.351,-0.139,-5.329E-2
44.369,-0.139,-5.387E-2
44.387,-0.140,-5.400E-2
44.404,-0.139,-5.418E-2
44.422,-0.139,-5.399E-2
44.440,-0.140,-5.444E-2
44.457,-0.140,-5.478E-2
44.475,-0.140,-5.503E-2
44.493,-0.140,-5.546E-2
44.510,-0.140,-5.588E-2
44.528,-0.140,-5.593E-2
44.545,-0.140,-5.577E-2
44.563,-0.140,-5.633E-2
44.581,-0.140,-5.594E-2
44.598,-0.140,-5.644E-2
44.616,-0.140,-5.642E-2
44.634,-0.140,-5.673E-2
44.651,-0.140,-5.654E-2
44.669,-0.140,-5.647E-2
44.687,-0.140,-5.728E-2
44.704,-0.140,-5.654E-2
44.722,-0.140,-5.717E-2
44.739,-0.141,-5.647E-2
44.757,-0.141,-5.747E-2
44.775,-0.140,-5.724E-2
44.792,-0.140,-5.637E-2
44.810,-0.141,-5.644E-2
44.828,-0.141,-5.646E-2
44.845,-0.141,-5.713E-2
44.863,-0.141,-5.686E-2
44.881,-0.141,-5.655E-2
44.898,-0.141,-5.647E-2
44.916,-0.142,-5.554E-2
44.933,-0.142,-5.661E-2
44.951,-0.142,-5.654E-2
44.969,-0.142,-5.612E-2
44.986,-0.142,-5.539E-2
45.004,-0.143,-5.488E-2
45.022,-0.143,-5.567E-2
45.039,-0.144,-5.463E-2
45.057,-0.143,-5.463E-2
45.075,-0.145,-5.461E-2
45.092,-0.144,-5.523E-2
45.110,-0.144,-5.559E-2
45.127,-0.144,-5.562E-2
45.145,-0.145,-5.560E-2
45.163,-0.144,-5.604E-2
45.180,-0.144,-5.610E-2
45.198,-0.144,-5.512E-2
45.216,-0.144,-5.642E-2
45.233,-0.144,-5.652E-2
45.251,-0.144,-5.696E-2
45.269,-0.143,-5.698E-2
45.286,-0.143,-5.706E-2
45.304,-0.143,-5.648E-2
45.321,-0.143,-5.627E-2
45.339,-0.143,-5.735E-2
45.357,-0.143,-5.739E-2
45.374,-0.142,-5.803E-2
45.392,-0.142,-5.828E-2
45.410,-0.142,-5.970E-2
45.427,-0.142,-5.979E-2
45.445,-0.142,-6.006E-2
45.462,-0.142,-6.075E-2
45.480,-0.142,-6.107E-2
45.498,-0.142,-6.167E-2
45.515,-0.141,-6.231E-2
45.533,-0.141,-6.248E-2
45.551,-0.141,-6.304E-2
45.568,-0.141,-6.346E-2
45.586,-0.141,-6.380E-2
45.604,-0.141,-6.408E-2
45.621,-0.140,-6.392E-2
45.639,-0.141,-6.380E-2
45.656,-0.141,-6.422E-2
45.674,-0.140,-6.429E-2
45.692,-0.140,-6.458E-2
45.709,-0.140,-6.454E-2
45.727,-0.140,-6.480E-2
45.745,-0.140,-6.464E-2
45.762,-0.139,-6.529E-2
45.780,-0.139,-6.501E-2
45.798,-0.139,-6.537E-2
45.815,-0.139,-6.553E-2
45.833,-0.139,-6.597E-2
45.850,-0.139,-6.579E-2
45.868,-0.138,-6.569E-2
45.886,-0.138,-6.483E-2
45.903,-0.138,-6.462E-2
45.921,-0.138,-6.514E-2
45.939,-0.138,-6.432E-2
45.956,-0.137,-6.293E-2
45.974,-0.137,-6.350E-2
45.992,-0.137,-6.298E-2
46.009,-0.136,-6.013E-2
46.027,-0.136,-6.142E-2
46.044,-0.136,-5.920E-2
46.062,-0.135,-5.843E-2
46.080,-0.135,-5.755E-2
46.097,-0.135,-5.745E-2
46.115,-0.135,-5.745E-2
46.133,-0.134,-5.662E-2
46.150,-0.134,-5.659E-2
46.168,-0.134,-5.658E-2
46.186,-0.134,-5.539E-2
46.203,-0.133,-5.572E-2
46.221,-0.134,-5.479E-2
46.238,-0.134,-5.468E-2
46.256,-0.134,-5.626E-2
46.274,-0.133,-5.624E-2
46.291,-0.134,-5.583E-2
46.309,-0.133,-5.579E-2
46.327,-0.133,-5.545E-2
46.344,-0.134,-5.533E-2
46.362,-0.134,-5.492E-2
46.379,-0.134,-5.278E-2
46.397,-0.134,-5.211E-2
46.415,-0.134,-5.203E-2
46.432,-0.135,-5.184E-2
46.450,-0.135,-5.102E-2
46.468,-0.135,-5.024E-2
46.485,-0.136,-4.918E-2
46.503,-0.136,-4.829E-2
46.521,-0.137,-4.943E-2
46.538,-0.137,-4.813E-2
46.556,-0.137,-4.659E-2
46.573,-0.138,-4.737E-2
46.591,-0.138,-4.734E-2
46.609,-0.139,-4.655E-2
46.626,-0.139,-4.742E-2
46.644,-0.139,-4.731E-2
46.662,-0.139,-4.742E-2
46.679,-0.140,-4.842E-2
46.697,-0.140,-4.857E-2
46.715,-0.140,-4.822E-2
46.732,-0.140,-4.835E-2
46.750,-0.140,-4.924E-2
46.767,-0.140,-4.978E-2
46.785,-0.141,-5.001E-2
46.803,-0.141,-4.988E-2
46.820,-0.141,-4.970E-2
46.838,-0.140,-5.032E-2
46.856,-0.141,-5.049E-2
46.873,-0.140,-5.066E-2
46.891,-0.140,-5.074E-2
46.909,-0.140,-5.119E-2
46.926,-0.141,-5.112E-2
46.944,-0.140,-5.122E-2
46.961,-0.141,-5.107E-2
46.979,-0.141,-5.133E-2
46.997,-0.141,-5.206E-2
47.014,-0.141,-5.106E-2
47.032,-0.142,-5.099E-2
47.050,-0.142,-5.155E-2
47.067,-0.142,-5.100E-2
47.085,-0.142,-5.192E-2
47.103,-0.142,-5.101E-2
47.120,-0.142,-5.190E-2
47.138,-0.142,-5.252E-2
47.155,-0.142,-5.263E-2
47.173,-0.142,-5.381E-2
47.191,-0.142,-5.432E-2
47.208,-0.142,-5.365E-2
47.226,-0.142,-5.366E-2
47.244,-0.142,-5.370E-2
47.261,-0.142,-5.369E-2
47.279,-0.142,-5.373E-2
47.297,-0.142,-5.374E-2
47.314,-0.142,-5.533E-2
47.332,-0.142,-5.459E-2
47.349,-0.141,-5.535E-2
47.367,-0.141,-5.636E-2
47.385,-0.141,-5.714E-2
47.402,-0.141,-5.724E-2
47.420,-0.141,-5.795E-2
47.438,-0.140,-5.819E-2
47.455,-0.140,-5.887E-2
47.473,-0.140,-5.834E-2
47.490,-0.140,-5.912E-2
47.508,-0.140,-5.921E-2
47.526,-0.140,-5.949E-2
47.543,-0.140,-5.916E-2
47.561,-0.140,-6.002E-2
47.579,-0.140,-6.035E-2
47.596,-0.140,-5.964E-2
47.614,-0.140,-6.136E-2
47.632,-0.140,-6.144E-2
47.649,-0.140,-6.190E-2
47.667,-0.140,-6.106E-2
47.684,-0.140,-6.174E-2
47.702,-0.140,-6.189E-2
47.720,-0.140,-6.196E-2
47.737,-0.140,-6.196E-2
47.755,-0.140,-6.295E-2
47.773,-0.140,-6.279E-2
47.790,-0.140,-6.198E-2
47.808,-0.140,-6.293E-2
47.826,-0.140,-6.267E-2
47.843,-0.140,-6.300E-2
47.861,-0.140,-6.206E-2
47.878,-0.140,-6.269E-2
47.896,-0.140,-6.296E-2
47.914,-0.140,-6.199E-2
47.931,-0.140,-6.309E-2
47.949,-0.139,-6.189E-2
47.967,-0.139,-6.292E-2
47.984,-0.139,-6.258E-2
48.002,-0.139,-6.238E-2
48.020,-0.139,-6.232E-2
48.037,-0.139,-6.202E-2
48.055,-0.139,-6.224E-2
48.072,-0.139,-6.100E-2
48.090,-0.139,-6.145E-2
48.108,-0.139,-6.100E-2
48.125,-0.138,-6.020E-2
48.143,-0.139,-6.057E-2
48.161,-0.139,-6.019E-2
48.178,-0.138,-6.021E-2
48.196,-0.138,-6.036E-2
48.214,-0.138,-5.946E-2
48.231,-0.138,-5.748E-2
48.249,-0.138,-5.754E-2
48.266,-0.138,-5.588E-2
48.284,-0.138,-5.538E-2
48.302,-0.137,-5.496E-2
48.319,-0.137,-5.297E-2
48.337,-0.137,-5.278E-2
48.355,-0.136,-5.306E-2
48.372,-0.136,-5.259E-2
48.390,-0.135,-5.195E-2
48.407,-0.135,-5.169E-2
48.425,-0.134,-5.092E-2
48.443,-0.134,-5.079E-2
48.460,-0.134,-4.963E-2
48.478,-0.134,-5.034E-2
48.496,-0.134,-4.996E-2
48.513,-0.134,-4.900E-2
48.531,-0.134,-4.835E-2
48.549,-0.134,-4.815E-2
48.566,-0.133,-4.757E-2
48.584,-0.134,-4.757E-2
48.601,-0.134,-4.751E-2
48.619,-0.134,-4.753E-2
48.637,-0.134,-4.748E-2
48.654,-0.134,-4.753E-2
48.672,-0.134,-4.894E-2
48.690,-0.134,-4.834E-2
48.707,-0.134,-4.895E-2
48.725,-0.134,-4.835E-2
48.743,-0.134,-4.835E-2
48.760,-0.134,-4.853E-2
48.778,-0.134,-4.848E-2
48.795,-0.134,-4.838E-2
48.813,-0.134,-4.906E-2
48.831,-0.133,-4.939E-2
48.848,-0.133,-4.927E-2
48.866,-0.132,-5.031E-2
48.884,-0.132,-5.087E-2
48.901,-0.131,-5.097E-2
48.919,-0.131,-5.193E-2
48.937,-0.130,-5.196E-2
48.954,-0.130,-5.291E-2
48.972,-0.129,-5.309E-2
48.989,-0.129,-5.391E-2
49.007,-0.128,-5.431E-2
49.025,-0.128,-5.483E-2
49.042,-0.128,-5.683E-2
49.060,-0.127,-5.576E-2
49.078,-0.127,-5.664E-2
49.095,-0.127,-5.753E-2
49.113,-0.127,-5.754E-2
49.131,-0.126,-5.759E-2
49.148,-0.126,-5.845E-2
49.166,-0.127,-5.853E-2
49.183,-0.126,-5.864E-2
49.201,-0.126,-5.937E-2
49.219,-0.126,-5.933E-2
49.236,-0.126,-5.940E-2
49.254,-0.127,-5.919E-2
49.272,-0.127,-5.852E-2
49.289,-0.127,-5.845E-2
49.307,-0.127,-5.813E-2
49.325,-0.128,-5.749E-2
49.342,-0.128,-5.734E-2
49.360,-0.129,-5.670E-2
49.377,-0.129,-5.656E-2
49.395,-0.129,-5.657E-2
49.413,-0.129,-5.575E-2
49.430,-0.129,-5.566E-2
49.448,-0.129,-5.559E-2
49.466,-0.129,-5.552E-2
49.483,-0.129,-5.546E-2
49.501,-0.130,-5.484E-2
49.518,-0.129,-5.482E-2
49.536,-0.129,-5.472E-2
49.554,-0.130,-5.590E-2
49.571,-0.130,-5.488E-2
49.589,-0.130,-5.480E-2
49.607,-0.130,-5.476E-2
49.624,-0.130,-5.480E-2
49.642,-0.130,-5.486E-2
49.660,-0.130,-5.558E-2
49.677,-0.130,-5.487E-2
49.695,-0.130,-5.485E-2
49.712,-0.130,-5.488E-2
49.730,-0.130,-5.475E-2
49.748,-0.131,-5.463E-2
49.765,-0.131,-5.478E-2
49.783,-0.132,-5.464E-2
49.801,-0.132,-5.364E-2
49.818,-0.132,-5.291E-2
49.836,-0.132,-5.280E-2
49.854,-0.133,-5.194E-2
49.871,-0.133,-5.340E-2
49.889,-0.133,-5.098E-2
49.906,-0.134,-5.231E-2
49.924,-0.134,-5.213E-2
49.942,-0.134,-4.933E-2
49.959,-0.134,-5.036E-2
49.977,-0.135,-4.933E-2
49.995,-0.135,-4.839E-2
50.012,-0.135,-4.748E-2
50.030,-0.136,-4.744E-2
50.048,-0.136,-4.742E-2
50.065,-0.136,-4.745E-2
50.083,-0.136,-4.657E-2
50.100,-0.136,-4.836E-2
50.118,-0.136,-4.645E-2
50.136,-0.136,-4.700E-2
50.153,-0.136,-4.758E-2
50.171,-0.136,-4.754E-2
50.189,-0.136,-4.702E-2
50.206,-0.137,-4.570E-2
50.224,-0.137,-4.671E-2
50.242,-0.137,-4.635E-2
50.259,-0.137,-4.553E-2
50.277,-0.138,-4.566E-2
50.294,-0.138,-4.619E-2
50.312,-0.138,-4.666E-2
50.330,-0.138,-4.638E-2
50.347,-0.138,-4.582E-2
50.365,-0.139,-4.594E-2
50.383,-0.139,-4.677E-2
50.400,-0.139,-4.709E-2
50.418,-0.139,-4.646E-2
50.435,-0.140,-4.756E-2
50.453,-0.140,-4.650E-2
50.471,-0.140,-4.796E-2
50.488,-0.141,-4.729E-2
50.506,-0.142,-4.735E-2
50.524,-0.142,-4.884E-2
50.541,-0.142,-4.821E-2
50.559,-0.142,-4.826E-2
50.577,-0.143,-4.824E-2
50.594,-0.143,-4.996E-2
50.612,-0.144,-5.002E-2
50.629,-0.144,-4.970E-2
50.647,-0.144,-5.097E-2
50.665,-0.144,-5.093E-2
50.682,-0.144,-5.158E-2
50.700,-0.145,-5.159E-2
50.718,-0.145,-5.309E-2
50.735,-0.145,-5.341E-2
50.753,-0.145,-5.241E-2
50.771,-0.145,-5.427E-2
50.788,-0.144,-5.439E-2
50.806,-0.144,-5.476E-2
50.823,-0.144,-5.513E-2
50.841,-0.144,-5.526E-2
50.859,-0.144,-5.531E-2
50.876,-0.144,-5.558E-2
50.894,-0.144,-5.567E-2
50.912,-0.145,-5.546E-2
50.929,-0.145,-5.512E-2
50.947,-0.144,-5.528E-2
50.965,-0.144,-5.464E-2
50.982,-0.143,-5.618E-2
51.000,-0.144,-5.467E-2
51.017,-0.143,-5.651E-2
51.035,-0.143,-5.698E-2
51.053,-0.143,-5.621E-2
51.070,-0.143,-5.647E-2
51.088,-0.143,-5.728E-2
