,mass A,,
t,x,y,
0.000,-0.118,-4.519E-2
0.021,-0.117,-4.553E-2
0.041,-0.117,-4.704E-2
0.062,-0.116,-4.784E-2
0.083,-0.115,-4.652E-2
0.104,-0.115,-4.413E-2
0.124,-0.117,-3.859E-2
0.145,-0.117,-3.493E-2
0.166,-0.118,-3.116E-2
0.186,-0.118,-2.851E-2
0.207,-0.118,-2.770E-2
0.228,-0.118,-2.757E-2
0.248,-0.118,-2.703E-2
0.269,-0.118,-2.748E-2
0.290,-0.118,-2.824E-2
0.311,-0.117,-2.969E-2
0.331,-0.117,-3.193E-2
0.352,-0.116,-3.477E-2
0.373,-0.115,-3.751E-2
0.393,-0.114,-4.046E-2
0.414,-0.114,-4.418E-2
0.435,-0.112,-4.807E-2
0.456,-0.111,-5.248E-2
0.476,-0.110,-5.483E-2
0.497,-0.109,-5.431E-2
0.518,-0.111,-5.288E-2
0.538,-0.110,-5.031E-2
0.559,-0.111,-4.909E-2
0.580,-0.112,-4.791E-2
0.601,-0.112,-4.876E-2
0.621,-0.111,-4.927E-2
0.642,-0.114,-4.868E-2
0.663,-0.114,-4.756E-2
0.683,-0.115,-4.611E-2
0.704,-0.115,-4.491E-2
0.725,-0.116,-4.461E-2
0.745,-0.116,-4.546E-2
0.766,-0.116,-4.705E-2
0.787,-0.115,-4.964E-2
0.808,-0.114,-5.274E-2
0.828,-0.113,-5.542E-2
0.849,-0.114,-5.629E-2
0.870,-0.115,-5.675E-2
0.890,-0.115,-5.793E-2
0.911,-0.114,-5.942E-2
0.932,-0.113,-6.109E-2
0.953,-0.113,-6.333E-2
0.973,-0.112,-6.481E-2
0.994,-0.113,-6.303E-2
1.015,-0.113,-5.862E-2
1.035,-0.113,-5.303E-2
1.056,-0.115,-5.025E-2
1.077,-0.114,-4.754E-2
1.098,-0.114,-4.583E-2
1.118,-0.116,-4.459E-2
1.139,-0.117,-4.279E-2
1.160,-0.118,-4.183E-2
1.180,-0.118,-4.012E-2
1.201,-0.119,-4.013E-2
1.222,-0.119,-4.109E-2
1.242,-0.119,-4.299E-2
1.263,-0.118,-4.515E-2
1.284,-0.118,-4.488E-2
1.305,-0.119,-4.686E-2
1.325,-0.137,-4.987E-2
1.346,-0.138,-5.246E-2
1.367,-0.151,-4.938E-2
1.387,-0.137,-5.030E-2
1.408,-0.136,-4.969E-2
1.429,-0.125,-5.016E-2
1.450,-0.117,-4.923E-2
1.470,-0.118,-4.922E-2
1.491,-0.117,-4.918E-2
1.512,-0.117,-4.933E-2
1.532,-0.118,-4.918E-2
1.553,-0.117,-5.046E-2
1.574,-0.114,-5.210E-2
1.595,-0.114,-5.152E-2
1.615,-0.113,-5.619E-2
1.636,-0.115,-6.205E-2
1.657,-0.112,-6.388E-2
1.677,-0.112,-6.575E-2
1.698,-0.109,-6.418E-2
1.719,-0.112,-6.272E-2
1.739,-0.111,-6.099E-2
1.760,-0.110,-5.742E-2
1.781,-0.111,-5.433E-2
1.802,-0.111,-5.120E-2
1.822,-0.111,-4.956E-2
1.843,-0.112,-4.848E-2
1.864,-0.114,-4.808E-2
1.884,-0.113,-4.826E-2
1.905,-0.114,-4.870E-2
1.926,-0.115,-4.899E-2
1.947,-0.116,-4.785E-2
1.967,-0.115,-4.789E-2
1.988,-0.127,-5.080E-2
2.009,-0.118,-5.039E-2
2.029,-0.118,-5.226E-2
2.050,-0.117,-5.504E-2
2.071,-0.116,-5.869E-2
2.092,-0.115,-6.338E-2
2.112,-0.116,-7.008E-2
2.133,-0.115,-6.761E-2
2.154,-0.117,-5.920E-2
2.174,-0.115,-5.152E-2
2.195,-0.117,-4.304E-2
2.216,-0.114,-3.955E-2
2.236,-0.114,-3.571E-2
2.257,-0.116,-3.311E-2
2.278,-0.116,-3.265E-2
2.299,-0.116,-3.123E-2
2.319,-0.117,-3.200E-2
2.340,-0.117,-3.373E-2
2.361,-0.117,-3.832E-2
2.381,-0.116,-4.016E-2
2.402,-0.116,-4.379E-2
2.423,-0.115,-4.496E-2
2.444,-0.116,-4.403E-2
2.464,-0.116,-4.137E-2
2.485,-0.117,-3.933E-2
2.506,-0.118,-3.730E-2
2.526,-0.118,-3.584E-2
2.547,-0.118,-3.939E-2
2.568,-0.117,-3.942E-2
2.589,-0.116,-4.033E-2
2.609,-0.116,-4.287E-2
2.630,-0.116,-4.391E-2
2.651,-0.115,-4.490E-2
2.671,-0.115,-4.697E-2
2.692,-0.114,-4.675E-2
2.713,-0.115,-4.669E-2
2.733,-0.115,-4.743E-2
2.754,-0.115,-4.497E-2
2.775,-0.115,-4.563E-2
2.796,-0.115,-4.569E-2
2.816,-0.115,-4.598E-2
2.837,-0.115,-4.671E-2
2.858,-0.114,-4.749E-2
2.878,-0.114,-4.881E-2
2.899,-0.113,-5.030E-2
2.920,-0.113,-5.374E-2
2.941,-0.127,-6.024E-2
2.961,-0.113,-5.949E-2
2.982,-0.119,-6.560E-2
3.003,-0.113,-6.397E-2
3.023,-0.113,-6.475E-2
3.044,-0.113,-6.556E-2
3.065,-0.113,-6.659E-2
3.086,-0.113,-6.779E-2
3.106,-0.114,-6.846E-2
3.127,-0.114,-6.760E-2
3.148,-0.114,-6.554E-2
3.168,-0.114,-6.239E-2
3.189,-0.114,-5.901E-2
3.210,-0.115,-5.491E-2
3.230,-0.114,-5.220E-2
3.251,-0.115,-5.009E-2
3.272,-0.116,-4.752E-2
3.293,-0.117,-4.620E-2
3.313,-0.117,-4.424E-2
3.334,-0.118,-4.278E-2
3.355,-0.118,-4.201E-2
3.375,-0.117,-4.116E-2
3.396,-0.116,-4.134E-2
3.417,-0.116,-4.164E-2
3.438,-0.114,-4.248E-2
3.458,-0.114,-4.390E-2
3.479,-0.113,-4.518E-2
3.500,-0.114,-4.622E-2
3.520,-0.126,-5.532E-2
3.541,-0.136,-5.314E-2
3.562,-0.112,-4.814E-2
3.583,-0.112,-4.838E-2
3.603,-0.111,-4.593E-2
3.624,-0.112,-4.476E-2
3.645,-0.113,-4.215E-2
3.665,-0.113,-4.195E-2
3.686,-0.113,-3.862E-2
3.707,-0.114,-3.638E-2
3.727,-0.115,-3.381E-2
3.748,-0.115,-3.194E-2
3.769,-0.115,-3.207E-2
3.790,-0.115,-3.213E-2
3.810,-0.115,-3.398E-2
3.831,-0.113,-3.684E-2
3.852,-0.112,-3.939E-2
3.872,-0.112,-4.041E-2
3.893,-0.110,-4.319E-2
3.914,-0.109,-4.666E-2
3.935,-0.109,-4.758E-2
3.955,-0.110,-4.683E-2
3.976,-0.110,-4.663E-2
3.997,-0.111,-4.752E-2
4.017,-0.111,-5.037E-2
4.038,-0.111,-5.558E-2
4.059,-0.110,-6.299E-2
4.080,-0.110,-7.252E-2
4.100,-0.112,-7.473E-2
4.121,-0.111,-7.009E-2
4.142,-0.111,-6.496E-2
4.162,-0.110,-5.946E-2
4.183,-0.110,-5.488E-2
4.204,-0.110,-5.134E-2
4.224,-0.111,-4.925E-2
4.245,-0.112,-4.752E-2
4.266,-0.112,-4.763E-2
4.287,-0.112,-4.777E-2
4.307,-0.112,-4.931E-2
4.328,-0.112,-5.202E-2
4.349,-0.112,-5.475E-2
4.369,-0.111,-5.675E-2
4.390,-0.112,-5.953E-2
4.411,-0.118,-6.385E-2
4.432,-0.110,-6.402E-2
4.452,-0.112,-6.662E-2
4.473,-0.119,-7.364E-2
4.494,-0.111,-7.114E-2
4.514,-0.112,-7.161E-2
4.535,-0.112,-7.125E-2
4.556,-0.112,-7.011E-2
4.577,-0.112,-6.765E-2
4.597,-0.112,-6.565E-2
4.618,-0.112,-6.397E-2
4.639,-0.112,-6.315E-2
4.659,-0.112,-6.393E-2
4.680,-0.112,-6.466E-2
4.701,-0.112,-6.470E-2
4.721,-0.113,-6.312E-2
4.742,-0.113,-6.036E-2
4.763,-0.113,-5.755E-2
4.784,-0.113,-5.434E-2
4.804,-0.114,-5.211E-2
4.825,-0.114,-5.009E-2
4.846,-0.114,-4.797E-2
4.866,-0.113,-4.675E-2
4.887,-0.114,-4.662E-2
4.908,-0.114,-4.697E-2
4.929,-0.113,-4.745E-2
4.949,-0.114,-4.919E-2
4.970,-0.114,-4.936E-2
4.991,-0.115,-5.016E-2
5.011,-0.113,-4.862E-2
5.032,-0.113,-4.831E-2
5.053,-0.113,-4.785E-2
5.074,-0.114,-4.623E-2
5.094,-0.114,-4.297E-2
5.115,-0.113,-4.131E-2
5.136,-0.111,-3.865E-2
5.156,-0.109,-3.964E-2
5.177,-0.109,-4.050E-2
5.198,-0.112,-4.051E-2
5.218,-0.111,-4.308E-2
5.239,-0.111,-4.487E-2
5.260,-0.111,-4.817E-2
5.281,-0.111,-5.127E-2
5.301,-0.112,-5.223E-2
5.322,-0.112,-5.304E-2
5.343,-0.114,-5.560E-2
5.363,-0.115,-5.743E-2
5.384,-0.114,-6.033E-2
5.405,-0.115,-6.362E-2
5.426,-0.115,-6.479E-2
5.446,-0.115,-6.357E-2
5.467,-0.113,-6.194E-2
5.488,-0.113,-5.895E-2
5.508,-0.112,-5.576E-2
5.529,-0.114,-5.382E-2
5.550,-0.114,-5.324E-2
5.571,-0.118,-5.054E-2
5.591,-0.115,-5.283E-2
5.612,-0.115,-5.417E-2
5.633,-0.115,-5.651E-2
5.653,-0.113,-5.931E-2
5.674,-0.110,-6.264E-2
5.695,-0.123,-6.466E-2
5.715,-0.111,-6.605E-2
5.736,-0.111,-6.621E-2
5.757,-0.111,-6.564E-2
5.778,-0.111,-6.364E-2
5.798,-0.112,-6.199E-2
5.819,-0.112,-5.946E-2
5.840,-0.113,-5.618E-2
5.860,-0.113,-5.354E-2
5.881,-0.113,-5.189E-2
5.902,-0.114,-5.070E-2
5.923,-0.114,-5.018E-2
5.943,-0.113,-4.896E-2
5.964,-0.114,-4.850E-2
5.985,-0.114,-4.940E-2
6.005,-0.114,-5.189E-2
6.026,-0.112,-5.473E-2
6.047,-0.112,-5.841E-2
6.068,-0.113,-6.207E-2
6.088,-0.113,-6.320E-2
6.109,-0.113,-6.289E-2
6.130,-0.113,-6.117E-2
6.150,-0.112,-5.923E-2
6.171,-0.112,-5.666E-2
6.192,-0.113,-5.468E-2
6.212,-0.114,-5.248E-2
6.233,-0.114,-5.093E-2
6.254,-0.114,-4.916E-2
6.275,-0.115,-4.809E-2
6.295,-0.115,-4.742E-2
6.316,-0.116,-4.695E-2
6.337,-0.116,-4.677E-2
6.357,-0.117,-4.665E-2
6.378,-0.118,-4.752E-2
6.399,-0.117,-4.744E-2
6.420,-0.119,-4.864E-2
6.440,-0.121,-4.830E-2
6.461,-0.121,-4.954E-2
6.482,-0.118,-5.047E-2
6.502,-0.131,-5.980E-2
6.523,-0.144,-6.324E-2
6.544,-0.158,-6.363E-2
6.565,-0.161,-5.936E-2
6.585,-0.162,-5.566E-2
6.606,-0.155,-5.674E-2
6.627,-0.145,-5.246E-2
6.647,-0.131,-5.677E-2
6.668,-0.117,-5.734E-2
6.689,-0.113,-5.522E-2
6.709,-0.113,-5.408E-2
6.730,-0.114,-5.131E-2
6.751,-0.113,-5.252E-2
6.772,-0.113,-5.209E-2
6.792,-0.112,-5.195E-2
6.813,-0.114,-5.435E-2
6.834,-0.112,-5.756E-2
6.854,-0.113,-6.082E-2
6.875,-0.113,-6.420E-2
6.896,-0.111,-7.015E-2
6.917,-0.115,-7.483E-2
6.937,-0.113,-7.674E-2
6.958,-0.113,-7.763E-2
6.979,-0.114,-7.559E-2
6.999,-0.114,-7.202E-2
7.020,-0.114,-6.687E-2
7.041,-0.114,-6.243E-2
7.062,-0.113,-5.753E-2
7.082,-0.113,-5.228E-2
7.103,-0.111,-4.800E-2
7.124,-0.112,-4.693E-2
7.144,-0.112,-4.572E-2
7.165,-0.112,-4.492E-2
7.186,-0.115,-4.618E-2
7.206,-0.115,-4.582E-2
7.227,-0.115,-4.598E-2
7.248,-0.115,-4.674E-2
7.269,-0.115,-4.800E-2
7.289,-0.113,-4.980E-2
7.310,-0.112,-5.202E-2
7.331,-0.111,-5.311E-2
7.351,-0.113,-5.508E-2
7.372,-0.113,-5.534E-2
7.393,-0.113,-5.393E-2
7.414,-0.113,-5.292E-2
7.434,-0.111,-5.124E-2
7.455,-0.111,-5.192E-2
7.476,-0.110,-5.038E-2
7.496,-0.112,-5.111E-2
7.517,-0.112,-4.931E-2
7.538,-0.113,-4.582E-2
7.559,-0.112,-4.330E-2
7.579,-0.113,-4.328E-2
7.600,-0.113,-4.336E-2
7.621,-0.114,-4.383E-2
7.641,-0.113,-4.402E-2
7.662,-0.113,-4.581E-2
7.683,-0.114,-5.034E-2
7.703,-0.114,-5.396E-2
7.724,-0.114,-5.763E-2
7.745,-0.115,-6.009E-2
7.766,-0.126,-6.269E-2
7.786,-0.116,-6.298E-2
7.807,-0.116,-6.417E-2
7.828,-0.115,-6.467E-2
7.848,-0.115,-6.466E-2
7.869,-0.114,-6.145E-2
7.890,-0.114,-5.835E-2
7.911,-0.115,-5.557E-2
7.931,-0.115,-5.311E-2
7.952,-0.116,-5.064E-2
7.973,-0.115,-4.922E-2
7.993,-0.117,-4.874E-2
8.014,-0.118,-4.915E-2
8.035,-0.115,-4.919E-2
8.056,-0.118,-5.099E-2
8.076,-0.117,-5.202E-2
8.097,-0.115,-5.208E-2
8.118,-0.115,-5.371E-2
8.138,-0.117,-5.551E-2
8.159,-0.117,-5.734E-2
8.180,-0.131,-6.357E-2
8.200,-0.132,-6.850E-2
8.221,-0.134,-7.157E-2
8.242,-0.119,-7.349E-2
8.263,-0.113,-7.582E-2
8.283,-0.115,-7.750E-2
8.304,-0.115,-7.605E-2
8.325,-0.114,-7.382E-2
8.345,-0.114,-7.031E-2
8.366,-0.114,-6.673E-2
8.387,-0.113,-6.354E-2
8.408,-0.112,-6.060E-2
8.428,-0.112,-5.940E-2
8.449,-0.111,-5.882E-2
8.470,-0.111,-5.844E-2
8.490,-0.110,-5.755E-2
8.511,-0.112,-5.739E-2
8.532,-0.112,-5.657E-2
8.553,-0.112,-5.566E-2
8.573,-0.114,-5.406E-2
8.594,-0.114,-5.280E-2
8.615,-0.114,-5.147E-2
8.635,-0.114,-5.078E-2
8.656,-0.115,-5.010E-2
8.677,-0.115,-4.938E-2
8.697,-0.115,-4.865E-2
8.718,-0.116,-4.826E-2
8.739,-0.117,-4.756E-2
8.760,-0.117,-4.737E-2
8.780,-0.118,-4.661E-2
8.801,-0.119,-4.658E-2
8.822,-0.118,-4.684E-2
8.842,-0.119,-4.736E-2
8.863,-0.119,-4.771E-2
8.884,-0.119,-4.771E-2
8.905,-0.118,-4.824E-2
8.925,-0.117,-4.923E-2
8.946,-0.115,-4.992E-2
8.967,-0.114,-5.055E-2
8.987,-0.114,-5.242E-2
9.008,-0.113,-5.319E-2
9.029,-0.113,-5.502E-2
9.050,-0.114,-5.481E-2
9.070,-0.115,-5.203E-2
9.091,-0.115,-4.756E-2
9.112,-0.114,-4.398E-2
9.132,-0.112,-4.219E-2
9.153,-0.112,-4.112E-2
9.174,-0.112,-3.966E-2
9.194,-0.113,-3.773E-2
9.215,-0.114,-3.586E-2
9.236,-0.115,-3.406E-2
9.257,-0.113,-3.398E-2
9.277,-0.115,-3.553E-2
9.298,-0.113,-3.555E-2
9.319,-0.113,-3.657E-2
9.339,-0.113,-3.797E-2
9.360,-0.112,-3.942E-2
9.381,-0.112,-4.306E-2
9.402,-0.113,-4.656E-2
9.422,-0.114,-4.699E-2
9.443,-0.114,-4.585E-2
9.464,-0.113,-4.761E-2
9.484,-0.115,-5.042E-2
9.505,-0.116,-5.244E-2
9.526,-0.116,-5.251E-2
9.547,-0.117,-5.260E-2
9.567,-0.116,-5.353E-2
9.588,-0.115,-5.388E-2
9.609,-0.116,-5.507E-2
9.629,-0.115,-5.576E-2
9.650,-0.115,-5.560E-2
9.671,-0.116,-5.584E-2
9.691,-0.116,-5.575E-2
9.712,-0.115,-5.614E-2
9.733,-0.115,-5.638E-2
9.754,-0.115,-5.678E-2
9.774,-0.115,-5.718E-2
9.795,-0.114,-5.709E-2
9.816,-0.113,-5.744E-2
9.836,-0.113,-5.654E-2
9.857,-0.112,-5.519E-2
9.878,-0.112,-5.374E-2
9.899,-0.112,-5.190E-2
9.919,-0.112,-4.996E-2
9.940,-0.112,-4.772E-2
9.961,-0.114,-4.617E-2
9.981,-0.113,-4.622E-2
10.002,-0.112,-4.209E-2
10.023,-0.113,-4.289E-2
10.044,-0.113,-4.111E-2
10.064,-0.113,-4.025E-2
10.085,-0.114,-3.680E-2
10.106,-0.114,-3.669E-2
10.126,-0.115,-3.755E-2
10.147,-0.115,-3.772E-2
10.168,-0.117,-3.936E-2
10.188,-0.117,-4.122E-2
10.209,-0.116,-3.947E-2
10.230,-0.118,-4.038E-2
10.251,-0.118,-4.117E-2
10.271,-0.119,-4.195E-2
10.292,-0.120,-4.397E-2
10.313,-0.120,-4.665E-2
10.333,-0.120,-5.020E-2
10.354,-0.120,-5.377E-2
10.375,-0.119,-5.650E-2
10.396,-0.120,-5.888E-2
10.416,-0.119,-6.001E-2
10.437,-0.120,-6.085E-2
10.458,-0.120,-5.916E-2
10.478,-0.119,-5.567E-2
10.499,-0.119,-5.298E-2
10.520,-0.119,-4.821E-2
10.541,-0.120,-4.098E-2
10.561,-0.120,-3.567E-2
10.582,-0.122,-3.622E-2
10.603,,
10.623,-0.123,-5.073E-2
10.644,-0.121,-6.089E-2
10.665,-0.118,-6.944E-2
10.685,-0.116,-7.827E-2
10.706,-0.116,-8.545E-2
10.727,-0.118,-9.046E-2
10.748,-0.119,-8.913E-2
10.768,-0.119,-8.055E-2
10.789,-0.118,-7.409E-2
10.810,-0.117,-6.757E-2
10.830,-0.116,-6.204E-2
10.851,-0.115,-5.838E-2
10.872,-0.114,-5.555E-2
10.893,-0.115,-5.465E-2
10.913,-0.116,-5.476E-2
10.934,-0.116,-5.479E-2
10.955,-0.115,-5.668E-2
10.975,-0.116,-5.827E-2
10.996,-0.117,-5.985E-2
11.017,-0.115,-6.033E-2
11.038,-0.115,-6.121E-2
11.058,-0.115,-6.309E-2
11.079,-0.115,-6.652E-2
11.100,-0.115,-6.850E-2
11.120,-0.116,-6.751E-2
11.141,-0.116,-6.472E-2
11.162,-0.116,-6.123E-2
11.182,-0.115,-5.948E-2
11.203,-0.115,-5.842E-2
11.224,-0.113,-5.851E-2
11.245,-0.114,-6.096E-2
11.265,-0.114,-6.300E-2
11.286,-0.115,-6.222E-2
11.307,-0.116,-6.111E-2
11.327,-0.115,-5.942E-2
11.348,-0.114,-5.855E-2
11.369,-0.113,-5.771E-2
11.390,-0.114,-6.034E-2
11.410,-0.114,-5.848E-2
11.431,-0.115,-5.660E-2
11.452,-0.116,-5.377E-2
11.472,-0.117,-5.203E-2
11.493,-0.117,-4.937E-2
11.514,-0.117,-4.838E-2
11.535,-0.117,-4.575E-2
11.555,-0.116,-4.490E-2
11.576,-0.115,-4.571E-2
11.597,-0.117,-4.878E-2
11.617,-0.117,-4.552E-2
11.638,-0.119,-4.124E-2
11.659,-0.119,-3.744E-2
11.679,-0.120,-3.489E-2
11.700,-0.120,-3.383E-2
11.721,-0.119,-3.389E-2
11.742,-0.119,-3.306E-2
11.762,-0.120,-3.303E-2
11.783,-0.121,-3.372E-2
11.804,-0.121,-3.384E-2
11.824,-0.123,-3.475E-2
11.845,-0.122,-3.648E-2
11.866,-0.123,-4.006E-2
11.887,-0.124,-4.164E-2
11.907,-0.121,-4.023E-2
11.928,-0.122,-4.498E-2
11.949,-0.121,-4.660E-2
11.969,-0.120,-4.752E-2
11.990,-0.120,-4.831E-2
12.011,-0.121,-4.910E-2
12.032,-0.120,-4.973E-2
12.052,-0.120,-4.964E-2
12.073,-0.119,-4.826E-2
12.094,-0.120,-4.554E-2
12.114,-0.118,-4.608E-2
12.135,-0.117,-4.786E-2
12.156,-0.114,-4.914E-2
12.176,-0.114,-5.025E-2
12.197,-0.113,-4.854E-2
12.218,-0.111,-4.679E-2
12.239,-0.113,-4.407E-2
12.259,-0.113,-4.227E-2
12.280,-0.113,-3.936E-2
12.301,-0.114,-3.660E-2
12.321,-0.115,-3.393E-2
12.342,-0.117,-3.208E-2
12.363,-0.115,-3.191E-2
12.384,-0.115,-3.133E-2
12.404,-0.114,-3.124E-2
12.425,-0.115,-3.198E-2
12.446,-0.114,-3.220E-2
12.466,-0.114,-3.239E-2
12.487,-0.113,-3.281E-2
12.508,-0.114,-3.232E-2
12.529,-0.114,-3.229E-2
12.549,-0.114,-3.318E-2
12.570,-0.114,-3.400E-2
12.591,-0.115,-3.408E-2
12.611,-0.114,-3.391E-2
12.632,-0.115,-3.319E-2
12.653,-0.116,-3.302E-2
12.673,-0.116,-3.277E-2
12.694,-0.118,-3.224E-2
12.715,-0.118,-3.217E-2
12.736,-0.121,-3.220E-2
12.756,-0.121,-3.310E-2
12.777,-0.121,-3.567E-2
12.798,-0.120,-3.668E-2
12.818,-0.122,-3.761E-2
12.839,-0.122,-3.913E-2
12.860,-0.121,-4.103E-2
12.881,-0.122,-4.285E-2
12.901,-0.122,-4.469E-2
12.922,-0.122,-4.637E-2
12.943,-0.120,-4.747E-2
12.963,-0.120,-4.924E-2
12.984,-0.119,-5.028E-2
13.005,-0.120,-5.201E-2
13.026,-0.120,-5.210E-2
13.046,-0.120,-5.276E-2
13.067,-0.121,-5.203E-2
13.088,-0.122,-5.122E-2
13.108,-0.122,-5.114E-2
13.129,-0.123,-5.110E-2
13.150,-0.124,-5.119E-2
13.170,-0.124,-5.207E-2
13.191,-0.123,-5.302E-2
13.212,-0.123,-5.396E-2
13.233,-0.122,-5.476E-2
13.253,-0.121,-5.828E-2
13.274,-0.121,-5.827E-2
13.295,-0.120,-5.826E-2
13.315,-0.120,-5.840E-2
13.336,-0.119,-5.848E-2
13.357,-0.119,-5.837E-2
13.378,-0.119,-5.845E-2
13.398,-0.120,-5.837E-2
13.419,-0.119,-5.895E-2
13.440,-0.120,-5.929E-2
13.460,-0.119,-5.938E-2
13.481,-0.119,-5.941E-2
13.502,-0.119,-5.917E-2
13.523,-0.118,-5.935E-2
13.543,-0.116,-5.944E-2
13.564,-0.117,-5.948E-2
13.585,-0.115,-6.029E-2
13.605,-0.116,-5.942E-2
13.626,-0.116,-5.834E-2
13.647,-0.115,-5.641E-2
13.667,-0.116,-5.456E-2
13.688,-0.116,-5.204E-2
13.709,-0.116,-5.033E-2
13.730,-0.116,-4.921E-2
13.750,-0.116,-4.751E-2
13.771,-0.116,-4.581E-2
13.792,-0.116,-4.409E-2
13.812,-0.116,-4.305E-2
13.833,-0.116,-4.215E-2
13.854,-0.117,-4.121E-2
13.875,-0.118,-4.031E-2
13.895,-0.119,-3.845E-2
13.916,-0.120,-3.752E-2
13.937,-0.120,-3.676E-2
13.957,-0.120,-3.674E-2
13.978,-0.121,-3.725E-2
13.999,-0.121,-3.738E-2
14.020,-0.122,-3.754E-2
14.040,-0.121,-3.757E-2
14.061,-0.122,-3.753E-2
14.082,-0.123,-3.711E-2
14.102,-0.123,-3.651E-2
14.123,-0.124,-3.628E-2
14.144,-0.124,-3.650E-2
14.164,-0.122,-3.733E-2
14.185,-0.122,-3.830E-2
14.206,-0.124,-3.821E-2
14.227,-0.124,-3.758E-2
14.247,-0.126,-3.757E-2
14.268,-0.126,-4.092E-2
14.289,-0.125,-4.193E-2
14.309,-0.126,-4.102E-2
14.330,-0.125,-4.170E-2
14.351,-0.125,-4.206E-2
14.372,-0.126,-4.555E-2
14.392,-0.125,-4.679E-2
14.413,-0.123,-4.651E-2
14.434,-0.123,-4.969E-2
14.454,-0.123,-5.103E-2
14.475,-0.121,-5.241E-2
14.496,-0.120,-5.366E-2
14.517,-0.121,-5.284E-2
14.537,-0.119,-5.387E-2
14.558,-0.120,-5.386E-2
14.579,-0.122,-5.379E-2
14.599,-0.122,-5.375E-2
14.620,-0.122,-5.394E-2
14.641,-0.121,-5.558E-2
14.661,-0.121,-5.740E-2
14.682,-0.122,-5.813E-2
14.703,-0.122,-5.849E-2
14.724,-0.121,-5.917E-2
14.744,-0.122,-5.849E-2
14.765,-0.121,-5.838E-2
14.786,-0.122,-5.752E-2
14.806,-0.122,-5.731E-2
14.827,-0.121,-5.663E-2
14.848,-0.120,-5.640E-2
14.869,-0.120,-5.668E-2
14.889,-0.120,-5.828E-2
14.910,-0.119,-5.945E-2
14.931,-0.117,-6.122E-2
14.951,-0.116,-6.221E-2
14.972,-0.114,-6.307E-2
14.993,-0.113,-6.312E-2
15.014,-0.113,-6.131E-2
15.034,-0.112,-5.764E-2
15.055,-0.112,-5.469E-2
15.076,-0.113,-5.024E-2
15.096,-0.112,-4.773E-2
15.117,-0.111,-4.582E-2
15.138,-0.111,-4.316E-2
15.158,-0.110,-4.054E-2
15.179,-0.110,-3.768E-2
15.200,-0.110,-3.401E-2
15.221,-0.110,-3.145E-2
15.241,-0.109,-2.957E-2
15.262,-0.110,-2.869E-2
15.283,-0.108,-2.934E-2
15.303,-0.108,-3.037E-2
15.324,-0.108,-3.214E-2
15.345,-0.110,-3.233E-2
15.366,-0.110,-3.226E-2
15.386,-0.109,-3.203E-2
15.407,-0.110,-3.123E-2
15.428,-0.110,-3.130E-2
15.448,-0.111,-3.307E-2
15.469,-0.110,-3.578E-2
15.490,-0.110,-3.944E-2
15.511,-0.108,-4.497E-2
15.531,-0.107,-5.042E-2
15.552,-0.106,-5.387E-2
15.573,-0.105,-5.663E-2
15.593,-0.104,-6.025E-2
15.614,-0.104,-6.135E-2
15.635,-0.105,-5.931E-2
15.655,-0.106,-5.463E-2
15.676,-0.107,-4.860E-2
15.697,-0.107,-4.296E-2
15.718,-0.108,-3.777E-2
15.738,-0.109,-3.229E-2
15.759,-0.108,-2.932E-2
15.780,-0.109,-2.773E-2
15.800,-0.108,-2.868E-2
15.821,-0.109,-3.127E-2
15.842,-0.109,-3.401E-2
15.863,-0.109,-3.600E-2
15.883,-0.109,-3.762E-2
15.904,-0.108,-4.117E-2
15.925,-0.107,-4.621E-2
15.945,-0.105,-5.246E-2
15.966,-0.106,-5.417E-2
15.987,-0.107,-5.032E-2
16.008,-0.107,-4.288E-2
16.028,-0.107,-3.645E-2
16.049,-0.107,-3.212E-2
16.070,-0.108,-2.926E-2
16.090,-0.108,-2.760E-2
16.111,-0.110,-2.677E-2
16.132,-0.111,-2.685E-2
16.152,-0.111,-2.847E-2
16.173,-0.114,-2.900E-2
16.194,-0.115,-3.193E-2
16.215,-0.115,-3.197E-2
16.235,-0.116,-3.373E-2
16.256,-0.115,-3.838E-2
16.277,-0.114,-4.219E-2
16.297,-0.114,-4.534E-2
16.318,-0.112,-4.738E-2
16.339,-0.111,-4.758E-2
16.360,-0.111,-4.619E-2
16.380,-0.110,-4.500E-2
16.401,-0.109,-4.322E-2
16.422,-0.109,-4.272E-2
16.442,-0.108,-4.442E-2
16.463,-0.108,-4.763E-2
16.484,-0.108,-4.955E-2
16.505,-0.107,-5.141E-2
16.525,-0.111,-5.744E-2
16.546,-0.108,-5.774E-2
16.567,-0.107,-6.122E-2
16.587,-0.107,-6.414E-2
16.608,-0.109,-6.837E-2
16.629,-0.111,-7.286E-2
16.649,-0.109,-7.133E-2
16.670,-0.109,-7.333E-2
16.691,-0.110,-7.344E-2
16.712,-0.109,-7.319E-2
16.732,-0.110,-7.294E-2
16.753,-0.110,-7.223E-2
16.774,-0.110,-7.177E-2
16.794,-0.111,-6.994E-2
16.815,-0.112,-6.779E-2
16.836,-0.110,-6.417E-2
16.857,-0.112,-6.281E-2
16.877,-0.111,-6.083E-2
16.898,-0.112,-5.889E-2
16.919,-0.114,-6.303E-2
16.939,-0.114,-6.190E-2
16.960,-0.114,-6.115E-2
16.981,-0.115,-6.035E-2
17.002,-0.111,-5.542E-2
17.022,-0.114,-5.976E-2
17.043,-0.110,-5.552E-2
17.064,-0.111,-5.597E-2
17.084,-0.111,-5.695E-2
17.105,-0.110,-5.685E-2
17.126,-0.110,-5.848E-2
17.146,-0.110,-5.870E-2
17.167,-0.111,-5.859E-2
17.188,-0.111,-5.900E-2
17.209,-0.119,-6.168E-2
17.229,-0.111,-5.688E-2
17.250,-0.111,-5.591E-2
17.271,-0.111,-5.507E-2
17.291,-0.111,-5.302E-2
17.312,-0.112,-5.021E-2
17.333,-0.112,-4.670E-2
17.354,-0.113,-4.412E-2
17.374,-0.113,-4.227E-2
17.395,-0.113,-4.140E-2
17.416,-0.113,-4.140E-2
17.436,-0.112,-4.207E-2
17.457,-0.111,-4.435E-2
17.478,-0.109,-4.693E-2
17.499,-0.108,-5.130E-2
17.519,-0.108,-5.399E-2
17.540,-0.109,-5.325E-2
17.561,-0.109,-5.134E-2
17.581,-0.108,-4.756E-2
17.602,-0.108,-4.322E-2
17.623,-0.107,-4.041E-2
17.643,-0.109,-3.868E-2
17.664,-0.110,-3.852E-2
17.685,-0.112,-3.669E-2
17.706,-0.113,-3.487E-2
17.726,-0.114,-3.378E-2
17.747,-0.115,-3.312E-2
17.768,-0.128,-4.437E-2
17.788,-0.115,-3.394E-2
17.809,-0.115,-3.562E-2
17.830,-0.115,-3.935E-2
17.851,-0.115,-4.304E-2
17.871,-0.115,-4.667E-2
17.892,-0.116,-5.162E-2
17.913,-0.116,-5.443E-2
17.933,-0.114,-5.740E-2
17.954,-0.117,-6.558E-2
17.975,-0.115,-6.767E-2
17.996,-0.118,-7.192E-2
18.016,-0.132,-7.924E-2
18.037,-0.144,-8.327E-2
18.058,-0.139,-8.290E-2
18.078,-0.134,-8.276E-2
18.099,-0.119,-8.577E-2
18.120,-0.115,-8.486E-2
18.140,-0.116,-8.071E-2
18.161,-0.116,-7.663E-2
18.182,-0.115,-7.152E-2
18.203,-0.114,-6.457E-2
18.223,-0.115,-5.825E-2
18.244,-0.112,-5.155E-2
18.265,-0.112,-4.575E-2
18.285,-0.112,-4.331E-2
18.306,-0.116,-4.257E-2
18.327,-0.116,-4.225E-2
18.348,-0.116,-4.259E-2
18.368,-0.116,-4.366E-2
18.389,-0.116,-4.577E-2
18.410,-0.114,-4.896E-2
18.430,-0.113,-5.128E-2
18.451,-0.112,-5.378E-2
18.472,-0.111,-5.581E-2
18.493,-0.110,-6.007E-2
18.513,-0.109,-6.438E-2
18.534,-0.110,-6.866E-2
18.555,-0.111,-7.118E-2
18.575,-0.108,-6.868E-2
18.596,-0.108,-6.670E-2
18.617,-0.108,-6.381E-2
18.637,-0.110,-6.212E-2
18.658,-0.110,-5.893E-2
18.679,-0.111,-5.623E-2
18.700,-0.110,-5.297E-2
18.720,-0.109,-5.025E-2
18.741,-0.112,-4.753E-2
18.762,-0.112,-4.737E-2
18.782,-0.111,-4.557E-2
18.803,-0.112,-4.721E-2
18.824,-0.110,-4.788E-2
18.845,-0.119,-4.635E-2
18.865,-0.111,-4.235E-2
18.886,-0.113,-4.558E-2
18.907,-0.112,-4.836E-2
18.927,-0.112,-5.175E-2
18.948,-0.112,-5.417E-2
18.969,-0.111,-5.346E-2
18.990,-0.111,-5.320E-2
19.010,-0.112,-5.386E-2
19.031,-0.111,-5.575E-2
19.052,-0.111,-5.860E-2
19.072,-0.112,-6.013E-2
19.093,-0.112,-5.962E-2
19.114,-0.112,-5.859E-2
19.134,-0.112,-5.688E-2
19.155,-0.112,-5.382E-2
19.176,-0.112,-5.225E-2
19.197,-0.112,-5.219E-2
19.217,-0.113,-5.293E-2
19.238,-0.113,-5.480E-2
19.259,-0.113,-5.588E-2
19.279,-0.114,-5.730E-2
19.300,-0.114,-5.676E-2
19.321,-0.114,-5.557E-2
19.342,-0.115,-5.481E-2
19.362,-0.115,-5.582E-2
19.383,-0.115,-5.584E-2
19.404,-0.114,-5.736E-2
19.424,-0.115,-5.840E-2
19.445,-0.114,-5.739E-2
19.466,-0.115,-5.657E-2
19.487,-0.115,-5.588E-2
19.507,-0.115,-5.643E-2
19.528,-0.114,-5.746E-2
19.549,-0.114,-6.066E-2
19.569,-0.114,-6.312E-2
19.590,-0.114,-6.481E-2
19.611,-0.115,-6.193E-2
19.631,-0.115,-5.611E-2
19.652,-0.129,-5.073E-2
19.673,-0.117,-6.096E-2
19.694,-0.117,-6.126E-2
19.714,-0.119,-6.052E-2
19.735,-0.118,-6.088E-2
19.756,-0.117,-6.357E-2
19.776,-0.116,-6.399E-2
19.797,-0.115,-6.569E-2
19.818,-0.114,-6.412E-2
19.839,-0.114,-5.827E-2
19.859,-0.112,-5.164E-2
19.880,-0.114,-4.554E-2
19.901,-0.119,-5.112E-2
19.921,-0.127,-4.895E-2
19.942,-0.133,-4.460E-2
19.963,-0.132,-4.958E-2
19.984,-0.145,-5.570E-2
20.004,-0.151,-6.038E-2
20.025,-0.137,-6.094E-2
20.046,-0.137,-6.227E-2
20.066,-0.113,-6.497E-2
20.087,-0.113,-6.499E-2
20.108,-0.113,-6.226E-2
20.128,-0.113,-5.849E-2
20.149,-0.112,-5.338E-2
20.170,-0.112,-5.113E-2
20.191,-0.112,-5.113E-2
20.211,-0.120,-5.504E-2
20.232,-0.119,-5.405E-2
20.253,-0.113,-4.877E-2
20.273,-0.116,-5.238E-2
20.294,-0.112,-5.588E-2
20.315,-0.113,-5.734E-2
20.336,-0.112,-5.746E-2
20.356,-0.112,-5.388E-2
20.377,-0.112,-4.939E-2
20.398,-0.112,-4.587E-2
20.418,-0.112,-3.778E-2
20.439,-0.116,-4.469E-2
20.460,-0.120,-5.078E-2
20.481,-0.120,-4.928E-2
20.501,-0.119,-4.118E-2
20.522,-0.120,-4.453E-2
20.543,-0.119,-4.929E-2
20.563,-0.122,-5.490E-2
20.584,-0.114,-6.036E-2
20.605,-0.114,-6.431E-2
20.625,-0.114,-6.358E-2
20.646,-0.113,-5.855E-2
20.667,-0.114,-5.423E-2
20.688,-0.114,-5.332E-2
20.708,-0.113,-4.952E-2
20.729,-0.113,-4.828E-2
20.750,-0.116,-4.698E-2
20.770,-0.117,-4.609E-2
20.791,-0.117,-4.620E-2
20.812,-0.117,-4.727E-2
20.833,-0.117,-5.398E-2
20.853,-0.114,-5.059E-2
20.874,-0.114,-5.271E-2
20.895,-0.116,-5.411E-2
20.915,-0.115,-5.472E-2
20.936,-0.116,-5.553E-2
20.957,-0.117,-5.465E-2
20.978,-0.115,-5.557E-2
20.998,-0.113,-5.045E-2
21.019,-0.115,-5.366E-2
21.040,-0.116,-5.262E-2
21.060,-0.115,-5.419E-2
21.081,-0.114,-5.619E-2
21.102,-0.114,-5.919E-2
21.122,-0.113,-5.799E-2
21.143,-0.113,-6.433E-2
21.164,-0.113,-6.369E-2
21.185,-0.112,-6.266E-2
21.205,-0.115,-5.930E-2
21.226,-0.116,-5.750E-2
21.247,-0.116,-5.658E-2
21.267,-0.113,-5.697E-2
21.288,-0.113,-5.647E-2
21.309,-0.113,-5.551E-2
21.330,-0.115,-5.854E-2
21.350,-0.118,-5.695E-2
21.371,-0.118,-5.644E-2
21.392,-0.114,-5.577E-2
21.412,-0.114,-5.528E-2
21.433,-0.114,-5.548E-2
21.454,-0.114,-5.551E-2
21.475,-0.118,-5.579E-2
21.495,-0.114,-5.625E-2
21.516,-0.114,-5.743E-2
21.537,-0.115,-6.108E-2
21.557,-0.117,-6.186E-2
21.578,-0.116,-6.395E-2
21.599,-0.115,-6.534E-2
21.619,-0.114,-6.647E-2
21.640,-0.114,-6.724E-2
21.661,-0.114,-6.726E-2
21.682,-0.113,-6.726E-2
21.702,-0.112,-6.704E-2
21.723,-0.113,-6.409E-2
21.744,-0.111,-6.250E-2
21.764,-0.112,-6.018E-2
21.785,-0.113,-5.774E-2
21.806,-0.113,-5.535E-2
21.827,-0.113,-5.207E-2
21.847,-0.114,-4.970E-2
21.868,-0.115,-4.797E-2
21.889,-0.114,-4.480E-2
21.909,-0.115,-4.280E-2
21.930,-0.113,-3.960E-2
21.951,-0.114,-3.863E-2
21.972,-0.116,-4.146E-2
21.992,-0.114,-4.211E-2
22.013,-0.114,-4.223E-2
22.034,-0.115,-4.542E-2
22.054,-0.115,-4.847E-2
22.075,-0.114,-5.295E-2
22.096,-0.114,-5.797E-2
22.116,-0.113,-5.979E-2
22.137,-0.115,-6.010E-2
22.158,-0.115,-5.644E-2
22.179,-0.115,-5.524E-2
22.199,-0.115,-5.403E-2
22.220,-0.115,-5.433E-2
22.241,-0.115,-5.400E-2
22.261,-0.116,-5.430E-2
22.282,-0.115,-5.301E-2
22.303,-0.114,-5.284E-2
22.324,-0.114,-5.277E-2
22.344,-0.115,-5.603E-2
22.365,-0.129,-6.188E-2
22.386,-0.118,-6.481E-2
22.406,-0.111,-6.508E-2
22.427,-0.111,-6.577E-2
22.448,-0.111,-6.547E-2
22.469,-0.112,-6.444E-2
22.489,-0.114,-6.238E-2
22.510,-0.112,-6.045E-2
22.531,-0.112,-5.954E-2
22.551,-0.112,-5.927E-2
22.572,-0.115,-6.017E-2
22.593,-0.114,-5.652E-2
22.613,-0.117,-5.856E-2
22.634,-0.129,-5.847E-2
22.655,-0.118,-5.857E-2
22.676,-0.114,-6.119E-2
22.696,-0.117,-5.947E-2
22.717,-0.117,-5.860E-2
22.738,-0.116,-5.941E-2
22.758,-0.116,-5.734E-2
22.779,-0.119,-5.531E-2
22.800,-0.115,-5.514E-2
22.821,-0.115,-5.325E-2
22.841,-0.115,-5.202E-2
22.862,-0.115,-5.067E-2
22.883,-0.117,-4.700E-2
22.903,-0.117,-4.684E-2
22.924,-0.118,-4.599E-2
22.945,-0.118,-4.614E-2
22.966,-0.117,-4.646E-2
22.986,-0.117,-4.433E-2
23.007,-0.117,-4.408E-2
23.028,-0.119,-4.617E-2
23.048,-0.118,-4.671E-2
23.069,-0.115,-4.591E-2
23.090,-0.115,-4.752E-2
23.110,-0.115,-4.945E-2
23.131,-0.114,-5.118E-2
23.152,-0.113,-4.868E-2
23.173,-0.113,-4.577E-2
23.193,-0.112,-4.043E-2
23.214,-0.112,-3.587E-2
23.235,-0.113,-3.223E-2
23.255,-0.114,-2.853E-2
23.276,-0.115,-2.684E-2
23.297,-0.116,-2.767E-2
23.318,-0.116,-2.952E-2
23.338,-0.114,-3.299E-2
23.359,-0.113,-3.968E-2
23.380,-0.112,-4.629E-2
23.400,-0.111,-5.290E-2
23.421,-0.112,-5.817E-2
23.442,-0.109,-6.416E-2
23.463,-0.111,-6.589E-2
23.483,-0.112,-7.556E-2
23.504,-0.111,-7.101E-2
23.525,-0.112,-6.747E-2
23.545,-0.112,-6.223E-2
23.566,-0.113,-5.749E-2
23.587,-0.113,-5.383E-2
23.607,-0.113,-5.016E-2
23.628,-0.113,-4.672E-2
23.649,-0.113,-4.503E-2
23.670,-0.113,-4.592E-2
23.690,-0.114,-4.674E-2
23.711,-0.113,-4.596E-2
23.732,-0.113,-4.585E-2
23.752,-0.112,-4.579E-2
23.773,-0.113,-4.590E-2
23.794,-0.115,-4.959E-2
23.815,-0.114,-4.865E-2
23.835,-0.114,-4.937E-2
23.856,-0.112,-5.016E-2
23.877,-0.111,-5.229E-2
23.897,-0.111,-5.325E-2
23.918,-0.111,-5.405E-2
23.939,-0.111,-5.396E-2
23.960,-0.111,-5.319E-2
23.980,-0.113,-5.234E-2
24.001,-0.114,-5.082E-2
24.022,-0.115,-5.235E-2
24.042,-0.116,-5.274E-2
24.063,-0.115,-5.031E-2
24.084,-0.115,-4.686E-2
24.104,-0.115,-4.343E-2
24.125,-0.113,-4.064E-2
24.146,-0.115,-3.979E-2
24.167,-0.113,-3.506E-2
24.187,-0.114,-3.398E-2
24.208,-0.115,-3.307E-2
24.229,-0.115,-3.321E-2
24.249,-0.112,-3.480E-2
24.270,-0.112,-3.932E-2
24.291,-0.111,-4.405E-2
24.312,-0.110,-4.947E-2
24.332,-0.109,-5.131E-2
24.353,-0.111,-4.928E-2
24.374,-0.112,-4.570E-2
24.394,-0.113,-4.162E-2
24.415,-0.114,-3.771E-2
24.436,-0.114,-3.672E-2
24.457,-0.114,-3.672E-2
24.477,-0.116,-3.682E-2
24.498,-0.115,-3.825E-2
24.519,-0.114,-3.947E-2
24.539,-0.115,-4.045E-2
24.560,-0.114,-4.240E-2
24.581,-0.115,-4.317E-2
24.601,-0.114,-4.472E-2
24.622,-0.114,-4.558E-2
24.643,-0.113,-4.593E-2
24.664,-0.112,-4.663E-2
24.684,-0.112,-4.591E-2
24.705,-0.113,-4.500E-2
24.726,-0.113,-4.449E-2
24.746,-0.113,-4.560E-2
24.767,-0.113,-4.413E-2
24.788,-0.112,-4.579E-2
24.809,-0.113,-4.745E-2
24.829,-0.112,-4.861E-2
24.850,-0.114,-5.295E-2
24.871,-0.113,-5.565E-2
24.891,-0.114,-5.942E-2
24.912,-0.113,-6.422E-2
24.933,-0.113,-6.602E-2
24.954,-0.113,-6.828E-2
24.974,-0.111,-6.945E-2
24.995,-0.111,-7.097E-2
25.016,-0.109,-6.861E-2
25.036,-0.110,-6.471E-2
25.057,-0.110,-5.996E-2
25.078,-0.109,-5.568E-2
25.098,-0.111,-5.151E-2
25.119,-0.111,-4.965E-2
25.140,-0.109,-4.759E-2
25.161,-0.112,-4.770E-2
25.181,-0.112,-4.768E-2
25.202,-0.112,-4.928E-2
25.223,-0.109,-4.869E-2
25.243,-0.110,-5.032E-2
25.264,-0.112,-5.300E-2
25.285,-0.113,-5.503E-2
25.306,-0.114,-5.848E-2
25.326,-0.115,-6.275E-2
25.347,-0.129,-7.198E-2
25.368,-0.115,-7.384E-2
25.388,-0.115,-7.274E-2
25.409,-0.115,-6.640E-2
25.430,-0.115,-5.781E-2
25.451,-0.116,-4.924E-2
25.471,-0.115,-4.236E-2
25.492,-0.116,-3.859E-2
25.513,-0.115,-3.777E-2
25.533,-0.117,-4.100E-2
25.554,-0.116,-4.133E-2
25.575,-0.115,-4.479E-2
25.595,-0.111,-5.274E-2
25.616,-0.114,-5.959E-2
25.637,-0.112,-6.844E-2
25.658,-0.114,-7.123E-2
25.678,-0.115,-7.028E-2
25.699,-0.116,-6.877E-2
25.720,-0.115,-6.618E-2
25.740,-0.118,-6.195E-2
25.761,-0.119,-6.010E-2
25.782,-0.117,-6.002E-2
25.803,-0.117,-5.888E-2
25.823,-0.118,-5.871E-2
25.844,-0.117,-5.695E-2
25.865,-0.120,-5.450E-2
25.885,-0.120,-5.274E-2
25.906,-0.120,-5.242E-2
25.927,-0.118,-5.275E-2
25.948,-0.119,-5.104E-2
25.968,-0.118,-5.053E-2
25.989,-0.120,-5.643E-2
26.010,-0.117,-5.939E-2
26.030,-0.117,-6.225E-2
26.051,-0.117,-6.878E-2
26.072,-0.118,-7.267E-2
26.092,-0.119,-7.716E-2
26.113,-0.119,-8.004E-2
26.134,-0.116,-7.854E-2
26.155,-0.116,-7.866E-2
26.175,-0.120,-7.842E-2
26.196,-0.120,-7.585E-2
26.217,-0.116,-7.513E-2
26.237,-0.120,-7.200E-2
26.258,-0.117,-6.691E-2
26.279,-0.118,-6.889E-2
26.300,-0.113,-6.296E-2
26.320,-0.118,-6.546E-2
26.341,-0.114,-6.246E-2
26.362,-0.114,-6.242E-2
26.382,-0.116,-6.136E-2
26.403,-0.116,-5.948E-2
26.424,-0.112,-5.962E-2
26.445,-0.115,-6.144E-2
26.465,-0.115,-6.371E-2
26.486,-0.116,-6.212E-2
26.507,-0.116,-7.114E-2
26.527,-0.116,-7.303E-2
26.548,-0.115,-7.609E-2
26.569,-0.113,-7.658E-2
26.589,-0.116,-7.705E-2
26.610,-0.114,-7.682E-2
26.631,-0.114,-7.564E-2
26.652,-0.117,-7.604E-2
26.672,-0.117,-7.366E-2
26.693,-0.115,-7.123E-2
26.714,-0.115,-6.867E-2
26.734,-0.115,-6.599E-2
26.755,-0.115,-6.374E-2
26.776,-0.117,-6.387E-2
26.797,-0.120,-6.456E-2
26.817,-0.119,-6.293E-2
26.838,-0.116,-6.293E-2
26.859,-0.116,-6.120E-2
26.879,-0.114,-5.954E-2
26.900,-0.111,-5.575E-2
26.921,-0.111,-5.303E-2
26.942,-0.111,-4.864E-2
26.962,-0.111,-4.685E-2
26.983,-0.112,-4.587E-2
27.004,-0.112,-4.478E-2
27.024,-0.112,-4.388E-2
27.045,-0.112,-4.473E-2
27.066,-0.112,-4.496E-2
27.086,-0.112,-4.424E-2
27.107,-0.115,-4.704E-2
27.128,-0.112,-4.573E-2
27.149,-0.111,-4.763E-2
27.169,-0.110,-5.027E-2
27.190,-0.110,-5.295E-2
27.211,-0.109,-5.229E-2
27.231,-0.110,-5.122E-2
27.252,-0.111,-5.213E-2
27.273,-0.111,-5.313E-2
27.294,-0.111,-5.411E-2
27.314,-0.111,-5.387E-2
27.335,-0.110,-5.143E-2
27.356,-0.113,-5.040E-2
27.376,-0.114,-5.038E-2
27.397,-0.113,-5.084E-2
27.418,-0.115,-5.464E-2
27.439,-0.114,-5.492E-2
27.459,-0.114,-5.267E-2
27.480,-0.113,-5.542E-2
27.501,-0.113,-5.415E-2
27.521,-0.119,-5.483E-2
27.542,-0.113,-5.578E-2
27.563,-0.115,-5.275E-2
27.583,-0.111,-4.944E-2
27.604,-0.115,-4.711E-2
27.625,-0.122,-4.618E-2
27.646,-0.117,-4.701E-2
27.666,-0.117,-4.674E-2
27.687,-0.118,-4.750E-2
27.708,-0.119,-4.748E-2
27.728,-0.118,-5.229E-2
27.749,-0.119,-5.997E-2
27.770,-0.118,-6.672E-2
27.791,-0.117,-6.817E-2
27.811,-0.118,-6.357E-2
27.832,-0.118,-5.866E-2
27.853,-0.118,-5.282E-2
27.873,-0.117,-4.702E-2
27.894,-0.117,-4.211E-2
27.915,-0.118,-3.732E-2
27.936,-0.119,-3.332E-2
27.956,-0.120,-3.046E-2
27.977,-0.119,-2.742E-2
27.998,-0.127,-2.551E-2
28.018,-0.126,-2.724E-2
28.039,-0.126,-2.743E-2
28.060,-0.125,-3.242E-2
28.080,-0.126,-3.947E-2
28.101,-0.140,-4.847E-2
28.122,-0.126,-4.074E-2
28.143,-0.122,-5.238E-2
28.163,-0.120,-6.510E-2
28.184,-0.116,-7.480E-2
28.205,-0.130,-8.084E-2
28.225,-0.119,-8.109E-2
28.246,-0.117,-8.410E-2
28.267,-0.115,-8.599E-2
28.288,-0.115,-8.599E-2
28.308,-0.114,-8.299E-2
28.329,-0.112,-7.767E-2
28.350,-0.112,-7.310E-2
28.370,-0.111,-6.917E-2
28.391,-0.111,-6.469E-2
28.412,-0.110,-5.972E-2
28.433,-0.111,-5.576E-2
28.453,-0.111,-5.231E-2
28.474,-0.112,-5.002E-2
28.495,-0.113,-4.641E-2
28.515,-0.113,-4.468E-2
28.536,-0.113,-4.484E-2
28.557,-0.113,-4.657E-2
28.577,-0.112,-4.847E-2
28.598,-0.111,-5.056E-2
28.619,-0.112,-5.705E-2
28.640,-0.111,-5.929E-2
28.660,-0.111,-6.126E-2
28.681,-0.112,-6.030E-2
28.702,-0.113,-5.759E-2
28.722,-0.114,-5.210E-2
28.743,-0.114,-4.655E-2
28.764,-0.114,-4.047E-2
28.785,-0.115,-3.503E-2
28.805,-0.116,-3.094E-2
28.826,-0.117,-2.676E-2
28.847,-0.119,-2.377E-2
28.867,-0.119,-2.208E-2
28.888,-0.122,-1.946E-2
28.909,-0.123,-2.265E-2
28.930,-0.127,-1.858E-2
28.950,-0.125,-2.390E-2
28.971,-0.123,-2.764E-2
28.992,-0.115,-3.703E-2
29.012,-0.112,-4.215E-2
29.033,-0.113,-5.766E-2
29.054,-0.113,-6.217E-2
29.074,-0.117,-6.660E-2
29.095,-0.117,-6.674E-2
29.116,-0.115,-6.885E-2
29.137,-0.115,-6.943E-2
29.157,-0.112,-7.116E-2
29.178,-0.112,-6.929E-2
29.199,-0.112,-6.692E-2
29.219,-0.112,-6.375E-2
29.240,-0.112,-6.072E-2
29.261,-0.112,-5.827E-2
29.282,-0.113,-5.622E-2
29.302,-0.113,-5.473E-2
29.323,-0.114,-5.397E-2
29.344,-0.115,-5.422E-2
29.364,-0.115,-5.552E-2
29.385,-0.114,-5.692E-2
29.406,-0.114,-5.653E-2
29.427,-0.114,-5.676E-2
29.447,-0.114,-5.690E-2
29.468,-0.114,-5.503E-2
29.489,-0.114,-5.294E-2
29.509,-0.114,-5.025E-2
29.530,-0.116,-4.828E-2
29.551,-0.117,-4.639E-2
29.571,-0.116,-4.497E-2
29.592,-0.118,-4.376E-2
29.613,-0.117,-4.313E-2
29.634,-0.118,-4.287E-2
29.654,-0.118,-4.301E-2
29.675,-0.117,-4.384E-2
29.696,-0.117,-4.692E-2
29.716,-0.115,-4.749E-2
29.737,-0.116,-4.855E-2
29.758,-0.116,-4.858E-2
29.779,-0.116,-4.858E-2
29.799,-0.117,-4.914E-2
29.820,-0.117,-4.856E-2
29.841,-0.117,-4.769E-2
29.861,-0.116,-4.734E-2
29.882,-0.117,-4.586E-2
29.903,-0.117,-4.482E-2
29.924,-0.117,-4.402E-2
29.944,-0.119,-4.490E-2
29.965,-0.120,-4.575E-2
29.986,-0.120,-4.670E-2
30.006,-0.119,-4.963E-2
30.027,-0.118,-5.353E-2
30.048,-0.116,-5.827E-2
30.068,-0.115,-6.226E-2
30.089,-0.116,-6.215E-2
30.110,-0.116,-5.943E-2
30.131,-0.116,-5.491E-2
30.151,-0.118,-5.038E-2
30.172,-0.118,-4.585E-2
30.193,-0.119,-4.647E-2
30.213,-0.118,-4.635E-2
30.234,-0.118,-4.390E-2
30.255,-0.117,-4.490E-2
30.276,-0.117,-4.806E-2
30.296,-0.117,-4.928E-2
30.317,-0.116,-4.942E-2
30.338,-0.117,-5.278E-2
30.358,-0.118,-5.015E-2
30.379,-0.119,-5.156E-2
30.400,-0.119,-5.066E-2
30.421,-0.119,-5.051E-2
30.441,-0.118,-4.730E-2
30.462,-0.119,-4.839E-2
30.483,-0.117,-4.699E-2
30.503,-0.118,-4.958E-2
30.524,-0.118,-5.047E-2
30.545,-0.116,-4.844E-2
30.565,-0.118,-5.101E-2
30.586,-0.117,-5.455E-2
30.607,-0.119,-5.404E-2
30.628,-0.117,-5.550E-2
30.648,-0.116,-5.565E-2
30.669,-0.117,-5.776E-2
30.690,-0.117,-6.044E-2
30.710,-0.116,-6.206E-2
30.731,-0.115,-6.315E-2
30.752,-0.115,-6.389E-2
30.773,-0.115,-6.358E-2
30.793,-0.114,-6.376E-2
30.814,-0.114,-6.278E-2
30.835,-0.122,-6.386E-2
30.855,-0.136,-6.068E-2
30.876,-0.135,-5.993E-2
30.897,-0.115,-6.069E-2
30.918,-0.114,-5.677E-2
30.938,-0.114,-5.542E-2
30.959,-0.114,-5.343E-2
30.980,-0.115,-5.214E-2
31.000,-0.115,-5.101E-2
31.021,-0.116,-4.920E-2
31.042,-0.115,-4.947E-2
31.062,-0.116,-4.926E-2
31.083,-0.116,-4.896E-2
31.104,-0.116,-4.839E-2
31.125,-0.115,-4.862E-2
31.145,-0.117,-4.743E-2
31.166,-0.117,-4.677E-2
31.187,-0.117,-4.836E-2
31.207,-0.116,-5.022E-2
31.228,-0.116,-5.392E-2
31.249,-0.114,-5.834E-2
31.270,-0.113,-6.310E-2
31.290,-0.112,-6.649E-2
31.311,-0.114,-6.488E-2
31.332,-0.115,-6.111E-2
31.352,-0.115,-5.552E-2
31.373,-0.115,-5.013E-2
31.394,-0.115,-4.473E-2
31.415,-0.115,-4.131E-2
31.435,-0.115,-4.033E-2
31.456,-0.114,-4.027E-2
31.477,-0.114,-4.023E-2
31.497,-0.113,-4.047E-2
31.518,-0.113,-4.355E-2
31.539,-0.114,-4.176E-2
31.559,-0.113,-4.046E-2
31.580,-0.114,-3.953E-2
31.601,-0.114,-4.256E-2
31.622,-0.115,-3.833E-2
31.642,-0.116,-4.124E-2
31.663,-0.113,-4.220E-2
31.684,-0.112,-4.664E-2
31.704,-0.112,-5.183E-2
31.725,-0.112,-5.400E-2
31.746,-0.110,-5.862E-2
31.767,-0.110,-6.172E-2
31.787,-0.113,-6.676E-2
31.808,-0.110,-6.289E-2
31.829,-0.110,-5.980E-2
31.849,-0.110,-5.565E-2
31.870,-0.111,-5.120E-2
31.891,-0.111,-4.999E-2
31.912,-0.116,-4.478E-2
31.932,-0.112,-4.465E-2
31.953,-0.114,-4.199E-2
31.974,-0.114,-4.225E-2
31.994,-0.114,-4.226E-2
32.015,-0.112,-4.215E-2
32.036,-0.114,-4.149E-2
32.056,-0.119,-4.545E-2
32.077,-0.114,-4.216E-2
32.098,-0.114,-4.641E-2
32.119,-0.119,-5.076E-2
32.139,-0.115,-5.083E-2
32.160,-0.115,-5.186E-2
32.181,-0.113,-4.740E-2
32.201,-0.114,-5.044E-2
32.222,-0.113,-5.623E-2
32.243,-0.112,-5.866E-2
32.264,-0.112,-5.961E-2
32.284,-0.112,-5.882E-2
32.305,-0.111,-6.092E-2
32.326,-0.111,-5.950E-2
32.346,-0.112,-5.614E-2
32.367,-0.113,-5.134E-2
32.388,-0.113,-4.565E-2
32.409,-0.114,-3.932E-2
32.429,-0.113,-3.413E-2
32.450,-0.114,-3.133E-2
32.471,-0.113,-3.120E-2
32.491,-0.113,-3.126E-2
32.512,-0.114,-3.209E-2
32.533,-0.114,-3.405E-2
32.553,-0.115,-3.685E-2
32.574,-0.115,-3.945E-2
32.595,-0.116,-4.398E-2
32.616,-0.115,-4.197E-2
32.636,-0.116,-4.219E-2
32.657,-0.116,-4.381E-2
32.678,-0.115,-4.590E-2
32.698,-0.115,-4.888E-2
32.719,-0.115,-5.131E-2
32.740,-0.114,-5.392E-2
32.761,-0.115,-5.470E-2
32.781,-0.115,-5.465E-2
32.802,-0.114,-5.409E-2
32.823,-0.113,-5.394E-2
32.843,-0.114,-5.211E-2
32.864,-0.114,-4.919E-2
32.885,-0.114,-4.552E-2
32.906,-0.113,-4.140E-2
32.926,-0.113,-3.834E-2
32.947,-0.113,-3.597E-2
32.968,-0.113,-3.499E-2
32.988,-0.115,-3.517E-2
33.009,-0.113,-3.486E-2
33.030,-0.113,-4.114E-2
33.050,-0.111,-4.496E-2
33.071,-0.110,-5.202E-2
33.092,-0.108,-5.866E-2
33.113,-0.107,-6.395E-2
33.133,-0.105,-6.708E-2
33.154,-0.106,-6.803E-2
33.175,-0.107,-6.771E-2
33.195,-0.108,-6.358E-2
33.216,-0.109,-5.843E-2
33.237,-0.109,-5.316E-2
33.258,-0.109,-4.828E-2
33.278,-0.110,-4.303E-2
33.299,-0.109,-4.040E-2
33.320,-0.111,-3.600E-2
33.340,-0.112,-3.345E-2
33.361,-0.113,-3.223E-2
33.382,-0.115,-3.468E-2
33.403,-0.114,-3.502E-2
33.423,-0.128,-4.351E-2
33.444,-0.114,-3.925E-2
33.465,-0.114,-4.210E-2
33.485,-0.111,-4.421E-2
33.506,-0.113,-4.885E-2
33.527,-0.112,-5.043E-2
33.547,-0.111,-5.504E-2
33.568,-0.112,-5.946E-2
33.589,-0.113,-6.105E-2
33.610,-0.120,-7.056E-2
33.630,-0.114,-6.954E-2
33.651,-0.111,-7.552E-2
33.672,-0.112,-7.775E-2
33.692,-0.112,-7.859E-2
33.713,-0.111,-7.758E-2
33.734,-0.111,-7.519E-2
33.755,-0.110,-7.255E-2
33.775,-0.111,-6.968E-2
33.796,-0.111,-6.657E-2
33.817,-0.110,-6.302E-2
33.837,-0.110,-5.978E-2
33.858,-0.110,-5.611E-2
33.879,-0.109,-5.295E-2
33.900,-0.110,-5.046E-2
33.920,-0.109,-4.901E-2
33.941,-0.110,-4.693E-2
33.962,-0.110,-4.535E-2
33.982,-0.110,-4.473E-2
34.003,-0.110,-4.462E-2
34.024,-0.115,-4.380E-2
34.044,-0.111,-4.647E-2
34.065,-0.110,-4.666E-2
34.086,-0.109,-4.592E-2
34.107,-0.108,-4.587E-2
34.127,-0.108,-5.518E-2
34.148,-0.110,-5.753E-2
34.169,-0.109,-6.032E-2
34.189,-0.109,-6.350E-2
34.210,-0.115,-6.573E-2
34.231,-0.116,-6.584E-2
34.252,-0.110,-6.792E-2
34.272,-0.110,-6.637E-2
34.293,-0.111,-6.326E-2
34.314,-0.112,-5.880E-2
34.334,-0.113,-5.163E-2
34.355,-0.114,-4.525E-2
34.376,-0.115,-4.204E-2
34.397,-0.115,-4.118E-2
34.417,-0.115,-4.226E-2
34.438,-0.114,-4.585E-2
34.459,-0.112,-4.845E-2
34.479,-0.112,-4.867E-2
34.500,-0.112,-4.590E-2
34.521,-0.113,-4.202E-2
34.541,-0.113,-3.675E-2
34.562,-0.113,-3.215E-2
34.583,-0.114,-2.933E-2
34.604,-0.114,-2.864E-2
34.624,-0.114,-2.952E-2
34.645,-0.113,-3.063E-2
34.666,-0.114,-3.216E-2
34.686,-0.114,-3.299E-2
34.707,-0.116,-3.584E-2
34.728,-0.113,-3.949E-2
34.749,-0.114,-4.452E-2
34.769,-0.113,-4.840E-2
34.790,-0.114,-5.206E-2
34.811,-0.114,-5.460E-2
34.831,-0.115,-5.946E-2
34.852,-0.115,-6.019E-2
34.873,-0.114,-6.024E-2
34.894,-0.113,-6.042E-2
34.914,-0.114,-6.000E-2
34.935,-0.114,-5.851E-2
34.956,-0.115,-5.848E-2
34.976,-0.116,-5.957E-2
34.997,-0.116,-5.966E-2
35.018,-0.115,-5.871E-2
35.038,-0.114,-5.623E-2
35.059,-0.115,-5.418E-2
35.080,-0.115,-5.241E-2
35.101,-0.116,-5.163E-2
35.121,-0.114,-5.027E-2
35.142,-0.118,-5.064E-2
35.163,-0.115,-5.196E-2
35.183,-0.116,-5.397E-2
35.204,-0.115,-5.584E-2
35.225,-0.112,-5.858E-2
35.246,-0.110,-5.951E-2
35.266,-0.112,-5.841E-2
35.287,-0.113,-5.583E-2
35.308,-0.115,-5.463E-2
35.328,-0.117,-5.461E-2
35.349,-0.116,-5.388E-2
35.370,-0.115,-5.029E-2
35.391,-0.115,-4.652E-2
35.411,-0.115,-4.370E-2
35.432,-0.114,-4.148E-2
35.453,-0.113,-4.022E-2
35.473,-0.113,-3.950E-2
35.494,-0.113,-3.832E-2
35.515,-0.114,-4.000E-2
35.535,-0.112,-3.968E-2
35.556,-0.112,-4.386E-2
35.577,-0.112,-4.768E-2
35.598,-0.111,-5.102E-2
35.618,-0.110,-5.222E-2
35.639,-0.111,-4.964E-2
35.660,-0.111,-4.590E-2
35.680,-0.110,-4.145E-2
35.701,-0.112,-3.746E-2
35.722,-0.110,-3.503E-2
35.743,-0.112,-3.500E-2
35.763,-0.112,-3.772E-2
35.784,-0.112,-3.866E-2
35.805,-0.112,-4.025E-2
35.825,-0.112,-4.470E-2
35.846,-0.112,-4.813E-2
35.867,-0.110,-4.850E-2
35.888,-0.111,-4.847E-2
35.908,-0.111,-4.777E-2
35.929,-0.113,-4.773E-2
35.950,-0.113,-4.841E-2
35.970,-0.114,-4.838E-2
35.991,-0.114,-4.766E-2
36.012,-0.113,-4.673E-2
36.032,-0.112,-4.500E-2
36.053,-0.111,-4.384E-2
36.074,-0.111,-4.321E-2
36.095,-0.113,-4.302E-2
36.115,-0.113,-4.223E-2
36.136,-0.113,-4.215E-2
36.157,-0.115,-4.204E-2
36.177,-0.115,-4.305E-2
36.198,-0.114,-4.490E-2
36.219,-0.114,-4.829E-2
36.240,-0.114,-5.236E-2
36.260,-0.114,-5.589E-2
36.281,-0.112,-6.562E-2
36.302,-0.114,-6.589E-2
36.322,-0.113,-6.130E-2
36.343,-0.114,-5.643E-2
36.364,-0.114,-5.153E-2
36.385,-0.112,-4.870E-2
36.405,-0.112,-4.862E-2
36.426,-0.112,-4.922E-2
36.447,-0.111,-4.954E-2
36.467,-0.111,-4.933E-2
36.488,-0.112,-4.933E-2
36.509,-0.112,-4.928E-2
36.529,-0.112,-4.958E-2
36.550,-0.112,-5.025E-2
36.571,-0.113,-5.023E-2
36.592,-0.112,-5.065E-2
36.612,-0.112,-5.217E-2
36.633,-0.112,-5.286E-2
36.654,-0.112,-5.050E-2
36.674,-0.113,-4.766E-2
36.695,-0.114,-4.376E-2
36.716,-0.114,-4.041E-2
36.737,-0.114,-3.985E-2
36.757,-0.113,-3.956E-2
36.778,-0.113,-3.864E-2
36.799,-0.115,-3.770E-2
36.819,-0.115,-3.774E-2
36.840,-0.115,-3.864E-2
36.861,-0.114,-4.150E-2
36.882,-0.114,-4.477E-2
36.902,-0.113,-4.930E-2
36.923,-0.112,-5.115E-2
36.944,-0.113,-4.947E-2
36.964,-0.113,-4.829E-2
36.985,-0.114,-5.152E-2
37.006,-0.113,-5.588E-2
37.026,-0.111,-6.129E-2
37.047,-0.110,-6.671E-2
37.068,-0.110,-6.928E-2
37.089,-0.110,-6.416E-2
37.109,-0.110,-5.701E-2
37.130,-0.110,-5.121E-2
37.151,-0.110,-4.769E-2
37.171,-0.111,-4.685E-2
37.192,-0.110,-4.860E-2
37.213,-0.110,-5.225E-2
37.234,-0.110,-5.597E-2
37.254,-0.110,-5.865E-2
37.275,-0.110,-6.142E-2
37.296,-0.110,-6.319E-2
37.316,-0.110,-6.407E-2
37.337,-0.110,-6.405E-2
37.358,-0.110,-6.108E-2
37.379,-0.110,-5.482E-2
37.399,-0.111,-4.961E-2
37.420,-0.112,-4.552E-2
37.441,-0.112,-4.645E-2
37.461,-0.114,-4.478E-2
37.482,-0.114,-4.571E-2
37.503,-0.114,-4.594E-2
37.523,-0.115,-4.677E-2
37.544,-0.113,-4.860E-2
37.565,-0.114,-5.271E-2
37.586,-0.113,-5.735E-2
37.606,-0.112,-6.025E-2
37.627,-0.111,-6.477E-2
37.648,-0.111,-6.396E-2
37.668,-0.110,-5.927E-2
37.689,-0.109,-5.482E-2
37.710,-0.109,-5.215E-2
37.731,-0.110,-5.112E-2
37.751,-0.111,-5.153E-2
37.772,-0.110,-5.114E-2
37.793,-0.110,-5.168E-2
37.813,-0.110,-5.302E-2
37.834,-0.110,-5.145E-2
37.855,-0.109,-5.129E-2
37.876,-0.113,-5.370E-2
37.896,-0.114,-5.387E-2
37.917,-0.112,-5.368E-2
37.938,-0.112,-5.625E-2
37.958,-0.116,-5.457E-2
37.979,-0.112,-6.203E-2
38.000,-0.119,-6.300E-2
38.020,-0.113,-6.459E-2
38.041,-0.127,-6.624E-2
38.062,-0.140,-6.080E-2
38.083,-0.133,-6.021E-2
38.103,-0.133,-5.815E-2
38.124,-0.133,-5.798E-2
38.145,-0.119,-6.095E-2
38.165,-0.114,-6.373E-2
38.186,-0.114,-6.454E-2
38.207,-0.115,-6.338E-2
38.228,-0.115,-6.205E-2
38.248,-0.114,-5.977E-2
38.269,-0.115,-5.615E-2
38.290,-0.115,-5.488E-2
38.310,-0.115,-5.374E-2
38.331,-0.115,-5.214E-2
38.352,-0.114,-4.769E-2
38.373,-0.115,-4.828E-2
38.393,-0.119,-4.463E-2
38.414,-0.112,-4.506E-2
38.435,-0.113,-4.483E-2
38.455,-0.114,-4.481E-2
38.476,-0.120,-4.466E-2
38.497,-0.112,-4.322E-2
38.517,-0.115,-4.221E-2
38.538,-0.115,-3.870E-2
38.559,-0.114,-3.383E-2
38.580,-0.115,-3.217E-2
38.600,-0.114,-3.120E-2
38.621,-0.114,-3.058E-2
38.642,-0.115,-2.985E-2
38.662,-0.118,-3.013E-2
38.683,-0.118,-3.229E-2
38.704,-0.117,-3.038E-2
38.725,-0.117,-2.822E-2
38.745,-0.116,-3.675E-2
38.766,-0.117,-3.183E-2
38.787,-0.118,-3.385E-2
38.807,-0.118,-3.774E-2
38.828,-0.117,-3.767E-2
38.849,-0.118,-4.289E-2
38.870,-0.117,-4.665E-2
38.890,-0.116,-4.985E-2
38.911,-0.116,-5.100E-2
38.932,-0.115,-5.288E-2
38.952,-0.114,-5.556E-2
38.973,-0.117,-6.755E-2
38.994,-0.118,-6.931E-2
39.014,-0.120,-6.686E-2
39.035,-0.113,-6.325E-2
39.056,-0.120,-7.087E-2
39.077,-0.126,-7.816E-2
39.097,-0.115,-6.614E-2
39.118,-0.115,-6.592E-2
39.139,-0.116,-6.554E-2
39.159,-0.116,-6.551E-2
39.180,-0.116,-6.742E-2
39.201,-0.116,-7.033E-2
39.222,-0.116,-7.225E-2
39.242,-0.116,-7.248E-2
39.263,-0.115,-7.151E-2
39.284,-0.115,-7.106E-2
39.304,-0.115,-7.047E-2
39.325,-0.114,-6.874E-2
39.346,-0.113,-6.643E-2
39.367,-0.114,-6.428E-2
39.387,-0.114,-6.278E-2
39.408,-0.115,-6.276E-2
39.429,-0.114,-6.295E-2
39.449,-0.114,-6.249E-2
39.470,-0.115,-6.202E-2
39.491,-0.115,-6.121E-2
39.511,-0.114,-6.098E-2
39.532,-0.114,-6.108E-2
39.553,-0.114,-6.106E-2
39.574,-0.115,-6.105E-2
39.594,-0.116,-6.117E-2
39.615,-0.116,-6.105E-2
39.636,-0.116,-6.098E-2
39.656,-0.116,-6.065E-2
39.677,-0.116,-5.908E-2
39.698,-0.117,-5.962E-2
39.719,-0.116,-6.128E-2
39.739,-0.116,-6.195E-2
39.760,-0.116,-6.301E-2
39.781,-0.116,-6.304E-2
39.801,-0.117,-6.290E-2
39.822,-0.116,-6.048E-2
39.843,-0.117,-5.776E-2
39.864,-0.114,-5.460E-2
39.884,-0.114,-4.722E-2
39.905,-0.117,-4.412E-2
39.926,-0.118,-4.314E-2
39.946,-0.116,-3.723E-2
39.967,-0.119,-3.468E-2
39.988,-0.117,-3.481E-2
40.008,-0.118,-4.538E-2
40.029,-0.119,-5.146E-2
40.050,-0.115,-5.907E-2
40.071,-0.119,-6.849E-2
40.091,-0.118,-7.573E-2
40.112,-0.118,-7.813E-2
40.133,-0.115,-7.465E-2
40.153,-0.119,-7.490E-2
40.174,-0.123,-6.681E-2
40.195,-0.122,-6.281E-2
40.216,-0.121,-5.625E-2
40.236,-0.121,-5.384E-2
40.257,-0.119,-5.162E-2
40.278,-0.119,-5.435E-2
40.298,-0.121,-5.384E-2
40.319,-0.121,-5.159E-2
40.340,-0.125,-4.863E-2
40.361,-0.120,-4.841E-2
40.381,-0.119,-4.857E-2
40.402,-0.111,-4.974E-2
40.423,-0.112,-5.100E-2
40.443,-0.111,-5.109E-2
40.464,-0.111,-5.159E-2
40.485,-0.110,-5.221E-2
40.505,-0.110,-5.291E-2
40.526,-0.110,-5.397E-2
40.547,-0.117,-5.214E-2
40.568,-0.110,-5.961E-2
40.588,-0.109,-6.245E-2
40.609,-0.110,-6.446E-2
40.630,-0.111,-6.879E-2
40.650,-0.111,-7.183E-2
40.671,-0.113,-6.859E-2
40.692,-9.972E-2,-5.641E-2
40.713,-0.111,-6.269E-2
40.733,-0.114,-5.830E-2
40.754,-0.114,-5.059E-2
40.775,-0.124,-5.508E-2
40.795,-0.117,-4.894E-2
40.816,-0.115,-4.351E-2
40.837,-0.113,-4.327E-2
40.858,-0.113,-4.463E-2
40.878,-0.113,-4.569E-2
40.899,-0.113,-4.739E-2
40.920,-0.112,-5.048E-2
40.940,-0.113,-5.339E-2
40.961,-0.113,-5.504E-2
40.982,-0.113,-5.485E-2
41.002,-0.113,-5.385E-2
41.023,-0.112,-5.576E-2
41.044,-0.114,-5.103E-2
41.065,-0.112,-5.025E-2
41.085,-0.112,-4.771E-2
41.106,-0.111,-4.505E-2
41.127,-0.113,-4.398E-2
41.147,-0.114,-4.326E-2
41.168,-0.115,-4.309E-2
41.189,-0.114,-4.411E-2
41.210,-0.114,-4.776E-2
41.230,-0.112,-5.037E-2
41.251,-0.112,-5.434E-2
41.272,-0.112,-5.879E-2
41.292,-0.113,-6.538E-2
41.313,-0.111,-6.836E-2
41.334,-0.113,-6.808E-2
41.355,-0.112,-6.305E-2
41.375,-0.112,-5.769E-2
41.396,-0.112,-5.334E-2
41.417,-0.111,-4.984E-2
41.437,-0.114,-5.014E-2
41.458,-0.114,-5.004E-2
41.479,-0.113,-5.026E-2
41.499,-0.113,-5.129E-2
41.520,-0.116,-5.554E-2
41.541,-0.115,-5.752E-2
41.562,-0.114,-6.014E-2
41.582,-0.114,-6.232E-2
41.603,-0.117,-6.493E-2
41.624,-0.119,-6.571E-2
41.644,-0.120,-6.384E-2
41.665,-0.117,-6.422E-2
41.686,-0.115,-6.245E-2
41.707,-0.116,-5.965E-2
41.727,-0.116,-5.857E-2
41.748,-0.117,-5.866E-2
41.769,-0.117,-6.011E-2
41.789,-0.117,-6.098E-2
41.810,-0.118,-6.128E-2
41.831,-0.121,-6.363E-2
41.852,-0.122,-6.262E-2
41.872,-0.120,-6.205E-2
41.893,-0.119,-6.117E-2
41.914,-0.118,-5.934E-2
41.934,-0.118,-5.705E-2
41.955,-0.119,-5.559E-2
41.976,-0.114,-5.444E-2
41.996,-0.115,-5.407E-2
42.017,-0.120,-5.547E-2
42.038,-0.118,-5.837E-2
42.059,-0.118,-5.954E-2
42.079,-0.118,-5.999E-2
42.100,-0.117,-5.999E-2
42.121,-0.116,-5.934E-2
42.141,-0.116,-5.875E-2
42.162,-0.115,-5.787E-2
42.183,-0.113,-5.578E-2
42.204,-0.114,-5.783E-2
42.224,-0.116,-5.809E-2
42.245,-0.113,-6.124E-2
42.266,-0.114,-6.371E-2
42.286,-0.115,-6.434E-2
42.307,-0.116,-6.388E-2
42.328,-0.113,-6.306E-2
42.349,-0.114,-5.894E-2
42.369,-0.114,-5.519E-2
42.390,-0.113,-5.163E-2
42.411,-0.115,-4.929E-2
42.431,-0.115,-4.740E-2
42.452,-0.117,-4.575E-2
42.473,-0.116,-4.656E-2
42.493,-0.115,-4.658E-2
42.514,-0.115,-4.643E-2
42.535,-0.116,-4.607E-2
42.556,-0.116,-4.631E-2
42.576,-0.116,-4.742E-2
42.597,-0.116,-4.896E-2
42.618,-0.116,-4.687E-2
42.638,-0.116,-5.141E-2
42.659,-0.117,-5.174E-2
42.680,-0.116,-5.196E-2
42.701,-0.117,-5.187E-2
42.721,-0.117,-5.237E-2
42.742,-0.116,-5.310E-2
42.763,-0.116,-5.344E-2
42.783,-0.115,-5.443E-2
42.804,-0.114,-5.091E-2
42.825,-0.114,-5.027E-2
42.846,-0.113,-4.787E-2
42.866,-0.122,-5.266E-2
42.887,-0.113,-4.482E-2
42.908,-0.113,-4.580E-2
42.928,-0.111,-4.518E-2
42.949,-0.111,-4.117E-2
42.970,-0.109,-3.959E-2
42.990,-0.110,-3.845E-2
43.011,-0.120,-4.086E-2
43.032,-0.122,-4.024E-2
43.053,-0.112,-3.778E-2
43.073,-0.116,-3.803E-2
43.094,-0.115,-3.805E-2
43.115,-0.116,-3.804E-2
43.135,-0.116,-3.871E-2
43.156,-0.115,-3.942E-2
43.177,-0.115,-4.078E-2
43.198,-0.115,-4.146E-2
43.218,-0.115,-4.156E-2
43.239,-0.115,-4.184E-2
43.260,-0.115,-4.317E-2
43.280,-0.115,-4.485E-2
43.301,-0.115,-4.705E-2
43.322,-0.114,-4.991E-2
43.343,-0.114,-5.268E-2
43.363,-0.113,-5.538E-2
43.384,-0.113,-5.742E-2
43.405,-0.113,-5.922E-2
43.425,-0.113,-6.034E-2
43.446,-0.113,-6.009E-2
43.467,-0.113,-5.862E-2
43.487,-0.113,-5.668E-2
43.508,-0.114,-5.396E-2
43.529,-0.114,-5.168E-2
43.550,-0.114,-4.959E-2
43.570,-0.115,-4.752E-2
43.591,-0.115,-4.595E-2
43.612,-0.115,-4.442E-2
43.632,-0.116,-4.358E-2
43.653,-0.116,-4.370E-2
43.674,-0.116,-4.442E-2
43.695,-0.116,-4.527E-2
43.715,-0.115,-4.774E-2
43.736,-0.114,-5.115E-2
43.757,-0.113,-5.424E-2
43.777,-0.112,-5.705E-2
43.798,-0.111,-5.943E-2
43.819,-0.112,-5.847E-2
43.840,-0.112,-5.671E-2
43.860,-0.112,-5.394E-2
43.881,-0.112,-5.071E-2
43.902,-0.111,-4.750E-2
43.922,-0.111,-4.349E-2
43.943,-0.112,-4.330E-2
43.964,-0.111,-4.353E-2
43.984,-0.109,-4.668E-2
44.005,-0.109,-4.995E-2
44.026,-0.110,-5.185E-2
44.047,-0.110,-5.332E-2
44.067,-0.111,-5.308E-2
44.088,-0.111,-5.194E-2
44.109,-0.111,-4.980E-2
44.129,-0.111,-4.832E-2
44.150,-0.112,-4.759E-2
44.171,-0.113,-4.923E-2
44.192,-0.113,-4.996E-2
44.212,-0.113,-5.059E-2
44.233,-0.112,-5.160E-2
44.254,-0.112,-5.324E-2
44.274,-0.112,-5.533E-2
44.295,-0.112,-5.765E-2
44.316,-0.112,-5.957E-2
44.337,-0.111,-6.133E-2
44.357,-0.112,-6.257E-2
44.378,-0.112,-6.324E-2
44.399,-0.112,-6.224E-2
44.419,-0.112,-5.980E-2
44.440,-0.112,-5.796E-2
44.461,-0.112,-5.587E-2
44.481,-0.112,-5.414E-2
44.502,-0.112,-5.249E-2
44.523,-0.111,-5.143E-2
44.544,-0.111,-4.977E-2
44.564,-0.112,-4.952E-2
44.585,-0.111,-4.871E-2
44.606,-0.111,-4.816E-2
44.626,-0.111,-4.689E-2
44.647,-0.111,-4.790E-2
44.668,-0.112,-4.852E-2
44.689,-0.111,-4.946E-2
44.709,-0.111,-5.002E-2
44.730,-0.112,-5.041E-2
44.751,-0.113,-5.002E-2
44.771,-0.114,-4.947E-2
44.792,-0.114,-4.860E-2
44.813,-0.115,-4.772E-2
44.834,-0.115,-4.425E-2
44.854,-0.115,-4.382E-2
44.875,-0.116,-4.300E-2
44.896,-0.117,-4.032E-2
44.916,-0.116,-3.928E-2
44.937,-0.117,-4.026E-2
44.958,-0.117,-4.197E-2
44.978,-0.117,-4.325E-2
44.999,-0.118,-4.357E-2
45.020,-0.118,-4.390E-2
45.041,-0.118,-4.483E-2
45.061,-0.117,-4.592E-2
45.082,-0.117,-4.654E-2
45.103,-0.117,-4.792E-2
45.123,-0.116,-4.653E-2
45.144,-0.117,-4.856E-2
45.165,-0.116,-4.803E-2
45.186,-0.117,-5.101E-2
45.206,-0.117,-5.447E-2
45.227,-0.117,-5.855E-2
45.248,-0.116,-6.262E-2
45.268,-0.116,-6.802E-2
45.289,-0.116,-6.958E-2
45.310,-0.117,-6.531E-2
45.331,-0.117,-6.097E-2
45.351,-0.118,-5.668E-2
45.372,-0.118,-5.288E-2
45.393,-0.119,-4.877E-2
45.413,-0.118,-4.580E-2
45.434,-0.119,-4.443E-2
45.455,-0.118,-4.244E-2
45.475,-0.121,-4.150E-2
45.496,-0.120,-4.237E-2
45.517,-0.119,-4.308E-2
45.538,-0.120,-4.665E-2
45.558,-0.119,-4.862E-2
45.579,-0.118,-5.078E-2
45.600,-0.117,-5.405E-2
45.620,-0.116,-5.784E-2
45.641,-0.115,-6.207E-2
45.662,-0.114,-6.651E-2
45.683,-0.113,-6.960E-2
45.703,-0.113,-7.139E-2
45.724,-0.112,-7.143E-2
45.745,-0.112,-7.131E-2
45.765,-0.112,-7.055E-2
45.786,-0.113,-7.025E-2
45.807,-0.113,-7.005E-2
45.828,-0.114,-6.789E-2
45.848,-0.115,-6.671E-2
45.869,-0.118,-6.330E-2
45.890,-0.118,-6.045E-2
45.910,-0.116,-5.679E-2
45.931,-0.118,-5.400E-2
45.952,-0.118,-5.229E-2
45.972,-0.117,-5.059E-2
45.993,-0.118,-4.941E-2
46.014,-0.117,-4.826E-2
46.035,-0.118,-4.762E-2
46.055,-0.118,-4.701E-2
46.076,-0.119,-4.692E-2
46.097,-0.119,-4.629E-2
46.117,-0.118,-4.604E-2
46.138,-0.119,-4.521E-2
46.159,-0.119,-4.513E-2
46.180,-0.118,-4.583E-2
46.200,-0.117,-4.609E-2
46.221,-0.117,-4.690E-2
46.242,-0.116,-4.781E-2
46.262,-0.115,-4.901E-2
46.283,-0.114,-5.052E-2
46.304,-0.113,-5.236E-2
46.325,-0.112,-5.414E-2
46.345,-0.112,-5.518E-2
46.366,-0.112,-5.547E-2
46.387,-0.112,-5.463E-2
46.407,-0.113,-5.457E-2
46.428,-0.113,-5.449E-2
46.449,-0.112,-5.324E-2
46.469,-0.113,-5.317E-2
46.490,-0.114,-5.328E-2
46.511,-0.114,-5.229E-2
46.532,-0.116,-5.220E-2
46.552,-0.116,-5.053E-2
46.573,-0.116,-4.954E-2
46.594,-0.116,-4.835E-2
46.614,-0.117,-4.642E-2
46.635,-0.117,-4.233E-2
46.656,-0.117,-3.962E-2
46.677,-0.117,-3.846E-2
46.697,-0.118,-3.860E-2
46.718,-0.117,-4.052E-2
46.739,-0.115,-4.259E-2
46.759,-0.115,-4.678E-2
46.780,-0.114,-4.950E-2
46.801,-0.113,-5.385E-2
46.822,-0.111,-5.701E-2
46.842,-0.111,-5.785E-2
46.863,-0.112,-5.698E-2
46.884,-0.113,-5.404E-2
46.904,-0.113,-5.050E-2
46.925,-0.113,-4.792E-2
46.946,-0.113,-4.582E-2
46.966,-0.114,-4.595E-2
46.987,-0.114,-4.607E-2
47.008,-0.115,-4.871E-2
47.029,-0.115,-4.773E-2
47.049,-0.114,-4.798E-2
47.070,-0.114,-4.761E-2
47.091,-0.113,-4.702E-2
47.111,-0.114,-4.600E-2
47.132,-0.115,-4.405E-2
47.153,-0.116,-4.221E-2
47.174,-0.117,-4.216E-2
47.194,-0.118,-4.193E-2
47.215,-0.118,-4.233E-2
47.236,-0.119,-4.149E-2
47.256,-0.117,-4.117E-2
47.277,-0.116,-4.102E-2
47.298,-0.116,-4.048E-2
47.319,-0.117,-3.951E-2
47.339,-0.117,-4.128E-2
47.360,-0.116,-4.199E-2
