,mass A,,
t,x,y,
0,000,0,191,ŌłÆ9,449EŌłÆ2
0,017,0,192,ŌłÆ9,065EŌłÆ2
0,033,0,192,ŌłÆ8,901EŌłÆ2
0,050,0,191,ŌłÆ8,873EŌłÆ2
0,067,0,191,ŌłÆ9,046EŌłÆ2
0,083,0,190,ŌłÆ9,390EŌłÆ2
0,100,0,189,ŌłÆ9,835EŌłÆ2
0,117,0,189,-0,102
0,134,0,188,-0,105
0,150,0,187,-0,103
0,167,0,187,-0,101
0,184,0,188,ŌłÆ9,569EŌłÆ2
0,200,0,189,ŌłÆ8,911EŌłÆ2
0,217,0,188,ŌłÆ8,694EŌłÆ2
0,234,0,188,ŌłÆ8,730EŌłÆ2
0,250,0,189,ŌłÆ9,110EŌłÆ2
0,267,0,189,ŌłÆ9,823EŌłÆ2
0,284,0,189,-0,104
0,301,0,188,-0,108
0,317,0,187,-0,110
0,334,0,187,-0,109
0,351,0,187,-0,105
0,367,0,188,-0,101
0,384,0,189,ŌłÆ9,485EŌłÆ2
0,401,0,190,ŌłÆ8,933EŌłÆ2
0,417,0,191,ŌłÆ8,648EŌłÆ2
0,434,0,192,ŌłÆ8,683EŌłÆ2
0,451,0,193,ŌłÆ8,930EŌłÆ2
0,467,0,193,ŌłÆ9,340EŌłÆ2
0,484,0,191,ŌłÆ9,396EŌłÆ2
0,501,0,192,ŌłÆ9,119EŌłÆ2
0,518,0,192,ŌłÆ8,782EŌłÆ2
0,534,0,192,ŌłÆ8,472EŌłÆ2
0,551,0,177,ŌłÆ8,192EŌłÆ2
0,568,0,173,ŌłÆ7,924EŌłÆ2
0,584,0,173,ŌłÆ7,514EŌłÆ2
0,601,0,177,ŌłÆ7,304EŌłÆ2
0,618,0,189,ŌłÆ8,883EŌłÆ2
0,634,0,189,ŌłÆ9,169EŌłÆ2
0,651,0,189,ŌłÆ9,510EŌłÆ2
0,668,0,189,ŌłÆ9,754EŌłÆ2
0,685,0,189,ŌłÆ9,981EŌłÆ2
0,701,0,189,-0,101
0,718,0,189,-0,102
0,735,0,189,-0,101
0,751,0,189,ŌłÆ9,959EŌłÆ2
0,768,0,189,ŌłÆ9,747EŌłÆ2
0,785,0,190,ŌłÆ9,488EŌłÆ2
0,801,0,190,ŌłÆ9,410EŌłÆ2
0,818,0,190,ŌłÆ9,615EŌłÆ2
0,835,0,190,-0,100
0,852,0,190,-0,104
0,868,0,190,-0,105
0,885,0,190,-0,105
0,902,0,190,-0,102
0,918,0,191,ŌłÆ9,986EŌłÆ2
0,935,0,188,ŌłÆ9,655EŌłÆ2
0,952,0,191,ŌłÆ9,356EŌłÆ2
0,968,0,190,ŌłÆ8,948EŌłÆ2
0,985,0,191,ŌłÆ8,799EŌłÆ2
1,002,0,190,ŌłÆ8,759EŌłÆ2
1,018,0,190,ŌłÆ8,840EŌłÆ2
1,035,0,189,ŌłÆ8,932EŌłÆ2
1,052,0,189,ŌłÆ9,110EŌłÆ2
1,069,0,189,ŌłÆ9,345EŌłÆ2
1,085,0,189,ŌłÆ9,621EŌłÆ2
1,102,0,189,ŌłÆ9,790EŌłÆ2
1,119,0,189,ŌłÆ9,796EŌłÆ2
1,135,0,189,ŌłÆ9,707EŌłÆ2
1,152,0,189,ŌłÆ9,684EŌłÆ2
1,169,0,189,ŌłÆ9,804EŌłÆ2
1,185,0,188,ŌłÆ9,869EŌłÆ2
1,202,0,187,ŌłÆ9,796EŌłÆ2
1,219,0,186,ŌłÆ9,518EŌłÆ2
1,236,0,185,ŌłÆ9,291EŌłÆ2
1,252,0,184,ŌłÆ9,167EŌłÆ2
1,269,0,181,ŌłÆ9,059EŌłÆ2
1,286,0,179,ŌłÆ8,893EŌłÆ2
1,302,0,176,ŌłÆ8,879EŌłÆ2
1,319,0,174,ŌłÆ9,032EŌłÆ2
1,336,0,171,ŌłÆ9,275EŌłÆ2
1,352,0,169,ŌłÆ9,588EŌłÆ2
1,369,0,166,ŌłÆ9,535EŌłÆ2
1,386,0,166,ŌłÆ8,624EŌłÆ2
1,402,0,166,ŌłÆ7,824EŌłÆ2
1,419,0,165,ŌłÆ7,048EŌłÆ2
1,436,0,163,ŌłÆ6,642EŌłÆ2
1,453,0,162,ŌłÆ6,650EŌłÆ2
1,469,0,160,ŌłÆ6,893EŌłÆ2
1,486,0,158,ŌłÆ7,233EŌłÆ2
1,503,0,160,ŌłÆ8,132EŌłÆ2
1,519,0,163,ŌłÆ9,293EŌłÆ2
1,536,0,167,-0,106
1,553,0,165,-0,122
1,569,,
1,586,0,169,-0,125
1,603,0,170,-0,122
1,620,0,175,-0,113
1,636,0,191,ŌłÆ9,314EŌłÆ2
1,653,0,192,ŌłÆ8,810EŌłÆ2
1,670,0,192,ŌłÆ8,552EŌłÆ2
1,686,0,191,ŌłÆ8,960EŌłÆ2
1,703,0,192,ŌłÆ9,545EŌłÆ2
1,720,0,192,-0,101
1,736,0,191,-0,104
1,753,0,189,-0,103
1,770,0,188,ŌłÆ9,867EŌłÆ2
1,786,0,189,ŌłÆ9,277EŌłÆ2
1,803,0,189,ŌłÆ8,898EŌłÆ2
1,820,0,187,ŌłÆ8,967EŌłÆ2
1,837,0,186,ŌłÆ9,109EŌłÆ2
1,853,0,184,ŌłÆ9,037EŌłÆ2
1,870,0,183,ŌłÆ8,853EŌłÆ2
1,887,0,182,ŌłÆ8,596EŌłÆ2
1,903,0,182,ŌłÆ8,556EŌłÆ2
1,920,0,181,ŌłÆ8,665EŌłÆ2
1,937,0,182,ŌłÆ8,567EŌłÆ2
1,953,0,182,ŌłÆ8,487EŌłÆ2
1,970,0,181,ŌłÆ8,393EŌłÆ2
1,987,0,179,ŌłÆ8,139EŌłÆ2
2,004,0,177,ŌłÆ7,979EŌłÆ2
2,020,0,175,ŌłÆ7,929EŌłÆ2
2,037,0,173,ŌłÆ8,008EŌłÆ2
2,054,0,171,ŌłÆ8,411EŌłÆ2
2,070,0,171,ŌłÆ8,927EŌłÆ2
2,087,0,170,ŌłÆ9,543EŌłÆ2
2,104,0,169,-0,102
2,120,0,168,-0,107
2,137,0,167,-0,108
2,154,0,168,-0,102
2,171,0,166,ŌłÆ8,833EŌłÆ2
2,187,0,173,ŌłÆ8,421EŌłÆ2
2,204,0,173,ŌłÆ8,328EŌłÆ2
2,221,0,172,ŌłÆ8,809EŌłÆ2
2,237,0,172,ŌłÆ9,560EŌłÆ2
2,254,0,172,-0,104
2,271,0,170,-0,109
2,287,0,168,-0,111
2,304,0,167,-0,111
2,321,0,165,-0,109
2,337,0,163,-0,109
2,354,0,162,-0,113
2,371,0,163,-0,118
2,388,0,162,-0,121
2,404,0,160,-0,120
2,421,0,161,-0,115
2,438,0,163,-0,107
2,454,0,173,ŌłÆ9,169EŌłÆ2
2,471,0,178,ŌłÆ7,962EŌłÆ2
2,488,0,183,ŌłÆ7,210EŌłÆ2
2,504,0,181,ŌłÆ6,940EŌłÆ2
2,521,0,182,ŌłÆ6,907EŌłÆ2
2,538,0,183,ŌłÆ7,314EŌłÆ2
2,555,0,184,ŌłÆ7,959EŌłÆ2
2,571,0,185,ŌłÆ8,678EŌłÆ2
2,588,0,185,ŌłÆ9,296EŌłÆ2
2,605,0,185,ŌłÆ9,709EŌłÆ2
2,621,0,183,-0,101
2,638,0,182,-0,102
2,655,0,182,ŌłÆ9,956EŌłÆ2
2,671,0,181,ŌłÆ9,478EŌłÆ2
2,688,0,181,ŌłÆ9,101EŌłÆ2
2,705,0,180,ŌłÆ8,898EŌłÆ2
2,721,0,180,ŌłÆ9,030EŌłÆ2
2,738,0,179,ŌłÆ9,379EŌłÆ2
2,755,0,179,ŌłÆ9,892EŌłÆ2
2,772,0,180,-0,105
2,788,0,181,-0,112
2,805,0,181,-0,117
2,822,0,179,-0,119
2,838,0,178,-0,120
2,855,0,177,-0,118
2,872,0,179,-0,113
2,888,0,181,-0,106
2,905,0,185,ŌłÆ9,936EŌłÆ2
2,922,0,189,ŌłÆ9,312EŌłÆ2
2,939,0,190,ŌłÆ8,868EŌłÆ2
2,955,0,190,ŌłÆ8,875EŌłÆ2
2,972,0,189,ŌłÆ9,146EŌłÆ2
2,989,0,189,ŌłÆ9,694EŌłÆ2
3,005,0,189,-0,102
3,022,0,189,-0,106
3,039,0,188,-0,108
3,055,0,187,-0,107
3,072,0,187,-0,103
3,089,0,189,ŌłÆ9,898EŌłÆ2
3,105,0,191,ŌłÆ9,520EŌłÆ2
3,122,0,192,ŌłÆ9,313EŌłÆ2
3,139,0,192,ŌłÆ9,238EŌłÆ2
3,156,0,192,ŌłÆ9,240EŌłÆ2
3,172,0,192,ŌłÆ9,300EŌłÆ2
3,189,0,191,ŌłÆ9,366EŌłÆ2
3,206,0,190,ŌłÆ9,650EŌłÆ2
3,222,0,189,-0,101
3,239,0,189,-0,106
3,256,0,189,-0,109
3,272,0,189,-0,108
3,289,0,190,-0,104
3,306,0,191,-0,101
3,323,0,192,ŌłÆ9,832EŌłÆ2
3,339,0,192,ŌłÆ9,757EŌłÆ2
3,356,0,192,ŌłÆ9,852EŌłÆ2
3,373,0,191,ŌłÆ9,966EŌłÆ2
3,389,0,191,ŌłÆ9,954EŌłÆ2
3,406,0,192,ŌłÆ9,748EŌłÆ2
3,423,0,192,ŌłÆ9,367EŌłÆ2
3,439,0,193,ŌłÆ9,094EŌłÆ2
3,456,0,193,ŌłÆ8,989EŌłÆ2
3,473,0,193,ŌłÆ9,016EŌłÆ2
3,490,0,192,ŌłÆ9,192EŌłÆ2
3,506,0,192,ŌłÆ9,349EŌłÆ2
3,523,0,191,ŌłÆ9,441EŌłÆ2
3,540,0,191,ŌłÆ9,440EŌłÆ2
3,556,0,191,ŌłÆ9,356EŌłÆ2
3,573,0,191,ŌłÆ9,383EŌłÆ2
3,590,0,191,ŌłÆ8,989EŌłÆ2
3,606,0,191,ŌłÆ8,680EŌłÆ2
3,623,0,191,ŌłÆ8,444EŌłÆ2
3,640,0,190,ŌłÆ8,307EŌłÆ2
3,656,0,190,ŌłÆ8,273EŌłÆ2
3,673,0,189,ŌłÆ8,211EŌłÆ2
3,690,0,184,ŌłÆ7,967EŌłÆ2
3,707,0,190,ŌłÆ8,257EŌłÆ2
3,723,0,188,ŌłÆ8,626EŌłÆ2
3,740,0,189,ŌłÆ9,082EŌłÆ2
3,757,0,188,ŌłÆ9,496EŌłÆ2
3,773,0,187,ŌłÆ9,562EŌłÆ2
3,790,0,187,ŌłÆ9,329EŌłÆ2
3,807,0,188,ŌłÆ9,021EŌłÆ2
3,823,0,188,ŌłÆ8,341EŌłÆ2
3,840,0,188,ŌłÆ8,178EŌłÆ2
3,857,0,188,ŌłÆ8,192EŌłÆ2
3,874,0,187,ŌłÆ8,317EŌłÆ2
3,890,0,188,ŌłÆ8,480EŌłÆ2
3,907,0,188,ŌłÆ8,418EŌłÆ2
3,924,0,188,ŌłÆ8,146EŌłÆ2
3,940,0,188,ŌłÆ7,832EŌłÆ2
3,957,0,187,ŌłÆ7,602EŌłÆ2
3,974,0,187,ŌłÆ7,624EŌłÆ2
3,990,0,175,ŌłÆ7,691EŌłÆ2
4,007,0,189,ŌłÆ7,832EŌłÆ2
4,024,0,188,ŌłÆ8,106EŌłÆ2
4,040,0,181,ŌłÆ8,122EŌłÆ2
4,057,0,156,ŌłÆ8,509EŌłÆ2
4,074,0,191,ŌłÆ9,763EŌłÆ2
4,091,0,188,-0,106
4,107,0,188,-0,104
4,124,0,190,ŌłÆ9,880EŌłÆ2
4,141,0,191,ŌłÆ9,408EŌłÆ2
4,157,0,192,ŌłÆ9,044EŌłÆ2
4,174,0,192,ŌłÆ8,728EŌłÆ2
4,191,0,193,ŌłÆ8,530EŌłÆ2
4,207,0,191,ŌłÆ8,567EŌłÆ2
4,224,0,191,ŌłÆ8,944EŌłÆ2
4,241,0,191,ŌłÆ9,318EŌłÆ2
4,258,0,192,ŌłÆ9,599EŌłÆ2
4,274,0,193,ŌłÆ9,658EŌłÆ2
4,291,0,192,ŌłÆ9,602EŌłÆ2
4,308,0,193,ŌłÆ9,482EŌłÆ2
4,324,0,193,ŌłÆ9,473EŌłÆ2
4,341,0,193,ŌłÆ9,488EŌłÆ2
4,358,0,193,ŌłÆ9,570EŌłÆ2
4,374,0,193,ŌłÆ9,645EŌłÆ2
4,391,0,192,ŌłÆ9,706EŌłÆ2
4,408,0,192,ŌłÆ9,798EŌłÆ2
4,424,0,192,ŌłÆ9,817EŌłÆ2
4,441,0,191,ŌłÆ9,720EŌłÆ2
4,458,0,191,ŌłÆ9,509EŌłÆ2
4,475,0,190,ŌłÆ9,336EŌłÆ2
4,491,0,190,ŌłÆ9,172EŌłÆ2
4,508,0,189,ŌłÆ8,931EŌłÆ2
4,525,0,189,ŌłÆ8,896EŌłÆ2
4,541,0,190,ŌłÆ9,199EŌłÆ2
4,558,0,186,ŌłÆ9,991EŌłÆ2
4,575,0,190,-0,102
4,591,0,188,-0,104
4,608,0,186,-0,103
4,625,0,185,-0,101
4,642,0,183,ŌłÆ9,866EŌłÆ2
4,658,0,181,ŌłÆ9,762EŌłÆ2
4,675,0,180,ŌłÆ9,559EŌłÆ2
4,692,0,179,ŌłÆ9,598EŌłÆ2
4,708,0,178,ŌłÆ9,933EŌłÆ2
4,725,0,177,-0,101
4,742,0,176,-0,101
4,758,0,175,-0,101
4,775,0,173,-0,103
4,792,0,173,-0,103
4,809,0,172,-0,102
4,825,0,171,-0,101
4,842,0,169,ŌłÆ9,950EŌłÆ2
4,859,0,168,-0,101
4,875,0,166,-0,102
4,892,0,171,-0,101
4,909,0,173,ŌłÆ9,006EŌłÆ2
4,925,0,178,ŌłÆ7,835EŌłÆ2
4,942,0,180,ŌłÆ6,905EŌłÆ2
4,959,0,175,ŌłÆ6,435EŌłÆ2
4,975,0,180,ŌłÆ6,318EŌłÆ2
4,992,0,183,ŌłÆ7,018EŌłÆ2
5,009,0,188,ŌłÆ7,934EŌłÆ2
5,026,0,189,ŌłÆ8,529EŌłÆ2
5,042,0,189,ŌłÆ8,014EŌłÆ2
5,059,0,189,ŌłÆ7,461EŌłÆ2
5,076,0,188,ŌłÆ7,191EŌłÆ2
5,092,0,187,ŌłÆ7,175EŌłÆ2
5,109,0,186,ŌłÆ8,480EŌłÆ2
5,126,0,191,ŌłÆ9,670EŌłÆ2
5,142,0,191,-0,106
5,159,0,191,-0,110
5,176,0,189,-0,110
5,193,0,189,-0,106
5,209,0,197,-0,102
5,226,0,194,ŌłÆ9,700EŌłÆ2
5,243,0,191,ŌłÆ9,431EŌłÆ2
5,259,0,178,ŌłÆ9,530EŌłÆ2
5,276,0,180,ŌłÆ9,863EŌłÆ2
5,293,0,189,ŌłÆ9,986EŌłÆ2
5,309,0,187,ŌłÆ9,810EŌłÆ2
5,326,0,185,ŌłÆ9,612EŌłÆ2
5,343,0,186,ŌłÆ9,161EŌłÆ2
5,359,0,185,ŌłÆ8,932EŌłÆ2
5,376,0,184,ŌłÆ8,811EŌłÆ2
5,393,0,183,ŌłÆ9,016EŌłÆ2
5,410,0,183,ŌłÆ9,004EŌłÆ2
5,426,0,182,ŌłÆ8,882EŌłÆ2
5,443,0,182,ŌłÆ8,782EŌłÆ2
5,460,0,182,ŌłÆ8,639EŌłÆ2
5,476,0,182,ŌłÆ8,332EŌłÆ2
5,493,0,182,ŌłÆ7,752EŌłÆ2
5,510,0,182,ŌłÆ7,577EŌłÆ2
5,526,0,181,ŌłÆ7,752EŌłÆ2
5,543,0,182,ŌłÆ8,637EŌłÆ2
5,560,0,184,ŌłÆ9,288EŌłÆ2
5,577,0,185,ŌłÆ9,863EŌłÆ2
5,593,0,186,-0,103
5,610,0,186,-0,105
5,627,0,186,-0,108
5,643,0,186,-0,110
5,660,0,186,-0,111
5,677,0,186,-0,112
5,693,0,186,-0,109
5,710,0,188,-0,104
5,727,0,191,ŌłÆ9,822EŌłÆ2
5,743,0,192,ŌłÆ9,443EŌłÆ2
5,760,0,192,ŌłÆ9,512EŌłÆ2
5,777,0,191,ŌłÆ9,886EŌłÆ2
5,794,0,191,-0,102
5,810,0,191,-0,103
5,827,0,190,-0,103
5,844,0,190,ŌłÆ9,987EŌłÆ2
5,860,0,191,ŌłÆ9,547EŌłÆ2
5,877,0,192,ŌłÆ9,446EŌłÆ2
5,894,0,192,ŌłÆ9,573EŌłÆ2
5,910,0,192,ŌłÆ9,644EŌłÆ2
5,927,0,191,ŌłÆ9,543EŌłÆ2
5,944,0,191,ŌłÆ9,402EŌłÆ2
5,961,0,191,ŌłÆ9,305EŌłÆ2
5,977,0,191,ŌłÆ9,108EŌłÆ2
5,994,0,191,ŌłÆ8,744EŌłÆ2
6,011,0,192,ŌłÆ8,335EŌłÆ2
6,027,0,192,ŌłÆ8,064EŌłÆ2
6,044,0,191,ŌłÆ7,849EŌłÆ2
6,061,0,190,ŌłÆ7,835EŌłÆ2
6,077,0,190,ŌłÆ7,984EŌłÆ2
6,094,0,190,ŌłÆ8,323EŌłÆ2
6,111,0,191,ŌłÆ8,741EŌłÆ2
6,128,0,191,ŌłÆ9,037EŌłÆ2
6,144,0,192,ŌłÆ9,041EŌłÆ2
6,161,0,191,ŌłÆ8,921EŌłÆ2
6,178,0,191,ŌłÆ8,865EŌłÆ2
6,194,0,191,ŌłÆ9,009EŌłÆ2
6,211,0,190,ŌłÆ9,110EŌłÆ2
6,228,0,190,ŌłÆ9,097EŌłÆ2
6,244,0,189,ŌłÆ8,873EŌłÆ2
6,261,0,189,ŌłÆ8,631EŌłÆ2
6,278,0,189,ŌłÆ8,505EŌłÆ2
6,294,0,189,ŌłÆ8,603EŌłÆ2
6,311,0,189,ŌłÆ8,797EŌłÆ2
6,328,0,188,ŌłÆ8,899EŌłÆ2
6,345,0,187,ŌłÆ8,928EŌłÆ2
6,361,0,183,ŌłÆ8,523EŌłÆ2
6,378,0,180,ŌłÆ7,845EŌłÆ2
6,395,0,182,ŌłÆ7,291EŌłÆ2
6,411,0,184,ŌłÆ6,808EŌłÆ2
6,428,0,181,ŌłÆ6,264EŌłÆ2
6,445,0,182,ŌłÆ6,049EŌłÆ2
6,461,0,180,ŌłÆ5,857EŌłÆ2
6,478,0,178,ŌłÆ5,872EŌłÆ2
6,495,0,178,ŌłÆ6,348EŌłÆ2
6,512,0,180,ŌłÆ7,096EŌłÆ2
6,528,0,185,ŌłÆ8,292EŌłÆ2
6,545,0,185,ŌłÆ8,702EŌłÆ2
6,562,0,185,ŌłÆ8,754EŌłÆ2
6,578,0,185,ŌłÆ8,402EŌłÆ2
6,595,0,185,ŌłÆ7,920EŌłÆ2
6,612,0,185,ŌłÆ7,585EŌłÆ2
6,628,0,184,ŌłÆ7,375EŌłÆ2
6,645,0,184,ŌłÆ7,157EŌłÆ2
6,662,0,183,ŌłÆ7,034EŌłÆ2
6,678,0,179,ŌłÆ6,902EŌłÆ2
6,695,0,183,ŌłÆ6,897EŌłÆ2
6,712,0,180,ŌłÆ8,219EŌłÆ2
6,729,0,182,ŌłÆ9,106EŌłÆ2
6,745,0,184,-0,101
6,762,0,184,-0,107
6,779,0,183,-0,107
6,795,0,184,-0,104
6,812,0,185,ŌłÆ9,229EŌłÆ2
6,829,0,187,ŌłÆ8,402EŌłÆ2
6,845,0,194,ŌłÆ8,015EŌłÆ2
6,862,0,189,ŌłÆ8,067EŌłÆ2
6,879,0,189,ŌłÆ8,409EŌłÆ2
6,896,0,189,ŌłÆ8,822EŌłÆ2
6,912,0,189,ŌłÆ9,298EŌłÆ2
6,929,0,189,ŌłÆ9,474EŌłÆ2
6,946,0,189,ŌłÆ9,508EŌłÆ2
6,962,0,188,ŌłÆ9,612EŌłÆ2
6,979,0,188,ŌłÆ9,825EŌłÆ2
6,996,0,187,-0,100
7,012,0,187,-0,102
7,029,0,186,-0,101
7,046,0,186,ŌłÆ9,690EŌłÆ2
7,062,0,186,ŌłÆ9,202EŌłÆ2
7,079,0,183,ŌłÆ8,532EŌłÆ2
7,096,0,190,ŌłÆ8,025EŌłÆ2
7,113,0,191,ŌłÆ7,752EŌłÆ2
7,129,0,191,ŌłÆ7,890EŌłÆ2
7,146,0,191,ŌłÆ8,369EŌłÆ2
7,163,0,191,ŌłÆ8,848EŌłÆ2
7,179,0,191,ŌłÆ9,402EŌłÆ2
7,196,0,190,ŌłÆ9,675EŌłÆ2
7,213,0,189,ŌłÆ9,671EŌłÆ2
7,229,0,188,ŌłÆ9,605EŌłÆ2
7,246,0,188,ŌłÆ9,321EŌłÆ2
7,263,0,188,ŌłÆ8,763EŌłÆ2
7,280,0,188,ŌłÆ8,288EŌłÆ2
7,296,0,187,ŌłÆ8,180EŌłÆ2
7,313,0,186,ŌłÆ8,114EŌłÆ2
7,330,0,186,ŌłÆ8,454EŌłÆ2
7,346,0,186,ŌłÆ8,968EŌłÆ2
7,363,0,185,ŌłÆ9,351EŌłÆ2
7,380,0,184,ŌłÆ9,630EŌłÆ2
7,396,0,183,ŌłÆ9,725EŌłÆ2
7,413,0,182,ŌłÆ9,493EŌłÆ2
7,430,0,182,ŌłÆ9,004EŌłÆ2
7,447,0,181,ŌłÆ8,353EŌłÆ2
7,463,0,181,ŌłÆ7,838EŌłÆ2
7,480,0,181,ŌłÆ7,525EŌłÆ2
7,497,0,180,ŌłÆ7,586EŌłÆ2
7,513,0,179,ŌłÆ8,317EŌłÆ2
7,530,0,179,ŌłÆ8,830EŌłÆ2
7,547,0,177,ŌłÆ9,297EŌłÆ2
7,563,0,176,ŌłÆ9,094EŌłÆ2
7,580,0,176,ŌłÆ8,410EŌłÆ2
7,597,0,175,ŌłÆ7,556EŌłÆ2
7,613,0,176,ŌłÆ6,771EŌłÆ2
7,630,0,174,ŌłÆ6,226EŌłÆ2
7,647,0,172,ŌłÆ6,217EŌłÆ2
7,664,0,174,ŌłÆ7,251EŌłÆ2
7,680,0,165,ŌłÆ9,868EŌłÆ2
7,697,0,183,ŌłÆ9,478EŌłÆ2
7,714,0,187,-0,105
7,730,0,187,-0,113
7,747,0,186,-0,115
7,764,0,186,-0,113
7,780,0,188,-0,110
7,797,0,190,ŌłÆ9,940EŌłÆ2
7,814,0,192,ŌłÆ9,327EŌłÆ2
7,831,0,192,ŌłÆ9,056EŌłÆ2
7,847,0,192,ŌłÆ8,912EŌłÆ2
7,864,0,192,ŌłÆ8,921EŌłÆ2
7,881,0,192,ŌłÆ9,060EŌłÆ2
7,897,0,192,ŌłÆ9,359EŌłÆ2
7,914,0,192,ŌłÆ9,806EŌłÆ2
7,931,0,191,ŌłÆ9,936EŌłÆ2
7,947,0,188,ŌłÆ9,677EŌłÆ2
7,964,0,189,ŌłÆ8,774EŌłÆ2
7,981,0,189,ŌłÆ8,364EŌłÆ2
7,997,0,188,ŌłÆ8,015EŌłÆ2
8,014,0,187,ŌłÆ7,990EŌłÆ2
8,031,0,187,ŌłÆ8,157EŌłÆ2
8,048,0,187,ŌłÆ8,493EŌłÆ2
8,064,0,187,ŌłÆ8,764EŌłÆ2
8,081,0,188,ŌłÆ9,184EŌłÆ2
8,098,0,189,ŌłÆ9,739EŌłÆ2
8,114,0,188,ŌłÆ9,910EŌłÆ2
8,131,0,187,ŌłÆ9,826EŌłÆ2
8,148,0,185,ŌłÆ9,641EŌłÆ2
8,164,0,184,ŌłÆ9,055EŌłÆ2
8,181,0,183,ŌłÆ8,638EŌłÆ2
8,198,0,183,ŌłÆ8,099EŌłÆ2
8,215,0,182,ŌłÆ7,618EŌłÆ2
8,231,0,182,ŌłÆ7,441EŌłÆ2
8,248,0,180,ŌłÆ7,731EŌłÆ2
8,265,0,181,ŌłÆ8,733EŌłÆ2
8,281,0,181,-0,102
8,298,,
8,315,0,186,-0,108
8,331,0,185,-0,108
8,348,,
8,365,0,188,ŌłÆ9,034EŌłÆ2
8,381,0,189,ŌłÆ8,734EŌłÆ2
8,398,0,187,ŌłÆ8,356EŌłÆ2
8,415,0,186,ŌłÆ8,224EŌłÆ2
8,432,0,183,ŌłÆ8,398EŌłÆ2
8,448,0,182,ŌłÆ8,782EŌłÆ2
8,465,0,181,ŌłÆ9,461EŌłÆ2
8,482,0,181,-0,103
8,498,0,180,-0,109
8,515,0,179,-0,109
8,532,0,178,-0,107
8,548,0,178,ŌłÆ9,717EŌłÆ2
8,565,0,182,ŌłÆ8,298EŌłÆ2
8,582,0,180,ŌłÆ7,920EŌłÆ2
8,599,0,178,ŌłÆ7,870EŌłÆ2
8,615,0,178,ŌłÆ8,384EŌłÆ2
8,632,0,177,ŌłÆ9,003EŌłÆ2
8,649,0,176,ŌłÆ8,933EŌłÆ2
8,665,0,174,ŌłÆ8,584EŌłÆ2
8,682,0,172,ŌłÆ8,034EŌłÆ2
8,699,0,170,ŌłÆ7,639EŌłÆ2
8,715,0,161,ŌłÆ7,376EŌłÆ2
8,732,0,170,ŌłÆ7,360EŌłÆ2
8,749,0,167,ŌłÆ9,764EŌłÆ2
8,766,0,171,-0,110
8,782,0,170,-0,117
8,799,0,169,-0,116
8,816,0,169,-0,111
8,832,0,173,ŌłÆ9,448EŌłÆ2
8,849,0,175,ŌłÆ8,298EŌłÆ2
8,866,0,175,ŌłÆ7,871EŌłÆ2
8,882,0,170,ŌłÆ8,151EŌłÆ2
8,899,0,154,-0,104
8,916,0,173,ŌłÆ9,792EŌłÆ2
8,932,0,174,-0,109
8,949,0,181,-0,111
8,966,0,174,-0,113
8,983,0,174,-0,102
8,999,0,183,ŌłÆ9,328EŌłÆ2
9,016,0,187,ŌłÆ8,467EŌłÆ2
9,033,0,189,ŌłÆ7,572EŌłÆ2
9,049,0,183,ŌłÆ7,308EŌłÆ2
9,066,0,184,ŌłÆ8,061EŌłÆ2
9,083,0,184,ŌłÆ8,745EŌłÆ2
9,099,0,184,ŌłÆ9,297EŌłÆ2
9,116,0,182,ŌłÆ9,620EŌłÆ2
9,133,0,181,ŌłÆ9,554EŌłÆ2
9,150,0,181,ŌłÆ8,767EŌłÆ2
9,166,0,180,ŌłÆ7,794EŌłÆ2
9,183,0,178,ŌłÆ7,626EŌłÆ2
9,200,0,177,ŌłÆ7,903EŌłÆ2
9,216,0,180,ŌłÆ8,719EŌłÆ2
9,233,0,183,ŌłÆ9,740EŌłÆ2
9,250,0,179,-0,105
9,266,0,179,-0,105
9,283,0,178,-0,102
9,300,0,178,ŌłÆ9,713EŌłÆ2
9,316,0,180,ŌłÆ8,897EŌłÆ2
9,333,0,182,ŌłÆ7,669EŌłÆ2
9,350,0,182,ŌłÆ7,379EŌłÆ2
9,367,0,181,ŌłÆ7,387EŌłÆ2
9,383,0,182,ŌłÆ7,808EŌłÆ2
9,400,0,182,ŌłÆ8,353EŌłÆ2
9,417,0,183,ŌłÆ8,336EŌłÆ2
9,433,0,169,ŌłÆ8,292EŌłÆ2
9,450,0,183,ŌłÆ8,329EŌłÆ2
9,467,0,181,ŌłÆ8,031EŌłÆ2
9,483,0,180,ŌłÆ7,554EŌłÆ2
9,500,0,166,ŌłÆ6,721EŌłÆ2
9,517,0,177,ŌłÆ6,632EŌłÆ2
9,534,0,181,ŌłÆ7,621EŌłÆ2
9,550,0,184,ŌłÆ8,401EŌłÆ2
9,567,0,185,ŌłÆ9,534EŌłÆ2
9,584,0,187,-0,100
9,600,0,193,-0,102
9,617,0,193,-0,102
9,634,0,194,ŌłÆ9,909EŌłÆ2
9,650,0,197,ŌłÆ9,219EŌłÆ2
9,667,0,197,ŌłÆ8,585EŌłÆ2
9,684,0,198,ŌłÆ8,242EŌłÆ2
9,700,0,198,ŌłÆ8,258EŌłÆ2
9,717,0,198,ŌłÆ8,530EŌłÆ2
9,734,0,198,ŌłÆ8,840EŌłÆ2
9,751,0,198,ŌłÆ9,075EŌłÆ2
9,767,0,198,ŌłÆ9,144EŌłÆ2
9,784,0,197,ŌłÆ9,044EŌłÆ2
9,801,0,197,ŌłÆ8,985EŌłÆ2
9,817,0,197,ŌłÆ9,287EŌłÆ2
9,834,0,196,ŌłÆ9,545EŌłÆ2
9,851,0,196,ŌłÆ9,508EŌłÆ2
9,867,0,196,ŌłÆ9,169EŌłÆ2
9,884,0,197,ŌłÆ8,911EŌłÆ2
9,901,0,197,ŌłÆ8,949EŌłÆ2
9,918,0,197,ŌłÆ9,012EŌłÆ2
9,934,0,197,ŌłÆ8,851EŌłÆ2
9,951,0,197,ŌłÆ8,679EŌłÆ2
9,968,0,197,ŌłÆ8,497EŌłÆ2
9,984,0,196,ŌłÆ8,296EŌłÆ2
10,001,0,196,ŌłÆ8,095EŌłÆ2
10,018,0,195,ŌłÆ8,118EŌłÆ2
10,034,0,194,ŌłÆ8,290EŌłÆ2
10,051,0,194,ŌłÆ8,436EŌłÆ2
10,068,0,193,ŌłÆ8,472EŌłÆ2
10,085,0,193,ŌłÆ8,502EŌłÆ2
10,101,0,192,ŌłÆ8,355EŌłÆ2
10,118,0,192,ŌłÆ8,085EŌłÆ2
10,135,0,193,ŌłÆ7,395EŌłÆ2
10,151,0,193,ŌłÆ6,983EŌłÆ2
10,168,0,191,ŌłÆ7,021EŌłÆ2
10,185,0,191,ŌłÆ7,330EŌłÆ2
10,201,0,193,ŌłÆ8,249EŌłÆ2
10,218,0,195,ŌłÆ8,914EŌłÆ2
10,235,0,194,ŌłÆ8,966EŌłÆ2
10,251,0,193,ŌłÆ8,866EŌłÆ2
10,268,0,193,ŌłÆ8,460EŌłÆ2
10,285,0,192,ŌłÆ8,117EŌłÆ2
10,302,0,193,ŌłÆ8,045EŌłÆ2
10,318,0,186,ŌłÆ8,742EŌłÆ2
10,335,0,186,ŌłÆ9,260EŌłÆ2
10,352,0,185,ŌłÆ9,598EŌłÆ2
10,368,0,185,ŌłÆ9,593EŌłÆ2
10,385,0,185,ŌłÆ9,633EŌłÆ2
10,402,0,184,ŌłÆ9,745EŌłÆ2
10,418,0,184,ŌłÆ9,767EŌłÆ2
10,435,0,183,ŌłÆ9,602EŌłÆ2
10,452,0,183,ŌłÆ9,286EŌłÆ2
10,469,0,183,ŌłÆ9,023EŌłÆ2
10,485,0,183,ŌłÆ8,720EŌłÆ2
10,502,0,184,ŌłÆ8,373EŌłÆ2
10,519,0,184,ŌłÆ8,268EŌłÆ2
10,535,0,185,ŌłÆ8,642EŌłÆ2
10,552,0,172,-0,102
10,569,0,186,-0,101
10,585,0,184,-0,103
10,602,0,183,-0,101
10,619,0,188,-0,102
10,635,0,189,ŌłÆ9,644EŌłÆ2
10,652,0,188,ŌłÆ9,114EŌłÆ2
10,669,0,189,ŌłÆ8,685EŌłÆ2
10,686,0,189,ŌłÆ9,095EŌłÆ2
10,702,0,190,ŌłÆ9,568EŌłÆ2
10,719,0,190,ŌłÆ9,658EŌłÆ2
10,736,0,190,ŌłÆ9,690EŌłÆ2
10,752,0,190,ŌłÆ9,589EŌłÆ2
10,769,0,190,ŌłÆ9,427EŌłÆ2
10,786,0,190,ŌłÆ9,214EŌłÆ2
10,802,0,190,ŌłÆ8,839EŌłÆ2
10,819,0,190,ŌłÆ8,563EŌłÆ2
10,836,0,189,ŌłÆ8,394EŌłÆ2
10,853,0,188,ŌłÆ8,926EŌłÆ2
10,869,0,189,ŌłÆ9,674EŌłÆ2
10,886,0,190,-0,104
10,903,0,189,-0,104
10,919,0,189,ŌłÆ9,969EŌłÆ2
10,936,0,192,ŌłÆ9,279EŌłÆ2
10,953,0,193,ŌłÆ8,729EŌłÆ2
10,969,0,194,ŌłÆ8,145EŌłÆ2
10,986,0,194,ŌłÆ8,111EŌłÆ2
11,003,0,195,ŌłÆ8,521EŌłÆ2
11,020,0,195,ŌłÆ9,061EŌłÆ2
11,036,0,196,ŌłÆ9,407EŌłÆ2
11,053,0,196,ŌłÆ9,494EŌłÆ2
11,070,0,196,ŌłÆ9,396EŌłÆ2
11,086,0,196,ŌłÆ9,185EŌłÆ2
11,103,0,195,ŌłÆ9,044EŌłÆ2
11,120,0,195,ŌłÆ9,011EŌłÆ2
11,136,0,195,ŌłÆ9,124EŌłÆ2
11,153,0,195,ŌłÆ9,308EŌłÆ2
11,170,0,195,ŌłÆ9,514EŌłÆ2
11,186,0,195,ŌłÆ9,701EŌłÆ2
11,203,0,194,ŌłÆ9,702EŌłÆ2
11,220,0,194,ŌłÆ9,482EŌłÆ2
11,237,0,194,ŌłÆ9,186EŌłÆ2
11,253,0,193,ŌłÆ9,022EŌłÆ2
11,270,0,192,ŌłÆ9,293EŌłÆ2
11,287,0,192,ŌłÆ9,565EŌłÆ2
11,303,0,193,ŌłÆ9,517EŌłÆ2
11,320,0,193,ŌłÆ9,380EŌłÆ2
11,337,0,193,ŌłÆ9,106EŌłÆ2
11,353,0,194,ŌłÆ8,836EŌłÆ2
11,370,0,194,ŌłÆ8,573EŌłÆ2
11,387,0,194,ŌłÆ8,435EŌłÆ2
11,404,0,195,ŌłÆ8,404EŌłÆ2
11,420,0,195,ŌłÆ8,544EŌłÆ2
11,437,0,196,ŌłÆ8,716EŌłÆ2
11,454,0,196,ŌłÆ8,909EŌłÆ2
11,470,0,195,ŌłÆ9,011EŌłÆ2
11,487,0,195,ŌłÆ9,090EŌłÆ2
11,504,0,194,ŌłÆ9,152EŌłÆ2
11,520,0,193,ŌłÆ9,120EŌłÆ2
11,537,0,193,ŌłÆ8,816EŌłÆ2
11,554,0,192,ŌłÆ8,546EŌłÆ2
11,570,0,191,ŌłÆ8,418EŌłÆ2
11,587,0,192,ŌłÆ9,057EŌłÆ2
11,604,0,192,ŌłÆ9,567EŌłÆ2
11,621,0,193,-0,100
11,637,0,193,-0,103
11,654,0,192,-0,103
11,671,0,192,ŌłÆ9,552EŌłÆ2
11,687,0,194,ŌłÆ8,694EŌłÆ2
11,704,0,194,ŌłÆ8,299EŌłÆ2
11,721,0,193,ŌłÆ8,232EŌłÆ2
11,737,0,194,ŌłÆ8,506EŌłÆ2
11,754,0,194,ŌłÆ8,817EŌłÆ2
11,771,0,194,ŌłÆ9,091EŌłÆ2
11,788,0,194,ŌłÆ9,260EŌłÆ2
11,804,0,193,ŌłÆ9,361EŌłÆ2
11,821,0,193,ŌłÆ9,369EŌłÆ2
11,838,0,192,ŌłÆ9,329EŌłÆ2
11,854,0,192,ŌłÆ9,223EŌłÆ2
11,871,0,192,ŌłÆ9,050EŌłÆ2
11,888,0,191,ŌłÆ8,750EŌłÆ2
11,904,0,191,ŌłÆ8,510EŌłÆ2
11,921,0,190,ŌłÆ8,433EŌłÆ2
11,938,0,190,ŌłÆ8,417EŌłÆ2
11,954,0,189,ŌłÆ8,583EŌłÆ2
11,971,0,189,ŌłÆ9,097EŌłÆ2
11,988,0,189,ŌłÆ9,676EŌłÆ2
12,005,0,189,-0,101
12,021,0,188,-0,101
12,038,0,188,ŌłÆ9,748EŌłÆ2
12,055,0,190,ŌłÆ8,956EŌłÆ2
12,071,0,190,ŌłÆ8,289EŌłÆ2
12,088,0,189,ŌłÆ8,239EŌłÆ2
12,105,0,189,ŌłÆ8,580EŌłÆ2
12,121,0,188,ŌłÆ8,944EŌłÆ2
12,138,0,187,ŌłÆ8,397EŌłÆ2
12,155,0,189,ŌłÆ7,643EŌłÆ2
12,172,0,189,ŌłÆ7,162EŌłÆ2
12,188,0,189,ŌłÆ6,991EŌłÆ2
12,205,0,190,ŌłÆ7,809EŌłÆ2
12,222,0,193,ŌłÆ8,693EŌłÆ2
12,238,0,195,ŌłÆ9,308EŌłÆ2
12,255,0,194,ŌłÆ9,446EŌłÆ2
12,272,0,193,ŌłÆ9,464EŌłÆ2
12,288,0,193,ŌłÆ9,156EŌłÆ2
12,305,0,194,ŌłÆ8,572EŌłÆ2
12,322,0,195,ŌłÆ8,020EŌłÆ2
12,339,0,195,ŌłÆ7,647EŌłÆ2
12,355,0,194,ŌłÆ7,655EŌłÆ2
12,372,0,193,ŌłÆ8,024EŌłÆ2
12,389,0,193,ŌłÆ8,436EŌłÆ2
12,405,0,192,ŌłÆ8,594EŌłÆ2
12,422,0,191,ŌłÆ8,542EŌłÆ2
12,439,0,190,ŌłÆ8,452EŌłÆ2
12,455,0,189,ŌłÆ8,564EŌłÆ2
12,472,0,189,ŌłÆ8,904EŌłÆ2
12,489,0,189,ŌłÆ9,130EŌłÆ2
12,505,0,189,ŌłÆ9,116EŌłÆ2
12,522,0,188,ŌłÆ9,002EŌłÆ2
12,539,0,188,ŌłÆ8,846EŌłÆ2
12,556,0,187,ŌłÆ8,716EŌłÆ2
12,572,0,186,ŌłÆ8,518EŌłÆ2
12,589,0,185,ŌłÆ8,368EŌłÆ2
12,606,0,184,ŌłÆ8,351EŌłÆ2
12,622,0,183,ŌłÆ8,661EŌłÆ2
12,639,0,183,ŌłÆ9,328EŌłÆ2
12,656,0,183,-0,101
12,672,0,182,-0,103
12,689,0,182,ŌłÆ9,741EŌłÆ2
12,706,0,184,ŌłÆ8,948EŌłÆ2
12,723,0,188,ŌłÆ7,948EŌłÆ2
12,739,0,189,ŌłÆ7,109EŌłÆ2
12,756,0,189,ŌłÆ7,144EŌłÆ2
12,773,0,190,ŌłÆ7,571EŌłÆ2
12,789,0,193,ŌłÆ8,522EŌłÆ2
12,806,0,195,ŌłÆ9,374EŌłÆ2
12,823,0,195,ŌłÆ9,940EŌłÆ2
12,839,0,196,ŌłÆ9,905EŌłÆ2
12,856,0,196,ŌłÆ9,490EŌłÆ2
12,873,0,196,ŌłÆ9,066EŌłÆ2
12,889,0,196,ŌłÆ8,792EŌłÆ2
12,906,0,196,ŌłÆ8,862EŌłÆ2
12,923,0,196,ŌłÆ9,270EŌłÆ2
12,940,0,197,ŌłÆ9,679EŌłÆ2
12,956,0,198,ŌłÆ9,946EŌłÆ2
12,973,0,198,-0,101
12,990,0,197,-0,101
13,006,0,197,ŌłÆ9,577EŌłÆ2
13,023,0,199,ŌłÆ8,924EŌłÆ2
13,040,0,200,ŌłÆ8,460EŌłÆ2
13,056,0,200,ŌłÆ8,148EŌłÆ2
13,073,0,200,ŌłÆ8,049EŌłÆ2
13,090,0,200,ŌłÆ8,093EŌłÆ2
13,107,0,200,ŌłÆ8,257EŌłÆ2
13,123,0,200,ŌłÆ8,469EŌłÆ2
13,140,0,200,ŌłÆ8,540EŌłÆ2
13,157,0,200,ŌłÆ8,505EŌłÆ2
13,173,0,200,ŌłÆ8,404EŌłÆ2
13,190,0,200,ŌłÆ8,375EŌłÆ2
13,207,0,200,ŌłÆ8,361EŌłÆ2
13,223,0,201,ŌłÆ8,258EŌłÆ2
13,240,0,200,ŌłÆ8,141EŌłÆ2
13,257,0,200,ŌłÆ8,144EŌłÆ2
13,273,0,200,ŌłÆ8,298EŌłÆ2
13,290,0,200,ŌłÆ8,407EŌłÆ2
13,307,0,199,ŌłÆ8,390EŌłÆ2
13,324,0,199,ŌłÆ8,433EŌłÆ2
13,340,0,199,ŌłÆ8,890EŌłÆ2
13,357,0,199,ŌłÆ9,262EŌłÆ2
13,374,0,199,ŌłÆ9,540EŌłÆ2
13,390,0,199,ŌłÆ9,841EŌłÆ2
13,407,0,199,-0,100
13,424,0,199,-0,102
13,440,0,199,-0,102
13,457,0,199,-0,102
13,474,0,199,ŌłÆ9,955EŌłÆ2
13,491,0,199,ŌłÆ9,574EŌłÆ2
13,507,0,200,ŌłÆ9,099EŌłÆ2
13,524,0,199,ŌłÆ9,056EŌłÆ2
13,541,0,199,ŌłÆ9,430EŌłÆ2
13,557,0,199,ŌłÆ9,846EŌłÆ2
13,574,0,199,-0,101
13,591,0,199,-0,102
13,607,0,199,ŌłÆ9,986EŌłÆ2
13,624,0,200,ŌłÆ9,214EŌłÆ2
13,641,0,200,ŌłÆ8,842EŌłÆ2
13,658,0,199,ŌłÆ8,599EŌłÆ2
13,674,0,200,ŌłÆ8,546EŌłÆ2
13,691,0,200,ŌłÆ8,586EŌłÆ2
13,708,0,199,ŌłÆ8,596EŌłÆ2
13,724,0,199,ŌłÆ8,508EŌłÆ2
13,741,0,198,ŌłÆ8,343EŌłÆ2
13,758,0,198,ŌłÆ8,326EŌłÆ2
13,774,0,198,ŌłÆ8,358EŌłÆ2
13,791,0,199,ŌłÆ8,429EŌłÆ2
13,808,0,199,ŌłÆ8,509EŌłÆ2
13,824,0,199,ŌłÆ8,619EŌłÆ2
13,841,0,200,ŌłÆ8,612EŌłÆ2
13,858,0,200,ŌłÆ8,589EŌłÆ2
13,875,0,201,ŌłÆ8,621EŌłÆ2
13,891,0,200,ŌłÆ8,632EŌłÆ2
13,908,0,200,ŌłÆ8,709EŌłÆ2
13,925,0,200,ŌłÆ8,713EŌłÆ2
13,941,0,199,ŌłÆ8,689EŌłÆ2
13,958,0,198,ŌłÆ8,685EŌłÆ2
13,975,0,198,ŌłÆ8,677EŌłÆ2
13,991,0,198,ŌłÆ8,686EŌłÆ2
14,008,0,198,ŌłÆ8,541EŌłÆ2
14,025,0,198,ŌłÆ8,427EŌłÆ2
14,042,0,197,ŌłÆ8,407EŌłÆ2
14,058,0,196,ŌłÆ8,497EŌłÆ2
14,075,0,196,ŌłÆ8,836EŌłÆ2
14,092,0,197,ŌłÆ9,147EŌłÆ2
14,108,0,196,ŌłÆ9,252EŌłÆ2
14,125,0,196,ŌłÆ9,184EŌłÆ2
14,142,0,196,ŌłÆ9,116EŌłÆ2
14,158,0,196,ŌłÆ9,057EŌłÆ2
14,175,0,196,ŌłÆ8,838EŌłÆ2
14,192,0,195,ŌłÆ8,601EŌłÆ2
14,208,0,194,ŌłÆ8,694EŌłÆ2
14,225,0,194,ŌłÆ8,792EŌłÆ2
14,242,0,193,ŌłÆ8,859EŌłÆ2
14,259,0,193,ŌłÆ8,990EŌłÆ2
14,275,0,192,ŌłÆ9,066EŌłÆ2
14,292,0,191,ŌłÆ9,292EŌłÆ2
14,309,0,191,ŌłÆ9,600EŌłÆ2
14,325,0,189,ŌłÆ9,680EŌłÆ2
14,342,0,189,ŌłÆ9,524EŌłÆ2
14,359,0,189,ŌłÆ9,040EŌłÆ2
14,375,0,189,ŌłÆ8,430EŌłÆ2
14,392,0,190,ŌłÆ7,843EŌłÆ2
14,409,0,189,ŌłÆ7,065EŌłÆ2
14,426,0,188,ŌłÆ6,964EŌłÆ2
14,442,0,187,ŌłÆ6,996EŌłÆ2
14,459,0,186,ŌłÆ7,201EŌłÆ2
14,476,0,189,ŌłÆ7,883EŌłÆ2
14,492,0,190,ŌłÆ8,768EŌłÆ2
14,509,0,194,ŌłÆ9,517EŌłÆ2
14,526,0,195,-0,104
14,542,0,195,-0,102
14,559,0,197,ŌłÆ9,619EŌłÆ2
14,576,0,189,ŌłÆ9,642EŌłÆ2
14,592,0,196,ŌłÆ9,899EŌłÆ2
14,609,0,196,ŌłÆ9,956EŌłÆ2
14,626,0,196,ŌłÆ9,821EŌłÆ2
14,643,0,197,ŌłÆ9,435EŌłÆ2
14,659,0,197,ŌłÆ8,963EŌłÆ2
14,676,0,197,ŌłÆ8,617EŌłÆ2
14,693,0,197,ŌłÆ8,163EŌłÆ2
14,709,0,197,ŌłÆ7,340EŌłÆ2
14,726,0,197,ŌłÆ7,291EŌłÆ2
14,743,0,198,ŌłÆ7,393EŌłÆ2
14,759,0,198,ŌłÆ7,529EŌłÆ2
14,776,0,198,ŌłÆ7,660EŌłÆ2
14,793,0,198,ŌłÆ7,830EŌłÆ2
14,810,0,198,ŌłÆ7,936EŌłÆ2
14,826,0,198,ŌłÆ8,330EŌłÆ2
14,843,0,198,ŌłÆ8,679EŌłÆ2
14,860,0,199,ŌłÆ9,044EŌłÆ2
14,876,0,199,ŌłÆ9,421EŌłÆ2
14,893,0,200,ŌłÆ9,660EŌłÆ2
14,910,0,199,ŌłÆ9,703EŌłÆ2
14,926,0,199,ŌłÆ9,600EŌłÆ2
14,943,0,199,ŌłÆ9,537EŌłÆ2
14,960,0,198,ŌłÆ9,735EŌłÆ2
14,977,0,198,-0,101
14,993,0,198,-0,102
15,010,0,198,-0,102
15,027,0,198,ŌłÆ9,900EŌłÆ2
15,043,0,198,ŌłÆ9,564EŌłÆ2
15,060,0,197,ŌłÆ9,327EŌłÆ2
15,077,0,196,ŌłÆ9,327EŌłÆ2
15,093,0,194,ŌłÆ9,436EŌłÆ2
15,110,0,193,ŌłÆ9,534EŌłÆ2
15,127,0,191,ŌłÆ9,443EŌłÆ2
15,143,0,190,ŌłÆ9,335EŌłÆ2
15,160,0,189,ŌłÆ9,144EŌłÆ2
15,177,0,188,ŌłÆ8,992EŌłÆ2
15,194,0,187,ŌłÆ8,919EŌłÆ2
15,210,0,186,ŌłÆ8,994EŌłÆ2
15,227,0,185,ŌłÆ9,104EŌłÆ2
15,244,0,184,ŌłÆ9,165EŌłÆ2
15,260,0,184,ŌłÆ9,027EŌłÆ2
15,277,0,184,ŌłÆ8,830EŌłÆ2
15,294,0,184,ŌłÆ8,593EŌłÆ2
15,310,0,184,ŌłÆ8,366EŌłÆ2
15,327,0,184,ŌłÆ8,633EŌłÆ2
15,344,0,185,ŌłÆ9,248EŌłÆ2
15,361,0,187,ŌłÆ9,963EŌłÆ2
15,377,0,188,-0,105
15,394,0,188,-0,105
15,411,0,190,-0,100
15,427,0,192,ŌłÆ9,298EŌłÆ2
15,444,0,193,ŌłÆ8,871EŌłÆ2
15,461,0,193,ŌłÆ8,678EŌłÆ2
15,477,0,193,ŌłÆ9,308EŌłÆ2
15,494,0,194,ŌłÆ9,923EŌłÆ2
15,511,0,194,ŌłÆ9,997EŌłÆ2
15,527,0,193,ŌłÆ9,914EŌłÆ2
15,544,0,193,ŌłÆ9,537EŌłÆ2
15,561,0,194,ŌłÆ8,762EŌłÆ2
15,578,0,194,ŌłÆ8,486EŌłÆ2
15,594,0,193,ŌłÆ8,491EŌłÆ2
15,611,0,193,ŌłÆ8,896EŌłÆ2
15,628,0,194,ŌłÆ9,377EŌłÆ2
15,644,0,195,ŌłÆ9,789EŌłÆ2
15,661,0,194,-0,100
15,678,0,194,ŌłÆ9,887EŌłÆ2
15,694,0,194,ŌłÆ9,402EŌłÆ2
15,711,0,194,ŌłÆ8,785EŌłÆ2
15,728,0,193,ŌłÆ8,569EŌłÆ2
15,745,0,192,ŌłÆ8,776EŌłÆ2
15,761,0,192,ŌłÆ9,392EŌłÆ2
15,778,0,193,-0,100
15,795,0,192,-0,105
15,811,0,192,-0,106
15,828,0,192,-0,103
15,845,0,189,ŌłÆ9,329EŌłÆ2
15,861,0,190,ŌłÆ8,781EŌłÆ2
15,878,0,195,ŌłÆ8,978EŌłÆ2
15,895,0,195,ŌłÆ9,046EŌłÆ2
15,911,0,195,ŌłÆ9,104EŌłÆ2
15,928,0,195,ŌłÆ9,317EŌłÆ2
15,945,0,195,ŌłÆ9,575EŌłÆ2
15,962,0,195,ŌłÆ9,665EŌłÆ2
15,978,0,195,ŌłÆ9,654EŌłÆ2
15,995,0,195,ŌłÆ9,457EŌłÆ2
16,012,0,195,ŌłÆ8,984EŌłÆ2
16,028,0,195,ŌłÆ8,884EŌłÆ2
16,045,0,195,ŌłÆ9,458EŌłÆ2
16,062,0,196,-0,102
16,078,0,196,-0,103
16,095,0,196,-0,103
16,112,0,196,ŌłÆ9,914EŌłÆ2
16,129,0,196,ŌłÆ9,432EŌłÆ2
16,145,0,196,ŌłÆ8,983EŌłÆ2
16,162,0,196,ŌłÆ8,641EŌłÆ2
16,179,0,196,ŌłÆ8,480EŌłÆ2
16,195,0,196,ŌłÆ8,363EŌłÆ2
16,212,0,196,ŌłÆ8,234EŌłÆ2
16,229,0,197,ŌłÆ8,035EŌłÆ2
16,245,0,197,ŌłÆ7,833EŌłÆ2
16,262,0,197,ŌłÆ7,865EŌłÆ2
16,279,0,197,ŌłÆ8,188EŌłÆ2
16,296,0,197,ŌłÆ8,565EŌłÆ2
16,312,0,197,ŌłÆ8,877EŌłÆ2
16,329,0,197,ŌłÆ9,012EŌłÆ2
16,346,0,195,ŌłÆ9,013EŌłÆ2
16,362,0,193,ŌłÆ8,805EŌłÆ2
16,379,0,192,ŌłÆ8,136EŌłÆ2
16,396,0,191,ŌłÆ8,057EŌłÆ2
16,412,0,189,ŌłÆ8,079EŌłÆ2
16,429,0,189,ŌłÆ8,030EŌłÆ2
16,446,0,188,ŌłÆ8,235EŌłÆ2
16,462,0,188,ŌłÆ8,511EŌłÆ2
16,479,0,188,ŌłÆ8,989EŌłÆ2
16,496,0,188,ŌłÆ9,466EŌłÆ2
16,513,0,188,-0,101
16,529,0,188,-0,104
16,546,0,187,ŌłÆ9,981EŌłÆ2
16,563,0,187,ŌłÆ9,571EŌłÆ2
16,579,0,188,ŌłÆ9,364EŌłÆ2
16,596,0,187,ŌłÆ8,814EŌłÆ2
16,613,0,186,ŌłÆ8,405EŌłÆ2
16,629,0,185,ŌłÆ8,346EŌłÆ2
16,646,0,185,ŌłÆ8,624EŌłÆ2
16,663,0,184,ŌłÆ8,964EŌłÆ2
16,680,0,182,ŌłÆ9,376EŌłÆ2
16,696,0,183,ŌłÆ9,990EŌłÆ2
16,713,0,182,-0,106
16,730,,
16,746,0,182,-0,102
16,763,,
16,780,0,187,ŌłÆ9,059EŌłÆ2
16,796,0,191,ŌłÆ8,125EŌłÆ2
16,813,0,194,ŌłÆ6,958EŌłÆ2
16,830,0,194,ŌłÆ6,958EŌłÆ2
16,846,0,194,ŌłÆ7,197EŌłÆ2
16,863,0,194,ŌłÆ7,675EŌłÆ2
16,880,0,194,ŌłÆ8,222EŌłÆ2
16,897,0,194,ŌłÆ8,665EŌłÆ2
16,913,0,194,ŌłÆ8,673EŌłÆ2
16,930,0,193,ŌłÆ8,363EŌłÆ2
16,947,0,193,ŌłÆ8,255EŌłÆ2
16,963,0,193,ŌłÆ8,110EŌłÆ2
16,980,0,192,ŌłÆ7,815EŌłÆ2
16,997,0,192,ŌłÆ7,513EŌłÆ2
17,013,0,192,ŌłÆ7,541EŌłÆ2
17,030,0,191,ŌłÆ8,350EŌłÆ2
17,047,0,194,ŌłÆ9,271EŌłÆ2
17,064,0,194,ŌłÆ9,817EŌłÆ2
17,080,0,193,ŌłÆ9,949EŌłÆ2
17,097,0,192,ŌłÆ9,783EŌłÆ2
17,114,0,192,ŌłÆ9,377EŌłÆ2
17,130,0,192,ŌłÆ9,200EŌłÆ2
17,147,0,192,ŌłÆ9,163EŌłÆ2
17,164,0,192,ŌłÆ9,230EŌłÆ2
17,180,0,191,ŌłÆ9,280EŌłÆ2
17,197,0,190,ŌłÆ9,310EŌłÆ2
17,214,0,188,ŌłÆ9,409EŌłÆ2
17,230,0,186,ŌłÆ9,474EŌłÆ2
17,247,0,185,ŌłÆ9,323EŌłÆ2
17,264,0,183,ŌłÆ9,083EŌłÆ2
17,281,0,181,ŌłÆ8,883EŌłÆ2
17,297,0,180,ŌłÆ8,653EŌłÆ2
17,314,0,179,ŌłÆ8,501EŌłÆ2
17,331,0,178,ŌłÆ8,331EŌłÆ2
17,347,0,177,ŌłÆ8,241EŌłÆ2
17,364,0,176,ŌłÆ8,271EŌłÆ2
17,381,0,173,ŌłÆ8,733EŌłÆ2
17,397,0,172,ŌłÆ9,352EŌłÆ2
17,414,0,171,ŌłÆ9,970EŌłÆ2
17,431,0,170,-0,105
17,448,0,169,-0,106
17,464,0,167,-0,105
17,481,0,167,ŌłÆ9,795EŌłÆ2
17,498,0,169,ŌłÆ8,837EŌłÆ2
17,514,0,170,ŌłÆ7,909EŌłÆ2
17,531,0,169,ŌłÆ7,093EŌłÆ2
17,548,0,167,ŌłÆ6,456EŌłÆ2
17,564,0,165,ŌłÆ6,521EŌłÆ2
17,581,0,165,ŌłÆ7,192EŌłÆ2
17,598,0,169,ŌłÆ8,349EŌłÆ2
17,615,0,177,ŌłÆ9,840EŌłÆ2
17,631,0,180,-0,114
17,648,0,179,-0,113
17,665,0,181,-0,108
17,681,0,184,ŌłÆ9,842EŌłÆ2
17,698,0,187,ŌłÆ8,846EŌłÆ2
17,715,0,188,ŌłÆ8,172EŌłÆ2
17,731,0,188,ŌłÆ8,311EŌłÆ2
17,748,0,188,ŌłÆ8,960EŌłÆ2
17,765,0,189,ŌłÆ9,609EŌłÆ2
17,781,0,190,-0,102
17,798,0,190,-0,106
17,815,0,190,-0,108
17,832,0,190,-0,106
17,848,0,193,ŌłÆ9,461EŌłÆ2
17,865,0,194,ŌłÆ9,063EŌłÆ2
17,882,0,195,ŌłÆ8,726EŌłÆ2
17,898,0,193,ŌłÆ8,848EŌłÆ2
17,915,0,192,ŌłÆ9,397EŌłÆ2
17,932,0,193,-0,100
17,948,0,192,-0,103
17,965,0,192,-0,102
17,982,0,193,ŌłÆ9,882EŌłÆ2
17,999,0,193,ŌłÆ9,365EŌłÆ2
18,015,0,194,ŌłÆ8,304EŌłÆ2
18,032,0,193,ŌłÆ8,250EŌłÆ2
18,049,0,193,ŌłÆ8,428EŌłÆ2
18,065,0,193,ŌłÆ8,704EŌłÆ2
18,082,0,189,ŌłÆ8,653EŌłÆ2
18,099,0,188,ŌłÆ8,443EŌłÆ2
18,115,0,187,ŌłÆ8,210EŌłÆ2
18,132,0,187,ŌłÆ7,975EŌłÆ2
18,149,0,186,ŌłÆ7,947EŌłÆ2
18,165,0,185,ŌłÆ8,010EŌłÆ2
18,182,0,185,ŌłÆ8,279EŌłÆ2
18,199,0,184,ŌłÆ8,729EŌłÆ2
18,216,0,185,ŌłÆ9,413EŌłÆ2
18,232,0,185,-0,102
18,249,0,184,-0,108
18,266,0,183,-0,110
18,282,0,181,-0,110
18,299,0,181,-0,106
18,316,0,183,-0,102
18,332,0,185,ŌłÆ9,549EŌłÆ2
18,349,0,185,ŌłÆ8,849EŌłÆ2
18,366,0,185,ŌłÆ8,716EŌłÆ2
18,383,0,185,ŌłÆ9,119EŌłÆ2
18,399,0,184,ŌłÆ9,571EŌłÆ2
18,416,0,183,ŌłÆ9,817EŌłÆ2
18,433,0,182,ŌłÆ9,987EŌłÆ2
18,449,0,166,ŌłÆ9,874EŌłÆ2
18,466,0,166,ŌłÆ9,570EŌłÆ2
18,483,0,161,ŌłÆ9,131EŌłÆ2
18,499,0,162,ŌłÆ8,889EŌłÆ2
18,516,0,170,ŌłÆ8,734EŌłÆ2
18,533,0,174,ŌłÆ8,524EŌłÆ2
18,549,0,172,ŌłÆ8,497EŌłÆ2
18,566,0,170,ŌłÆ8,807EŌłÆ2
18,583,0,172,ŌłÆ9,443EŌłÆ2
18,600,0,173,-0,103
18,616,0,175,-0,112
18,633,0,174,-0,119
18,650,0,174,-0,121
18,666,0,173,-0,118
18,683,0,176,-0,108
18,700,0,181,ŌłÆ9,685EŌłÆ2
18,716,0,186,ŌłÆ8,582EŌłÆ2
18,733,0,187,ŌłÆ7,501EŌłÆ2
18,750,0,185,ŌłÆ7,449EŌłÆ2
18,767,0,185,ŌłÆ7,932EŌłÆ2
18,783,0,189,ŌłÆ9,616EŌłÆ2
18,800,0,191,-0,103
18,817,0,192,-0,104
18,833,0,192,ŌłÆ9,829EŌłÆ2
18,850,0,193,ŌłÆ9,248EŌłÆ2
18,867,0,193,ŌłÆ8,658EŌłÆ2
18,883,0,194,ŌłÆ8,085EŌłÆ2
18,900,0,194,ŌłÆ7,937EŌłÆ2
18,917,0,194,ŌłÆ8,046EŌłÆ2
18,934,0,194,ŌłÆ8,423EŌłÆ2
18,950,0,193,ŌłÆ9,006EŌłÆ2
18,967,0,194,ŌłÆ9,691EŌłÆ2
18,984,0,192,-0,100
19,000,0,191,-0,100
19,017,0,190,ŌłÆ9,756EŌłÆ2
19,034,0,188,ŌłÆ9,699EŌłÆ2
19,050,0,188,ŌłÆ9,632EŌłÆ2
19,067,0,188,ŌłÆ9,415EŌłÆ2
19,084,0,188,ŌłÆ8,866EŌłÆ2
19,100,0,191,ŌłÆ7,997EŌłÆ2
19,117,0,190,ŌłÆ7,985EŌłÆ2
19,134,0,188,ŌłÆ7,974EŌłÆ2
19,151,0,187,ŌłÆ7,882EŌłÆ2
19,167,0,185,ŌłÆ7,880EŌłÆ2
19,184,0,183,ŌłÆ8,090EŌłÆ2
19,201,0,180,ŌłÆ8,463EŌłÆ2
19,217,0,180,ŌłÆ8,909EŌłÆ2
19,234,0,179,ŌłÆ9,390EŌłÆ2
19,251,0,179,ŌłÆ9,768EŌłÆ2
19,267,0,178,-0,103
19,284,0,178,-0,105
19,301,0,177,-0,100
19,318,0,176,ŌłÆ9,503EŌłÆ2
19,334,0,174,ŌłÆ9,576EŌłÆ2
19,351,0,172,ŌłÆ9,582EŌłÆ2
19,368,0,170,ŌłÆ9,419EŌłÆ2
19,384,0,169,ŌłÆ9,027EŌłÆ2
19,401,0,169,ŌłÆ8,375EŌłÆ2
19,418,0,169,ŌłÆ7,417EŌłÆ2
19,434,0,168,ŌłÆ6,706EŌłÆ2
19,451,0,166,ŌłÆ6,641EŌłÆ2
19,468,0,171,ŌłÆ8,792EŌłÆ2
19,484,0,177,-0,101
19,501,0,176,-0,105
19,518,0,175,-0,106
19,535,0,177,ŌłÆ9,027EŌłÆ2
19,551,0,180,ŌłÆ7,857EŌłÆ2
19,568,0,181,ŌłÆ7,002EŌłÆ2
19,585,0,179,ŌłÆ6,550EŌłÆ2
19,601,0,178,ŌłÆ6,497EŌłÆ2
19,618,0,178,ŌłÆ7,082EŌłÆ2
19,635,0,178,ŌłÆ7,733EŌłÆ2
19,651,0,179,ŌłÆ8,485EŌłÆ2
19,668,0,181,ŌłÆ9,234EŌłÆ2
19,685,0,180,ŌłÆ9,780EŌłÆ2
19,702,0,179,-0,102
19,718,0,179,-0,103
19,735,0,179,-0,100
19,752,0,178,ŌłÆ9,662EŌłÆ2
19,768,0,181,ŌłÆ9,042EŌłÆ2
19,785,0,182,ŌłÆ8,559EŌłÆ2
19,802,0,184,ŌłÆ8,159EŌłÆ2
19,818,0,183,ŌłÆ8,263EŌłÆ2
19,835,0,184,ŌłÆ8,911EŌłÆ2
19,852,0,185,ŌłÆ9,696EŌłÆ2
19,868,0,184,-0,101
19,885,0,182,-0,103
19,902,0,180,-0,101
19,919,0,180,ŌłÆ9,416EŌłÆ2
19,935,0,184,ŌłÆ8,244EŌłÆ2
19,952,0,186,ŌłÆ7,449EŌłÆ2
19,969,0,185,ŌłÆ6,947EŌłÆ2
19,985,0,185,ŌłÆ7,084EŌłÆ2
20,002,0,183,ŌłÆ7,616EŌłÆ2
20,019,0,184,ŌłÆ8,163EŌłÆ2
20,035,0,186,ŌłÆ9,015EŌłÆ2
20,052,0,188,ŌłÆ9,799EŌłÆ2
20,069,0,183,ŌłÆ9,260EŌłÆ2
20,086,,
20,102,,
20,119,0,189,ŌłÆ9,019EŌłÆ2
20,136,0,190,ŌłÆ8,640EŌłÆ2
20,152,0,190,ŌłÆ8,500EŌłÆ2
20,169,0,190,ŌłÆ8,483EŌłÆ2
20,186,0,190,ŌłÆ8,528EŌłÆ2
20,202,0,190,ŌłÆ8,801EŌłÆ2
20,219,0,191,ŌłÆ8,934EŌłÆ2
20,236,0,190,ŌłÆ8,813EŌłÆ2
20,253,0,191,ŌłÆ8,541EŌłÆ2
20,269,0,190,ŌłÆ8,528EŌłÆ2
20,286,0,190,ŌłÆ8,773EŌłÆ2
20,303,0,190,ŌłÆ9,140EŌłÆ2
20,319,0,188,ŌłÆ8,776EŌłÆ2
20,336,0,188,ŌłÆ8,194EŌłÆ2
20,353,0,188,ŌłÆ7,755EŌłÆ2
20,369,0,187,ŌłÆ7,610EŌłÆ2
20,386,0,185,ŌłÆ7,640EŌłÆ2
20,403,0,184,ŌłÆ8,009EŌłÆ2
20,419,0,185,ŌłÆ8,623EŌłÆ2
20,436,0,185,ŌłÆ9,205EŌłÆ2
20,453,0,186,ŌłÆ9,948EŌłÆ2
20,470,0,186,-0,102
20,486,0,186,-0,104
20,503,0,184,-0,105
20,520,0,184,-0,103
20,536,0,184,ŌłÆ9,976EŌłÆ2
20,553,0,184,ŌłÆ9,631EŌłÆ2
20,570,0,185,ŌłÆ9,153EŌłÆ2
20,586,0,185,ŌłÆ8,877EŌłÆ2
20,603,0,184,ŌłÆ8,809EŌłÆ2
20,620,0,182,ŌłÆ9,022EŌłÆ2
20,637,0,180,ŌłÆ9,674EŌłÆ2
20,653,0,180,-0,105
20,670,0,180,-0,108
20,687,0,179,-0,109
20,703,0,179,-0,107
20,720,0,180,-0,103
20,737,0,181,ŌłÆ9,541EŌłÆ2
20,753,0,183,ŌłÆ8,855EŌłÆ2
20,770,0,185,ŌłÆ8,061EŌłÆ2
20,787,0,186,ŌłÆ7,416EŌłÆ2
20,803,0,186,ŌłÆ7,081EŌłÆ2
20,820,0,185,ŌłÆ7,191EŌłÆ2
20,837,0,186,ŌłÆ7,761EŌłÆ2
20,854,0,186,ŌłÆ8,305EŌłÆ2
20,870,0,188,ŌłÆ8,954EŌłÆ2
20,887,0,188,ŌłÆ9,373EŌłÆ2
20,904,0,188,ŌłÆ9,711EŌłÆ2
20,920,0,188,-0,101
20,937,0,188,-0,106
20,954,0,187,-0,109
20,970,0,186,-0,109
20,987,0,187,-0,105
21,004,0,189,ŌłÆ9,752EŌłÆ2
21,021,0,192,ŌłÆ9,060EŌłÆ2
21,037,0,194,ŌłÆ8,630EŌłÆ2
21,054,0,194,ŌłÆ8,704EŌłÆ2
21,071,0,194,ŌłÆ8,968EŌłÆ2
21,087,0,194,ŌłÆ9,248EŌłÆ2
21,104,0,194,ŌłÆ9,653EŌłÆ2
21,121,0,194,-0,100
21,137,0,194,-0,102
21,154,0,194,-0,102
21,171,0,194,-0,101
21,187,0,194,-0,102
21,204,0,194,-0,104
21,221,0,194,-0,106
21,238,0,194,-0,108
21,254,0,194,-0,108
21,271,0,195,-0,105
21,288,0,196,-0,101
21,304,0,197,ŌłÆ9,691EŌłÆ2
21,321,0,196,ŌłÆ9,699EŌłÆ2
21,338,0,196,-0,102
21,354,0,196,-0,106
21,371,0,197,-0,105
21,388,0,197,-0,103
21,405,0,198,ŌłÆ9,908EŌłÆ2
21,421,0,199,ŌłÆ9,326EŌłÆ2
21,438,0,200,ŌłÆ8,812EŌłÆ2
21,455,0,199,ŌłÆ8,444EŌłÆ2
21,471,0,199,ŌłÆ8,430EŌłÆ2
21,488,0,198,ŌłÆ8,432EŌłÆ2
21,505,0,197,ŌłÆ8,408EŌłÆ2
21,521,0,196,ŌłÆ8,404EŌłÆ2
21,538,0,195,ŌłÆ8,444EŌłÆ2
21,555,0,195,ŌłÆ8,409EŌłÆ2
21,572,0,194,ŌłÆ8,416EŌłÆ2
21,588,0,193,ŌłÆ8,509EŌłÆ2
21,605,0,193,ŌłÆ8,360EŌłÆ2
21,622,0,192,ŌłÆ8,092EŌłÆ2
21,638,0,192,ŌłÆ7,819EŌłÆ2
21,655,0,191,ŌłÆ7,919EŌłÆ2
21,672,0,192,ŌłÆ8,797EŌłÆ2
21,688,0,192,ŌłÆ9,164EŌłÆ2
21,705,0,192,ŌłÆ9,190EŌłÆ2
21,722,0,191,ŌłÆ8,880EŌłÆ2
21,738,0,191,ŌłÆ8,365EŌłÆ2
21,755,0,192,ŌłÆ7,786EŌłÆ2
21,772,0,192,ŌłÆ7,404EŌłÆ2
21,789,0,193,ŌłÆ7,165EŌłÆ2
21,805,0,192,ŌłÆ7,139EŌłÆ2
21,822,0,192,ŌłÆ7,424EŌłÆ2
21,839,0,193,ŌłÆ7,898EŌłÆ2
21,855,0,194,ŌłÆ8,380EŌłÆ2
21,872,0,196,ŌłÆ8,893EŌłÆ2
21,889,0,196,ŌłÆ9,278EŌłÆ2
21,905,0,196,ŌłÆ9,340EŌłÆ2
21,922,0,196,ŌłÆ9,155EŌłÆ2
21,939,0,197,ŌłÆ8,706EŌłÆ2
21,956,0,197,ŌłÆ8,448EŌłÆ2
21,972,0,197,ŌłÆ8,733EŌłÆ2
21,989,0,198,ŌłÆ9,215EŌłÆ2
22,006,0,198,ŌłÆ9,652EŌłÆ2
22,022,0,198,ŌłÆ9,793EŌłÆ2
22,039,0,198,ŌłÆ9,731EŌłÆ2
22,056,0,198,ŌłÆ9,560EŌłÆ2
22,072,0,198,ŌłÆ9,444EŌłÆ2
22,089,0,197,ŌłÆ9,414EŌłÆ2
22,106,0,197,ŌłÆ9,659EŌłÆ2
22,122,0,196,ŌłÆ9,975EŌłÆ2
22,139,0,196,-0,100
22,156,0,196,ŌłÆ9,729EŌłÆ2
22,173,0,196,ŌłÆ9,347EŌłÆ2
22,189,0,196,ŌłÆ8,803EŌłÆ2
22,206,0,196,ŌłÆ8,640EŌłÆ2
22,223,0,196,ŌłÆ8,752EŌłÆ2
22,239,0,196,ŌłÆ8,808EŌłÆ2
22,256,0,196,ŌłÆ8,902EŌłÆ2
22,273,0,197,ŌłÆ8,951EŌłÆ2
22,289,0,197,ŌłÆ8,869EŌłÆ2
22,306,0,197,ŌłÆ8,707EŌłÆ2
22,323,0,197,ŌłÆ8,463EŌłÆ2
22,340,0,196,ŌłÆ8,246EŌłÆ2
22,356,0,195,ŌłÆ8,227EŌłÆ2
22,373,0,195,ŌłÆ8,314EŌłÆ2
22,390,0,194,ŌłÆ8,453EŌłÆ2
22,406,0,193,ŌłÆ8,598EŌłÆ2
22,423,0,192,ŌłÆ8,826EŌłÆ2
22,440,0,191,ŌłÆ8,919EŌłÆ2
22,456,0,189,ŌłÆ8,978EŌłÆ2
22,473,0,188,ŌłÆ8,773EŌłÆ2
22,490,0,187,ŌłÆ8,638EŌłÆ2
22,506,0,186,ŌłÆ8,647EŌłÆ2
22,523,0,184,ŌłÆ9,027EŌłÆ2
22,540,0,184,ŌłÆ9,273EŌłÆ2
22,557,0,183,ŌłÆ9,235EŌłÆ2
22,573,0,182,ŌłÆ8,962EŌłÆ2
22,590,0,181,ŌłÆ8,651EŌłÆ2
22,607,0,181,ŌłÆ8,490EŌłÆ2
22,623,0,180,ŌłÆ8,526EŌłÆ2
22,640,0,179,ŌłÆ8,662EŌłÆ2
22,657,0,178,ŌłÆ8,703EŌłÆ2
22,673,0,175,ŌłÆ8,972EŌłÆ2
22,690,0,175,ŌłÆ9,728EŌłÆ2
22,707,0,176,-0,106
22,724,0,175,-0,112
22,740,0,175,-0,112
22,757,0,174,-0,106
22,774,0,176,ŌłÆ9,843EŌłÆ2
22,790,0,181,ŌłÆ8,636EŌłÆ2
22,807,0,184,ŌłÆ7,505EŌłÆ2
22,824,0,183,ŌłÆ7,018EŌłÆ2
22,840,0,185,ŌłÆ8,102EŌłÆ2
22,857,0,188,ŌłÆ9,169EŌłÆ2
22,874,0,191,-0,100
22,891,0,191,-0,102
22,907,0,191,-0,101
22,924,0,192,ŌłÆ9,707EŌłÆ2
22,941,0,193,ŌłÆ9,191EŌłÆ2
22,957,0,195,ŌłÆ8,846EŌłÆ2
22,974,0,195,ŌłÆ8,696EŌłÆ2
22,991,0,195,ŌłÆ8,836EŌłÆ2
23,007,0,195,ŌłÆ9,070EŌłÆ2
23,024,0,195,ŌłÆ9,115EŌłÆ2
23,041,0,195,ŌłÆ9,035EŌłÆ2
23,057,0,195,ŌłÆ8,886EŌłÆ2
23,074,0,195,ŌłÆ8,541EŌłÆ2
23,091,0,195,ŌłÆ8,613EŌłÆ2
23,108,0,196,ŌłÆ9,228EŌłÆ2
23,124,0,198,ŌłÆ9,569EŌłÆ2
23,141,0,198,ŌłÆ9,398EŌłÆ2
23,158,0,197,ŌłÆ9,185EŌłÆ2
23,174,0,197,ŌłÆ8,945EŌłÆ2
23,191,0,197,ŌłÆ8,701EŌłÆ2
23,208,0,197,ŌłÆ8,581EŌłÆ2
23,224,0,197,ŌłÆ8,720EŌłÆ2
23,241,0,197,ŌłÆ8,899EŌłÆ2
23,258,0,197,ŌłÆ8,997EŌłÆ2
23,275,0,197,ŌłÆ9,000EŌłÆ2
23,291,0,197,ŌłÆ8,950EŌłÆ2
23,308,0,197,ŌłÆ8,840EŌłÆ2
23,325,0,197,ŌłÆ8,712EŌłÆ2
23,341,0,197,ŌłÆ8,690EŌłÆ2
23,358,0,197,ŌłÆ8,720EŌłÆ2
23,375,0,197,ŌłÆ8,824EŌłÆ2
23,391,0,197,ŌłÆ8,848EŌłÆ2
23,408,0,198,ŌłÆ8,726EŌłÆ2
23,425,0,198,ŌłÆ8,513EŌłÆ2
23,441,0,198,ŌłÆ8,382EŌłÆ2
23,458,0,198,ŌłÆ8,440EŌłÆ2
23,475,0,198,ŌłÆ8,642EŌłÆ2
23,492,0,198,ŌłÆ8,812EŌłÆ2
23,508,0,198,ŌłÆ8,898EŌłÆ2
23,525,0,198,ŌłÆ9,107EŌłÆ2
23,542,0,198,ŌłÆ9,170EŌłÆ2
23,558,0,197,ŌłÆ9,004EŌłÆ2
23,575,0,198,ŌłÆ8,658EŌłÆ2
23,592,0,197,ŌłÆ8,460EŌłÆ2
23,608,0,198,ŌłÆ8,406EŌłÆ2
23,625,0,198,ŌłÆ8,392EŌłÆ2
23,642,0,197,ŌłÆ8,379EŌłÆ2
23,659,0,197,ŌłÆ8,385EŌłÆ2
23,675,0,197,ŌłÆ8,448EŌłÆ2
23,692,0,197,ŌłÆ8,690EŌłÆ2
23,709,0,197,ŌłÆ8,998EŌłÆ2
23,725,0,198,ŌłÆ9,336EŌłÆ2
23,742,0,198,ŌłÆ9,645EŌłÆ2
23,759,0,198,ŌłÆ9,880EŌłÆ2
23,775,0,199,ŌłÆ9,919EŌłÆ2
23,792,0,199,ŌłÆ9,876EŌłÆ2
23,809,0,199,ŌłÆ9,906EŌłÆ2
23,825,0,199,ŌłÆ9,901EŌłÆ2
23,842,0,198,ŌłÆ9,880EŌłÆ2
23,859,0,198,ŌłÆ9,852EŌłÆ2
23,876,0,199,ŌłÆ9,987EŌłÆ2
23,892,0,198,-0,100
23,909,0,199,ŌłÆ9,923EŌłÆ2
23,926,0,199,ŌłÆ9,672EŌłÆ2
23,942,0,199,ŌłÆ9,474EŌłÆ2
23,959,0,198,ŌłÆ9,425EŌłÆ2
23,976,0,198,ŌłÆ9,608EŌłÆ2
23,992,0,197,ŌłÆ9,821EŌłÆ2
24,009,0,196,ŌłÆ9,889EŌłÆ2
24,026,0,196,ŌłÆ9,783EŌłÆ2
24,043,0,196,ŌłÆ9,590EŌłÆ2
24,059,0,195,ŌłÆ9,451EŌłÆ2
24,076,0,195,ŌłÆ9,506EŌłÆ2
24,093,0,195,ŌłÆ9,582EŌłÆ2
24,109,0,194,ŌłÆ9,437EŌłÆ2
24,126,0,194,ŌłÆ9,106EŌłÆ2
24,143,0,187,ŌłÆ8,262EŌłÆ2
24,159,0,186,ŌłÆ7,988EŌłÆ2
24,176,0,194,ŌłÆ7,964EŌłÆ2
24,193,0,195,ŌłÆ8,437EŌłÆ2
24,210,0,197,ŌłÆ9,051EŌłÆ2
24,226,0,198,ŌłÆ9,428EŌłÆ2
24,243,0,198,ŌłÆ9,614EŌłÆ2
24,260,0,198,ŌłÆ9,680EŌłÆ2
24,276,0,198,ŌłÆ9,548EŌłÆ2
24,293,0,198,ŌłÆ9,329EŌłÆ2
24,310,0,199,ŌłÆ8,880EŌłÆ2
24,326,0,199,ŌłÆ8,649EŌłÆ2
24,343,0,198,ŌłÆ8,625EŌłÆ2
24,360,0,199,ŌłÆ8,785EŌłÆ2
24,376,0,199,ŌłÆ8,954EŌłÆ2
24,393,0,199,ŌłÆ9,120EŌłÆ2
24,410,0,198,ŌłÆ9,095EŌłÆ2
24,427,0,198,ŌłÆ8,925EŌłÆ2
24,443,0,198,ŌłÆ8,679EŌłÆ2
24,460,0,197,ŌłÆ8,518EŌłÆ2
24,477,0,196,ŌłÆ8,654EŌłÆ2
24,493,0,196,ŌłÆ9,332EŌłÆ2
24,510,0,196,ŌłÆ9,605EŌłÆ2
24,527,0,196,ŌłÆ9,539EŌłÆ2
24,543,0,196,ŌłÆ8,762EŌłÆ2
24,560,0,197,ŌłÆ8,204EŌłÆ2
24,577,0,197,ŌłÆ7,724EŌłÆ2
24,594,0,198,ŌłÆ7,550EŌłÆ2
24,610,0,197,ŌłÆ7,442EŌłÆ2
24,627,0,197,ŌłÆ7,559EŌłÆ2
24,644,0,198,ŌłÆ7,672EŌłÆ2
24,660,0,198,ŌłÆ7,640EŌłÆ2
24,677,0,198,ŌłÆ7,502EŌłÆ2
24,694,0,198,ŌłÆ7,333EŌłÆ2
24,710,0,198,ŌłÆ7,320EŌłÆ2
24,727,0,198,ŌłÆ7,436EŌłÆ2
24,744,0,198,ŌłÆ7,653EŌłÆ2
24,760,0,198,ŌłÆ8,175EŌłÆ2
24,777,0,197,ŌłÆ8,407EŌłÆ2
24,794,0,197,ŌłÆ8,683EŌłÆ2
24,811,0,196,ŌłÆ8,917EŌłÆ2
24,827,0,196,ŌłÆ9,061EŌłÆ2
24,844,0,195,ŌłÆ9,095EŌłÆ2
24,861,0,194,ŌłÆ9,500EŌłÆ2
24,877,0,193,ŌłÆ9,880EŌłÆ2
24,894,0,192,-0,101
24,911,0,191,-0,101
24,927,0,190,ŌłÆ9,811EŌłÆ2
24,944,0,190,ŌłÆ9,649EŌłÆ2
24,961,0,189,ŌłÆ9,608EŌłÆ2
24,978,0,188,ŌłÆ9,608EŌłÆ2
24,994,0,187,ŌłÆ9,625EŌłÆ2
25,011,0,187,ŌłÆ9,572EŌłÆ2
25,028,0,186,ŌłÆ9,578EŌłÆ2
25,044,0,186,ŌłÆ9,483EŌłÆ2
25,061,0,187,ŌłÆ9,227EŌłÆ2
25,078,0,187,ŌłÆ8,816EŌłÆ2
25,094,0,188,ŌłÆ8,404EŌłÆ2
25,111,0,187,ŌłÆ7,704EŌłÆ2
25,128,0,187,ŌłÆ7,572EŌłÆ2
25,144,0,186,ŌłÆ7,605EŌłÆ2
25,161,0,186,ŌłÆ7,840EŌłÆ2
25,178,0,188,ŌłÆ8,640EŌłÆ2
25,195,0,188,ŌłÆ8,681EŌłÆ2
25,211,0,188,ŌłÆ8,409EŌłÆ2
25,228,0,188,ŌłÆ8,070EŌłÆ2
25,245,0,189,ŌłÆ7,281EŌłÆ2
25,261,0,189,ŌłÆ6,734EŌłÆ2
25,278,0,188,ŌłÆ6,711EŌłÆ2
25,295,0,190,ŌłÆ7,389EŌłÆ2
25,311,0,193,ŌłÆ8,311EŌłÆ2
25,328,0,195,ŌłÆ9,062EŌłÆ2
25,345,0,195,ŌłÆ9,512EŌłÆ2
25,362,0,194,ŌłÆ9,417EŌłÆ2
25,378,0,195,ŌłÆ8,971EŌłÆ2
25,395,0,195,ŌłÆ8,655EŌłÆ2
25,412,0,195,ŌłÆ8,685EŌłÆ2
25,428,0,195,ŌłÆ8,893EŌłÆ2
25,445,0,195,ŌłÆ9,114EŌłÆ2
25,462,0,195,ŌłÆ9,441EŌłÆ2
25,478,0,195,ŌłÆ9,742EŌłÆ2
25,495,0,196,ŌłÆ9,849EŌłÆ2
25,512,0,196,ŌłÆ9,835EŌłÆ2
25,529,0,197,ŌłÆ9,490EŌłÆ2
25,545,0,197,ŌłÆ8,978EŌłÆ2
25,562,0,197,ŌłÆ8,706EŌłÆ2
25,579,0,197,ŌłÆ8,727EŌłÆ2
25,595,0,196,ŌłÆ8,906EŌłÆ2
25,612,0,196,ŌłÆ9,178EŌłÆ2
25,629,0,196,ŌłÆ9,381EŌłÆ2
25,645,0,195,ŌłÆ9,287EŌłÆ2
25,662,0,195,ŌłÆ8,908EŌłÆ2
25,679,0,184,ŌłÆ8,519EŌłÆ2
25,695,0,181,ŌłÆ8,625EŌłÆ2
25,712,0,193,ŌłÆ8,851EŌłÆ2
25,729,0,192,ŌłÆ8,928EŌłÆ2
25,746,0,192,ŌłÆ8,983EŌłÆ2
25,762,0,193,ŌłÆ8,821EŌłÆ2
25,779,0,193,ŌłÆ8,374EŌłÆ2
25,796,0,194,ŌłÆ7,963EŌłÆ2
25,812,0,193,ŌłÆ7,754EŌłÆ2
25,829,0,192,ŌłÆ7,662EŌłÆ2
25,846,0,192,ŌłÆ7,725EŌłÆ2
25,862,0,192,ŌłÆ7,873EŌłÆ2
25,879,0,193,ŌłÆ7,766EŌłÆ2
25,896,0,193,ŌłÆ7,638EŌłÆ2
25,913,0,193,ŌłÆ7,638EŌłÆ2
25,929,0,194,ŌłÆ7,764EŌłÆ2
25,946,0,194,ŌłÆ8,270EŌłÆ2
25,963,0,194,ŌłÆ8,714EŌłÆ2
25,979,0,195,ŌłÆ9,156EŌłÆ2
25,996,0,194,ŌłÆ9,337EŌłÆ2
26,013,0,193,ŌłÆ9,342EŌłÆ2
26,029,0,193,ŌłÆ9,172EŌłÆ2
26,046,0,193,ŌłÆ9,205EŌłÆ2
26,063,0,192,ŌłÆ9,373EŌłÆ2
26,079,0,191,ŌłÆ9,504EŌłÆ2
26,096,0,190,ŌłÆ9,590EŌłÆ2
26,113,0,188,ŌłÆ9,659EŌłÆ2
26,130,0,187,ŌłÆ9,522EŌłÆ2
26,146,0,186,ŌłÆ9,320EŌłÆ2
26,163,0,185,ŌłÆ9,252EŌłÆ2
26,180,0,184,ŌłÆ9,889EŌłÆ2
26,196,0,185,-0,107
26,213,0,185,-0,113
26,230,0,185,-0,113
26,246,0,185,-0,109
26,263,0,185,-0,104
26,280,0,187,ŌłÆ9,716EŌłÆ2
26,297,0,187,ŌłÆ9,164EŌłÆ2
26,313,0,188,ŌłÆ8,652EŌłÆ2
26,330,0,187,ŌłÆ8,220EŌłÆ2
26,347,0,186,ŌłÆ9,015EŌłÆ2
26,363,0,188,ŌłÆ9,934EŌłÆ2
26,380,0,189,-0,105
26,397,0,188,-0,106
26,413,0,188,-0,102
26,430,0,191,ŌłÆ9,373EŌłÆ2
26,447,0,193,ŌłÆ8,582EŌłÆ2
26,463,0,191,ŌłÆ8,030EŌłÆ2
26,480,0,191,ŌłÆ8,305EŌłÆ2
26,497,0,191,ŌłÆ8,780EŌłÆ2
26,514,0,192,ŌłÆ9,205EŌłÆ2
26,530,0,192,ŌłÆ9,462EŌłÆ2
26,547,0,192,ŌłÆ9,356EŌłÆ2
26,564,0,191,ŌłÆ9,334EŌłÆ2
26,580,0,191,ŌłÆ9,326EŌłÆ2
26,597,0,191,ŌłÆ9,292EŌłÆ2
26,614,0,191,ŌłÆ9,328EŌłÆ2
26,630,0,191,ŌłÆ9,386EŌłÆ2
26,647,0,190,ŌłÆ9,493EŌłÆ2
26,664,0,190,ŌłÆ9,665EŌłÆ2
26,681,0,189,ŌłÆ9,800EŌłÆ2
26,697,0,189,ŌłÆ9,738EŌłÆ2
26,714,0,189,ŌłÆ9,575EŌłÆ2
26,731,0,190,ŌłÆ9,030EŌłÆ2
26,747,0,190,ŌłÆ8,681EŌłÆ2
26,764,0,189,ŌłÆ8,247EŌłÆ2
26,781,0,190,ŌłÆ9,161EŌłÆ2
26,797,0,191,ŌłÆ9,878EŌłÆ2
26,814,0,191,-0,101
26,831,0,190,ŌłÆ9,999EŌłÆ2
26,848,0,187,ŌłÆ8,772EŌłÆ2
26,864,0,196,ŌłÆ8,389EŌłÆ2
26,881,0,196,ŌłÆ8,312EŌłÆ2
26,898,0,195,ŌłÆ8,363EŌłÆ2
26,914,0,195,ŌłÆ8,454EŌłÆ2
26,931,0,195,ŌłÆ8,614EŌłÆ2
26,948,0,195,ŌłÆ8,787EŌłÆ2
26,964,0,194,ŌłÆ9,154EŌłÆ2
26,981,0,193,ŌłÆ9,360EŌłÆ2
26,998,0,192,ŌłÆ9,446EŌłÆ2
27,014,0,192,ŌłÆ9,101EŌłÆ2
27,031,0,192,ŌłÆ8,715EŌłÆ2
27,048,0,192,ŌłÆ8,689EŌłÆ2
27,065,0,193,ŌłÆ8,848EŌłÆ2
27,081,0,193,ŌłÆ9,052EŌłÆ2
27,098,0,193,ŌłÆ9,321EŌłÆ2
27,115,0,193,ŌłÆ9,705EŌłÆ2
27,131,0,193,ŌłÆ9,915EŌłÆ2
27,148,0,192,ŌłÆ9,811EŌłÆ2
27,165,0,193,ŌłÆ9,470EŌłÆ2
27,181,0,193,ŌłÆ9,054EŌłÆ2
27,198,0,194,ŌłÆ8,649EŌłÆ2
27,215,0,194,ŌłÆ8,404EŌłÆ2
27,232,0,193,ŌłÆ8,204EŌłÆ2
27,248,0,192,ŌłÆ8,106EŌłÆ2
27,265,0,191,ŌłÆ8,169EŌłÆ2
27,282,0,190,ŌłÆ8,545EŌłÆ2
27,298,0,190,ŌłÆ8,734EŌłÆ2
27,315,0,189,ŌłÆ8,755EŌłÆ2
27,332,0,188,ŌłÆ8,752EŌłÆ2
27,348,0,187,ŌłÆ8,449EŌłÆ2
27,365,0,187,ŌłÆ8,475EŌłÆ2
27,382,0,187,ŌłÆ8,800EŌłÆ2
27,398,0,187,ŌłÆ8,908EŌłÆ2
27,415,0,186,ŌłÆ8,878EŌłÆ2
27,432,0,186,ŌłÆ8,558EŌłÆ2
27,449,0,187,ŌłÆ8,160EŌłÆ2
27,465,0,186,ŌłÆ7,716EŌłÆ2
27,482,0,184,ŌłÆ7,082EŌłÆ2
27,499,0,183,ŌłÆ7,080EŌłÆ2
27,515,0,183,ŌłÆ7,451EŌłÆ2
27,532,0,184,ŌłÆ8,167EŌłÆ2
27,549,0,184,ŌłÆ8,918EŌłÆ2
27,565,0,183,ŌłÆ9,264EŌłÆ2
27,582,0,183,ŌłÆ8,841EŌłÆ2
27,599,0,185,ŌłÆ7,639EŌłÆ2
27,616,0,185,ŌłÆ7,023EŌłÆ2
27,632,0,182,ŌłÆ6,809EŌłÆ2
27,649,0,182,ŌłÆ7,414EŌłÆ2
27,666,0,183,ŌłÆ8,098EŌłÆ2
27,682,0,184,ŌłÆ8,784EŌłÆ2
27,699,0,185,ŌłÆ9,260EŌłÆ2
27,716,0,184,ŌłÆ9,323EŌłÆ2
27,732,0,184,ŌłÆ9,220EŌłÆ2
27,749,0,186,ŌłÆ8,933EŌłÆ2
27,766,0,187,ŌłÆ8,558EŌłÆ2
27,782,0,187,ŌłÆ8,251EŌłÆ2
27,799,0,186,ŌłÆ8,037EŌłÆ2
27,816,0,185,ŌłÆ8,073EŌłÆ2
27,833,0,184,ŌłÆ8,249EŌłÆ2
27,849,0,184,ŌłÆ8,876EŌłÆ2
27,866,0,184,ŌłÆ9,481EŌłÆ2
27,883,0,183,ŌłÆ9,965EŌłÆ2
27,899,0,182,ŌłÆ9,897EŌłÆ2
27,916,,
27,933,,
27,949,0,189,ŌłÆ7,015EŌłÆ2
27,966,0,189,ŌłÆ6,397EŌłÆ2
27,983,0,189,ŌłÆ6,398EŌłÆ2
28,000,0,192,ŌłÆ7,264EŌłÆ2
28,016,0,192,ŌłÆ7,384EŌłÆ2
28,033,0,193,ŌłÆ8,012EŌłÆ2
28,050,0,193,ŌłÆ8,115EŌłÆ2
28,066,0,193,ŌłÆ8,069EŌłÆ2
28,083,0,193,ŌłÆ8,004EŌłÆ2
28,100,0,193,ŌłÆ8,033EŌłÆ2
28,116,0,193,ŌłÆ8,160EŌłÆ2
28,133,0,194,ŌłÆ8,188EŌłÆ2
28,150,0,194,ŌłÆ8,136EŌłÆ2
28,167,0,194,ŌłÆ8,028EŌłÆ2
28,183,0,194,ŌłÆ8,067EŌłÆ2
28,200,0,195,ŌłÆ8,288EŌłÆ2
28,217,0,195,ŌłÆ8,628EŌłÆ2
28,233,0,195,ŌłÆ9,107EŌłÆ2
28,250,0,195,ŌłÆ9,607EŌłÆ2
28,267,0,195,ŌłÆ9,546EŌłÆ2
28,283,0,196,ŌłÆ9,270EŌłÆ2
28,300,0,196,ŌłÆ9,277EŌłÆ2
28,317,0,196,ŌłÆ9,550EŌłÆ2
28,333,0,197,ŌłÆ9,895EŌłÆ2
28,350,0,197,-0,102
28,367,0,197,-0,103
28,384,0,197,-0,102
28,400,0,197,ŌłÆ9,924EŌłÆ2
28,417,0,197,ŌłÆ9,646EŌłÆ2
28,434,0,196,ŌłÆ9,449EŌłÆ2
28,450,0,196,ŌłÆ9,304EŌłÆ2
28,467,0,196,ŌłÆ9,132EŌłÆ2
28,484,0,196,ŌłÆ8,901EŌłÆ2
28,500,0,196,ŌłÆ8,697EŌłÆ2
28,517,0,196,ŌłÆ8,614EŌłÆ2
28,534,0,195,ŌłÆ8,541EŌłÆ2
28,551,0,194,ŌłÆ8,588EŌłÆ2
28,567,0,193,ŌłÆ8,679EŌłÆ2
28,584,0,191,ŌłÆ8,776EŌłÆ2
28,601,0,191,ŌłÆ8,820EŌłÆ2
28,617,0,189,ŌłÆ8,722EŌłÆ2
28,634,0,187,ŌłÆ8,616EŌłÆ2
28,651,0,186,ŌłÆ8,547EŌłÆ2
28,667,0,184,ŌłÆ8,481EŌłÆ2
28,684,0,182,ŌłÆ8,290EŌłÆ2
28,701,0,180,ŌłÆ8,072EŌłÆ2
28,717,0,178,ŌłÆ8,050EŌłÆ2
28,734,0,177,ŌłÆ8,198EŌłÆ2
28,751,0,176,ŌłÆ8,514EŌłÆ2
28,768,0,175,ŌłÆ8,995EŌłÆ2
28,784,0,177,-0,103
28,801,0,178,-0,112
28,818,0,176,-0,116
28,834,0,174,-0,116
28,851,0,176,-0,109
28,868,0,181,-0,101
28,884,0,185,ŌłÆ9,114EŌłÆ2
28,901,0,186,ŌłÆ8,339EŌłÆ2
28,918,0,186,ŌłÆ7,988EŌłÆ2
28,935,0,186,ŌłÆ8,885EŌłÆ2
28,951,0,190,ŌłÆ9,939EŌłÆ2
28,968,0,192,-0,108
28,985,0,192,-0,111
29,001,0,192,-0,110
29,018,0,192,-0,105
29,035,0,194,ŌłÆ9,925EŌłÆ2
29,051,0,195,ŌłÆ9,374EŌłÆ2
29,068,0,195,ŌłÆ8,862EŌłÆ2
29,085,0,195,ŌłÆ8,615EŌłÆ2
29,101,0,195,ŌłÆ8,659EŌłÆ2
29,118,0,194,ŌłÆ8,817EŌłÆ2
29,135,0,194,ŌłÆ8,992EŌłÆ2
29,152,0,194,ŌłÆ9,306EŌłÆ2
29,168,0,194,ŌłÆ9,538EŌłÆ2
29,185,0,193,ŌłÆ9,715EŌłÆ2
29,202,0,192,ŌłÆ9,871EŌłÆ2
29,218,0,190,ŌłÆ9,932EŌłÆ2
29,235,0,189,ŌłÆ9,992EŌłÆ2
29,252,0,188,-0,101
29,268,0,187,-0,102
29,285,0,186,-0,102
29,302,0,186,-0,100
29,319,0,186,ŌłÆ9,769EŌłÆ2
29,335,0,185,ŌłÆ9,560EŌłÆ2
29,352,0,183,ŌłÆ9,806EŌłÆ2
29,369,0,184,-0,105
29,385,0,184,-0,109
29,402,0,184,-0,109
29,419,0,183,-0,107
29,435,0,183,-0,105
29,452,0,182,-0,102
29,469,0,183,ŌłÆ9,803EŌłÆ2
29,486,0,184,ŌłÆ9,286EŌłÆ2
29,502,0,185,ŌłÆ8,880EŌłÆ2
29,519,0,178,ŌłÆ8,408EŌłÆ2
29,536,0,185,ŌłÆ8,258EŌłÆ2
29,552,0,184,ŌłÆ8,016EŌłÆ2
29,569,0,184,ŌłÆ8,077EŌłÆ2
29,586,0,183,ŌłÆ8,466EŌłÆ2
29,602,0,182,ŌłÆ9,097EŌłÆ2
29,619,0,180,ŌłÆ9,125EŌłÆ2
29,636,0,178,ŌłÆ8,765EŌłÆ2
29,652,0,177,ŌłÆ7,945EŌłÆ2
29,669,0,177,ŌłÆ7,532EŌłÆ2
29,686,0,174,ŌłÆ7,343EŌłÆ2
29,703,0,175,ŌłÆ7,645EŌłÆ2
29,719,0,175,ŌłÆ8,456EŌłÆ2
29,736,0,178,ŌłÆ9,373EŌłÆ2
29,753,0,181,-0,101
29,769,0,180,-0,105
29,786,0,180,-0,105
29,803,0,180,-0,102
29,819,0,182,ŌłÆ9,767EŌłÆ2
29,836,0,184,ŌłÆ9,361EŌłÆ2
29,853,0,186,ŌłÆ8,811EŌłÆ2
29,870,0,186,ŌłÆ8,351EŌłÆ2
29,886,0,185,ŌłÆ8,285EŌłÆ2
29,903,0,184,ŌłÆ9,178EŌłÆ2
29,920,0,186,-0,101
29,936,0,186,-0,107
29,953,0,184,-0,108
29,970,0,183,-0,105
29,986,0,183,-0,101
30,003,0,183,ŌłÆ9,624EŌłÆ2
30,020,0,183,ŌłÆ9,143EŌłÆ2
30,036,0,183,ŌłÆ8,769EŌłÆ2
30,053,0,182,ŌłÆ8,674EŌłÆ2
30,070,0,181,ŌłÆ8,697EŌłÆ2
30,087,0,180,ŌłÆ8,741EŌłÆ2
30,103,0,178,ŌłÆ8,753EŌłÆ2
30,120,0,176,ŌłÆ8,854EŌłÆ2
30,137,0,173,ŌłÆ9,228EŌłÆ2
30,153,0,170,ŌłÆ9,780EŌłÆ2
30,170,0,168,-0,106
30,187,0,167,-0,115
30,203,0,165,-0,121
30,220,0,163,-0,121
30,237,0,165,-0,111
30,254,0,175,ŌłÆ9,775EŌłÆ2
30,270,0,181,ŌłÆ8,557EŌłÆ2
30,287,0,188,ŌłÆ7,509EŌłÆ2
30,304,0,190,ŌłÆ6,632EŌłÆ2
30,320,0,189,ŌłÆ6,418EŌłÆ2
30,337,0,188,ŌłÆ6,861EŌłÆ2
30,354,0,190,ŌłÆ7,895EŌłÆ2
30,370,0,194,ŌłÆ8,915EŌłÆ2
30,387,0,195,ŌłÆ9,563EŌłÆ2
30,404,0,196,ŌłÆ9,746EŌłÆ2
30,420,0,195,ŌłÆ9,321EŌłÆ2
30,437,0,196,ŌłÆ8,837EŌłÆ2
30,454,0,197,ŌłÆ8,676EŌłÆ2
30,471,0,197,ŌłÆ8,493EŌłÆ2
30,487,0,197,ŌłÆ8,592EŌłÆ2
30,504,0,197,ŌłÆ8,765EŌłÆ2
30,521,0,196,ŌłÆ9,119EŌłÆ2
30,537,0,196,ŌłÆ9,460EŌłÆ2
30,554,0,197,ŌłÆ9,935EŌłÆ2
30,571,0,197,-0,102
30,587,0,196,-0,103
30,604,0,196,-0,102
30,621,0,188,ŌłÆ9,821EŌłÆ2
30,638,0,196,ŌłÆ9,608EŌłÆ2
30,654,0,197,ŌłÆ8,991EŌłÆ2
30,671,0,198,ŌłÆ8,430EŌłÆ2
30,688,0,198,ŌłÆ8,364EŌłÆ2
30,704,0,198,ŌłÆ8,705EŌłÆ2
30,721,0,199,ŌłÆ9,108EŌłÆ2
30,738,0,199,ŌłÆ9,355EŌłÆ2
30,754,0,199,ŌłÆ9,435EŌłÆ2
30,771,0,199,ŌłÆ9,328EŌłÆ2
30,788,0,199,ŌłÆ9,121EŌłÆ2
30,805,0,199,ŌłÆ8,703EŌłÆ2
30,821,0,198,ŌłÆ8,467EŌłÆ2
30,838,0,197,ŌłÆ8,431EŌłÆ2
30,855,0,197,ŌłÆ8,401EŌłÆ2
30,871,0,196,ŌłÆ8,495EŌłÆ2
30,888,0,196,ŌłÆ8,633EŌłÆ2
30,905,0,195,ŌłÆ8,873EŌłÆ2
30,921,0,195,ŌłÆ9,149EŌłÆ2
30,938,0,195,ŌłÆ9,455EŌłÆ2
30,955,0,196,ŌłÆ9,693EŌłÆ2
30,971,0,196,ŌłÆ9,861EŌłÆ2
30,988,0,195,ŌłÆ9,968EŌłÆ2
31,005,0,195,-0,101
31,022,0,194,-0,101
31,038,0,194,ŌłÆ9,975EŌłÆ2
31,055,0,194,-0,100
31,072,0,193,-0,102
31,088,0,192,-0,104
31,105,0,192,-0,105
31,122,0,192,-0,104
31,138,0,194,ŌłÆ9,902EŌłÆ2
31,155,0,195,ŌłÆ9,623EŌłÆ2
31,172,0,194,ŌłÆ9,527EŌłÆ2
31,189,0,194,-0,100
31,205,0,195,-0,105
31,222,0,195,-0,108
31,239,0,195,-0,107
31,255,0,196,-0,104
31,272,0,197,ŌłÆ9,956EŌłÆ2
31,289,0,197,ŌłÆ9,914EŌłÆ2
31,305,0,197,ŌłÆ9,990EŌłÆ2
31,322,0,198,ŌłÆ9,955EŌłÆ2
31,339,0,198,ŌłÆ9,748EŌłÆ2
31,355,0,198,ŌłÆ9,474EŌłÆ2
31,372,0,198,ŌłÆ9,205EŌłÆ2
31,389,0,199,ŌłÆ9,024EŌłÆ2
31,406,0,199,ŌłÆ8,891EŌłÆ2
31,422,0,199,ŌłÆ8,809EŌłÆ2
31,439,0,199,ŌłÆ8,830EŌłÆ2
31,456,0,200,ŌłÆ8,937EŌłÆ2
31,472,0,200,ŌłÆ9,068EŌłÆ2
31,489,0,200,ŌłÆ9,154EŌłÆ2
31,506,0,200,ŌłÆ9,255EŌłÆ2
31,522,0,200,ŌłÆ9,291EŌłÆ2
31,539,0,200,ŌłÆ9,394EŌłÆ2
31,556,0,200,ŌłÆ9,599EŌłÆ2
31,573,0,199,ŌłÆ9,799EŌłÆ2
31,589,0,199,ŌłÆ9,954EŌłÆ2
31,606,0,198,ŌłÆ9,961EŌłÆ2
31,623,0,198,ŌłÆ9,706EŌłÆ2
31,639,0,199,ŌłÆ9,427EŌłÆ2
31,656,0,199,ŌłÆ9,334EŌłÆ2
31,673,0,199,ŌłÆ9,325EŌłÆ2
31,689,0,199,ŌłÆ9,366EŌłÆ2
31,706,0,200,ŌłÆ9,300EŌłÆ2
31,723,0,200,ŌłÆ9,151EŌłÆ2
31,740,0,200,ŌłÆ9,089EŌłÆ2
31,756,0,199,ŌłÆ9,136EŌłÆ2
31,773,0,199,ŌłÆ9,203EŌłÆ2
31,790,0,199,ŌłÆ9,356EŌłÆ2
31,806,0,199,ŌłÆ9,397EŌłÆ2
31,823,0,198,ŌłÆ9,361EŌłÆ2
31,840,0,198,ŌłÆ9,276EŌłÆ2
31,856,0,198,ŌłÆ9,153EŌłÆ2
31,873,0,198,ŌłÆ8,957EŌłÆ2
31,890,0,199,ŌłÆ8,685EŌłÆ2
31,906,0,199,ŌłÆ8,535EŌłÆ2
31,923,0,199,ŌłÆ8,634EŌłÆ2
31,940,0,199,ŌłÆ8,973EŌłÆ2
31,957,0,199,ŌłÆ9,284EŌłÆ2
31,973,0,199,ŌłÆ9,422EŌłÆ2
31,990,0,198,ŌłÆ9,422EŌłÆ2
32,007,0,198,ŌłÆ9,469EŌłÆ2
32,023,0,198,ŌłÆ9,450EŌłÆ2
32,040,0,197,ŌłÆ9,227EŌłÆ2
32,057,0,197,ŌłÆ9,025EŌłÆ2
32,073,0,197,ŌłÆ8,875EŌłÆ2
32,090,0,196,ŌłÆ8,981EŌłÆ2
32,107,0,196,ŌłÆ9,326EŌłÆ2
32,124,0,196,ŌłÆ9,666EŌłÆ2
32,140,0,196,-0,100
32,157,0,196,-0,104
32,174,0,196,-0,107
32,190,0,196,-0,108
32,207,0,196,-0,107
32,224,0,196,-0,103
32,240,0,198,ŌłÆ9,751EŌłÆ2
32,257,0,198,ŌłÆ9,201EŌłÆ2
32,274,0,198,ŌłÆ8,895EŌłÆ2
32,290,0,198,ŌłÆ8,653EŌłÆ2
32,307,0,197,ŌłÆ8,325EŌłÆ2
32,324,0,197,ŌłÆ8,123EŌłÆ2
32,341,0,197,ŌłÆ7,908EŌłÆ2
32,357,0,197,ŌłÆ7,565EŌłÆ2
32,374,0,197,ŌłÆ7,426EŌłÆ2
32,391,0,197,ŌłÆ7,421EŌłÆ2
32,407,0,197,ŌłÆ7,460EŌłÆ2
32,424,0,197,ŌłÆ7,670EŌłÆ2
32,441,0,197,ŌłÆ7,869EŌłÆ2
32,457,0,197,ŌłÆ8,036EŌłÆ2
32,474,0,197,ŌłÆ8,283EŌłÆ2
32,491,0,197,ŌłÆ8,590EŌłÆ2
32,508,0,197,ŌłÆ8,800EŌłÆ2
32,524,0,196,ŌłÆ8,953EŌłÆ2
32,541,0,195,ŌłÆ8,856EŌłÆ2
32,558,0,194,ŌłÆ8,630EŌłÆ2
32,574,0,192,ŌłÆ8,633EŌłÆ2
32,591,0,191,ŌłÆ8,744EŌłÆ2
32,608,0,190,ŌłÆ8,977EŌłÆ2
32,624,0,189,ŌłÆ9,390EŌłÆ2
32,641,0,190,-0,101
32,658,0,190,-0,107
32,674,0,190,-0,108
32,691,0,190,-0,106
32,708,0,192,-0,101
32,725,0,195,ŌłÆ9,451EŌłÆ2
32,741,0,196,ŌłÆ8,966EŌłÆ2
32,758,0,196,ŌłÆ8,906EŌłÆ2
32,775,0,196,ŌłÆ9,171EŌłÆ2
32,791,0,195,ŌłÆ9,686EŌłÆ2
32,808,0,195,-0,101
32,825,0,194,-0,103
32,841,0,194,-0,100
32,858,0,195,ŌłÆ9,583EŌłÆ2
32,875,0,195,ŌłÆ8,791EŌłÆ2
32,892,0,188,ŌłÆ7,913EŌłÆ2
32,908,0,196,ŌłÆ7,760EŌłÆ2
32,925,0,196,ŌłÆ7,730EŌłÆ2
32,942,0,196,ŌłÆ8,450EŌłÆ2
32,958,0,197,ŌłÆ9,127EŌłÆ2
32,975,0,197,ŌłÆ9,542EŌłÆ2
32,992,0,197,ŌłÆ9,750EŌłÆ2
33,008,0,197,ŌłÆ9,682EŌłÆ2
33,025,0,198,ŌłÆ9,608EŌłÆ2
33,042,0,198,ŌłÆ9,373EŌłÆ2
33,059,0,199,ŌłÆ9,095EŌłÆ2
33,075,0,200,ŌłÆ8,819EŌłÆ2
33,092,0,199,ŌłÆ8,687EŌłÆ2
33,109,0,198,ŌłÆ8,719EŌłÆ2
33,125,0,198,ŌłÆ8,860EŌłÆ2
33,142,0,198,ŌłÆ9,012EŌłÆ2
33,159,0,197,ŌłÆ8,873EŌłÆ2
33,175,0,197,ŌłÆ8,632EŌłÆ2
33,192,0,196,ŌłÆ8,098EŌłÆ2
33,209,0,196,ŌłÆ7,721EŌłÆ2
33,225,0,196,ŌłÆ7,527EŌłÆ2
33,242,0,196,ŌłÆ7,593EŌłÆ2
33,259,0,196,ŌłÆ7,969EŌłÆ2
33,276,0,197,ŌłÆ8,414EŌłÆ2
33,292,0,198,ŌłÆ8,959EŌłÆ2
33,309,0,198,ŌłÆ9,389EŌłÆ2
33,326,0,198,ŌłÆ9,626EŌłÆ2
33,342,0,197,ŌłÆ9,766EŌłÆ2
33,359,0,196,ŌłÆ9,706EŌłÆ2
33,376,0,196,ŌłÆ9,525EŌłÆ2
33,392,0,194,ŌłÆ9,426EŌłÆ2
33,409,0,193,ŌłÆ9,469EŌłÆ2
33,426,0,191,ŌłÆ9,433EŌłÆ2
33,443,0,190,ŌłÆ9,295EŌłÆ2
33,459,0,190,ŌłÆ8,712EŌłÆ2
33,476,0,190,ŌłÆ8,595EŌłÆ2
33,493,0,189,ŌłÆ8,683EŌłÆ2
33,509,0,189,ŌłÆ9,026EŌłÆ2
33,526,0,189,ŌłÆ9,437EŌłÆ2
33,543,0,190,ŌłÆ9,209EŌłÆ2
33,559,0,192,ŌłÆ8,555EŌłÆ2
33,576,0,194,ŌłÆ7,864EŌłÆ2
33,593,0,195,ŌłÆ7,427EŌłÆ2
33,609,0,195,ŌłÆ7,215EŌłÆ2
33,626,0,195,ŌłÆ7,184EŌłÆ2
33,643,0,195,ŌłÆ7,451EŌłÆ2
33,660,0,195,ŌłÆ7,905EŌłÆ2
33,676,0,196,ŌłÆ8,349EŌłÆ2
33,693,0,197,ŌłÆ8,727EŌłÆ2
33,710,0,197,ŌłÆ9,066EŌłÆ2
33,726,0,197,ŌłÆ9,443EŌłÆ2
33,743,0,197,ŌłÆ9,990EŌłÆ2
33,760,0,197,-0,103
33,776,0,197,-0,103
33,793,0,197,-0,102
33,810,0,197,-0,102
33,827,0,197,-0,103
33,843,0,197,-0,103
33,860,0,197,-0,103
33,877,0,198,-0,102
33,893,0,199,ŌłÆ9,914EŌłÆ2
33,910,0,199,ŌłÆ9,611EŌłÆ2
33,927,0,199,ŌłÆ9,367EŌłÆ2
33,943,0,199,ŌłÆ9,264EŌłÆ2
33,960,0,199,ŌłÆ9,204EŌłÆ2
33,977,0,198,ŌłÆ9,165EŌłÆ2
33,993,0,197,ŌłÆ9,197EŌłÆ2
34,010,0,197,ŌłÆ9,281EŌłÆ2
34,027,0,196,ŌłÆ9,341EŌłÆ2
34,044,0,195,ŌłÆ9,362EŌłÆ2
34,060,0,195,ŌłÆ9,103EŌłÆ2
34,077,0,194,ŌłÆ8,926EŌłÆ2
34,094,0,194,ŌłÆ8,826EŌłÆ2
34,110,0,194,ŌłÆ8,782EŌłÆ2
34,127,0,194,ŌłÆ8,631EŌłÆ2
34,144,0,193,ŌłÆ8,353EŌłÆ2
34,160,0,192,ŌłÆ8,268EŌłÆ2
34,177,0,192,ŌłÆ8,571EŌłÆ2
34,194,0,192,ŌłÆ8,914EŌłÆ2
34,211,0,191,ŌłÆ8,997EŌłÆ2
34,227,0,190,ŌłÆ9,058EŌłÆ2
34,244,0,190,ŌłÆ8,986EŌłÆ2
34,261,0,189,ŌłÆ8,877EŌłÆ2
34,277,0,189,ŌłÆ8,915EŌłÆ2
34,294,0,187,ŌłÆ8,798EŌłÆ2
34,311,0,186,ŌłÆ9,247EŌłÆ2
34,327,0,188,ŌłÆ9,966EŌłÆ2
34,344,0,188,-0,102
34,361,0,188,ŌłÆ9,958EŌłÆ2
34,378,0,189,ŌłÆ9,274EŌłÆ2
34,394,0,192,ŌłÆ8,577EŌłÆ2
34,411,0,194,ŌłÆ7,964EŌłÆ2
34,428,0,194,ŌłÆ7,619EŌłÆ2
34,444,0,193,ŌłÆ7,527EŌłÆ2
34,461,0,193,ŌłÆ7,566EŌłÆ2
34,478,0,193,ŌłÆ7,867EŌłÆ2
34,494,0,194,ŌłÆ8,216EŌłÆ2
34,511,0,195,ŌłÆ8,513EŌłÆ2
34,528,0,194,ŌłÆ8,651EŌłÆ2
34,544,0,194,ŌłÆ8,893EŌłÆ2
34,561,0,194,ŌłÆ9,243EŌłÆ2
34,578,0,193,ŌłÆ9,578EŌłÆ2
34,595,0,192,ŌłÆ9,885EŌłÆ2
34,611,0,192,-0,102
34,628,0,191,-0,102
34,645,0,191,ŌłÆ9,881EŌłÆ2
34,661,0,194,ŌłÆ8,822EŌłÆ2
34,678,0,194,ŌłÆ8,253EŌłÆ2
34,695,0,195,ŌłÆ7,845EŌłÆ2
34,711,0,195,ŌłÆ7,706EŌłÆ2
34,728,0,195,ŌłÆ7,779EŌłÆ2
34,745,0,196,ŌłÆ8,124EŌłÆ2
34,762,0,196,ŌłÆ8,431EŌłÆ2
34,778,0,196,ŌłÆ8,588EŌłÆ2
34,795,0,195,ŌłÆ8,638EŌłÆ2
34,812,0,194,ŌłÆ8,640EŌłÆ2
34,828,0,194,ŌłÆ8,567EŌłÆ2
34,845,0,194,ŌłÆ8,477EŌłÆ2
34,862,0,193,ŌłÆ8,486EŌłÆ2
34,878,0,193,ŌłÆ8,615EŌłÆ2
34,895,0,193,ŌłÆ8,845EŌłÆ2
34,912,0,193,ŌłÆ9,103EŌłÆ2
34,928,0,192,ŌłÆ9,309EŌłÆ2
34,945,0,192,ŌłÆ9,173EŌłÆ2
34,962,0,185,ŌłÆ8,566EŌłÆ2
34,979,0,184,ŌłÆ8,223EŌłÆ2
34,995,0,185,ŌłÆ7,917EŌłÆ2
35,012,0,185,ŌłÆ7,405EŌłÆ2
35,029,0,191,ŌłÆ7,144EŌłÆ2
35,045,0,191,ŌłÆ7,149EŌłÆ2
35,062,0,190,ŌłÆ7,522EŌłÆ2
35,079,0,189,ŌłÆ8,072EŌłÆ2
35,095,0,188,ŌłÆ8,585EŌłÆ2
35,112,0,187,ŌłÆ8,979EŌłÆ2
35,129,0,185,ŌłÆ9,031EŌłÆ2
35,146,0,184,ŌłÆ8,656EŌłÆ2
35,162,0,183,ŌłÆ8,563EŌłÆ2
35,179,0,181,ŌłÆ8,796EŌłÆ2
35,196,0,180,ŌłÆ9,279EŌłÆ2
35,212,0,179,ŌłÆ9,757EŌłÆ2
35,229,0,178,ŌłÆ9,961EŌłÆ2
35,246,0,176,ŌłÆ9,797EŌłÆ2
35,262,0,172,ŌłÆ8,606EŌłÆ2
35,279,0,177,ŌłÆ8,792EŌłÆ2
35,296,0,175,ŌłÆ8,201EŌłÆ2
35,312,0,174,ŌłÆ8,155EŌłÆ2
35,329,0,173,ŌłÆ8,704EŌłÆ2
35,346,0,174,ŌłÆ9,661EŌłÆ2
35,363,0,175,-0,105
35,379,0,174,-0,107
35,396,0,176,ŌłÆ9,810EŌłÆ2
35,413,0,181,ŌłÆ8,591EŌłÆ2
35,429,0,186,ŌłÆ7,577EŌłÆ2
35,446,0,187,ŌłÆ6,921EŌłÆ2
35,463,0,187,ŌłÆ6,946EŌłÆ2
35,479,0,189,ŌłÆ7,740EŌłÆ2
35,496,0,191,ŌłÆ8,317EŌłÆ2
35,513,0,191,ŌłÆ8,609EŌłÆ2
35,530,0,191,ŌłÆ8,718EŌłÆ2
35,546,0,191,ŌłÆ8,355EŌłÆ2
35,563,0,192,ŌłÆ7,774EŌłÆ2
35,580,0,192,ŌłÆ7,319EŌłÆ2
35,596,0,192,ŌłÆ7,131EŌłÆ2
35,613,0,191,ŌłÆ7,289EŌłÆ2
35,630,0,192,ŌłÆ7,700EŌłÆ2
35,646,0,196,ŌłÆ8,867EŌłÆ2
35,663,,
35,680,0,198,ŌłÆ9,335EŌłÆ2
35,697,0,199,ŌłÆ9,308EŌłÆ2
35,713,0,199,ŌłÆ9,238EŌłÆ2
35,730,0,198,ŌłÆ9,186EŌłÆ2
35,747,0,198,ŌłÆ9,190EŌłÆ2
35,763,0,198,ŌłÆ9,333EŌłÆ2
35,780,0,198,ŌłÆ9,530EŌłÆ2
35,797,0,198,ŌłÆ9,585EŌłÆ2
35,813,0,197,ŌłÆ9,542EŌłÆ2
35,830,0,197,ŌłÆ9,373EŌłÆ2
35,847,0,197,ŌłÆ9,182EŌłÆ2
35,863,0,197,ŌłÆ9,000EŌłÆ2
35,880,0,196,ŌłÆ8,806EŌłÆ2
35,897,0,196,ŌłÆ8,641EŌłÆ2
35,914,0,195,ŌłÆ8,514EŌłÆ2
35,930,0,195,ŌłÆ8,304EŌłÆ2
35,947,0,195,ŌłÆ8,124EŌłÆ2
35,964,0,187,ŌłÆ8,004EŌłÆ2
35,980,0,195,ŌłÆ8,062EŌłÆ2
35,997,0,196,ŌłÆ8,371EŌłÆ2
36,014,0,196,ŌłÆ8,679EŌłÆ2
36,030,0,196,ŌłÆ9,059EŌłÆ2
36,047,0,196,ŌłÆ9,428EŌłÆ2
36,064,0,197,ŌłÆ9,773EŌłÆ2
36,081,0,197,-0,100
36,097,0,197,-0,101
36,114,0,197,-0,102
36,131,0,196,-0,101
36,147,0,196,-0,100
36,164,0,195,ŌłÆ9,739EŌłÆ2
36,181,0,194,ŌłÆ9,442EŌłÆ2
36,197,0,194,ŌłÆ9,226EŌłÆ2
36,214,0,194,ŌłÆ9,057EŌłÆ2
36,231,0,194,ŌłÆ8,852EŌłÆ2
36,247,0,187,ŌłÆ8,388EŌłÆ2
36,264,0,194,ŌłÆ8,207EŌłÆ2
36,281,0,194,ŌłÆ8,035EŌłÆ2
36,298,0,193,ŌłÆ8,075EŌłÆ2
36,314,0,192,ŌłÆ8,111EŌłÆ2
36,331,0,191,ŌłÆ8,140EŌłÆ2
36,348,0,190,ŌłÆ8,251EŌłÆ2
36,364,0,188,ŌłÆ8,470EŌłÆ2
36,381,0,186,ŌłÆ8,745EŌłÆ2
36,398,0,185,ŌłÆ8,819EŌłÆ2
36,414,0,183,ŌłÆ8,611EŌłÆ2
36,431,0,181,ŌłÆ8,365EŌłÆ2
36,448,0,180,ŌłÆ8,169EŌłÆ2
36,465,0,179,ŌłÆ8,045EŌłÆ2
36,481,0,177,ŌłÆ8,115EŌłÆ2
36,498,0,176,ŌłÆ8,329EŌłÆ2
36,515,0,175,ŌłÆ8,605EŌłÆ2
36,531,0,175,ŌłÆ9,018EŌłÆ2
36,548,0,175,ŌłÆ9,563EŌłÆ2
36,565,0,175,-0,101
36,581,0,174,-0,106
36,598,0,173,-0,105
36,615,0,174,ŌłÆ9,996EŌłÆ2
36,631,0,177,ŌłÆ9,026EŌłÆ2
36,648,0,185,ŌłÆ7,531EŌłÆ2
36,665,0,186,ŌłÆ7,000EŌłÆ2
36,682,0,185,ŌłÆ7,003EŌłÆ2
36,698,0,188,ŌłÆ7,947EŌłÆ2
36,715,0,193,ŌłÆ8,877EŌłÆ2
36,732,0,195,ŌłÆ9,489EŌłÆ2
36,748,0,195,ŌłÆ9,634EŌłÆ2
36,765,0,195,ŌłÆ9,131EŌłÆ2
36,782,0,195,ŌłÆ8,845EŌłÆ2
36,798,0,196,ŌłÆ8,532EŌłÆ2
36,815,0,196,ŌłÆ8,354EŌłÆ2
36,832,0,195,ŌłÆ8,356EŌłÆ2
36,849,0,195,ŌłÆ8,456EŌłÆ2
36,865,0,195,ŌłÆ8,576EŌłÆ2
36,882,0,195,ŌłÆ8,598EŌłÆ2
36,899,0,195,ŌłÆ8,584EŌłÆ2
36,915,0,195,ŌłÆ8,551EŌłÆ2
36,932,0,195,ŌłÆ8,525EŌłÆ2
36,949,0,196,ŌłÆ8,633EŌłÆ2
36,965,0,196,ŌłÆ8,693EŌłÆ2
36,982,0,197,ŌłÆ8,761EŌłÆ2
36,999,0,197,ŌłÆ8,865EŌłÆ2
37,016,0,197,ŌłÆ8,906EŌłÆ2
37,032,0,197,ŌłÆ8,838EŌłÆ2
37,049,0,196,ŌłÆ8,679EŌłÆ2
37,066,0,196,ŌłÆ8,488EŌłÆ2
37,082,0,195,ŌłÆ8,250EŌłÆ2
37,099,0,194,ŌłÆ8,065EŌłÆ2
37,116,0,194,ŌłÆ8,127EŌłÆ2
37,132,0,194,ŌłÆ8,469EŌłÆ2
37,149,0,195,ŌłÆ8,840EŌłÆ2
37,166,0,195,ŌłÆ9,049EŌłÆ2
37,182,0,196,ŌłÆ8,830EŌłÆ2
37,199,0,197,ŌłÆ8,351EŌłÆ2
37,216,0,197,ŌłÆ7,908EŌłÆ2
37,233,0,196,ŌłÆ7,693EŌłÆ2
37,249,0,196,ŌłÆ7,649EŌłÆ2
37,266,0,195,ŌłÆ7,775EŌłÆ2
37,283,0,194,ŌłÆ8,019EŌłÆ2
37,299,0,194,ŌłÆ8,296EŌłÆ2
37,316,0,194,ŌłÆ8,702EŌłÆ2
37,333,0,194,ŌłÆ9,045EŌłÆ2
37,349,0,195,ŌłÆ9,417EŌłÆ2
37,366,0,195,ŌłÆ9,655EŌłÆ2
37,383,0,194,ŌłÆ9,731EŌłÆ2
37,400,0,193,ŌłÆ9,523EŌłÆ2
37,416,0,193,ŌłÆ9,327EŌłÆ2
37,433,0,192,ŌłÆ9,803EŌłÆ2
37,450,0,192,-0,104
37,466,0,191,-0,105
37,483,0,191,-0,103
37,500,0,192,ŌłÆ9,502EŌłÆ2
37,516,0,194,ŌłÆ8,747EŌłÆ2
37,533,0,195,ŌłÆ8,167EŌłÆ2
37,550,0,195,ŌłÆ7,787EŌłÆ2
37,566,0,195,ŌłÆ7,623EŌłÆ2
37,583,0,195,ŌłÆ7,745EŌłÆ2
37,600,0,187,ŌłÆ8,342EŌłÆ2
37,617,0,196,ŌłÆ8,601EŌłÆ2
37,633,0,196,ŌłÆ8,911EŌłÆ2
37,650,0,196,ŌłÆ8,803EŌłÆ2
37,667,0,196,ŌłÆ8,561EŌłÆ2
37,683,0,195,ŌłÆ8,287EŌłÆ2
37,700,0,195,ŌłÆ7,916EŌłÆ2
37,717,0,194,ŌłÆ7,473EŌłÆ2
37,733,0,194,ŌłÆ7,202EŌłÆ2
37,750,0,194,ŌłÆ7,133EŌłÆ2
37,767,0,194,ŌłÆ7,170EŌłÆ2
37,784,0,194,ŌłÆ7,333EŌłÆ2
37,800,0,194,ŌłÆ7,597EŌłÆ2
37,817,0,196,ŌłÆ8,077EŌłÆ2
37,834,0,197,ŌłÆ8,514EŌłÆ2
37,850,0,197,ŌłÆ8,862EŌłÆ2
37,867,0,197,ŌłÆ9,161EŌłÆ2
37,884,0,198,ŌłÆ9,398EŌłÆ2
37,900,0,197,ŌłÆ9,059EŌłÆ2
37,917,0,198,ŌłÆ8,677EŌłÆ2
37,934,0,198,ŌłÆ8,436EŌłÆ2
37,950,0,198,ŌłÆ8,264EŌłÆ2
37,967,0,198,ŌłÆ8,215EŌłÆ2
37,984,0,198,ŌłÆ8,260EŌłÆ2
38,001,0,198,ŌłÆ8,430EŌłÆ2
38,017,0,198,ŌłÆ8,663EŌłÆ2
38,034,0,198,ŌłÆ8,977EŌłÆ2
38,051,0,198,ŌłÆ9,283EŌłÆ2
38,067,0,198,ŌłÆ9,662EŌłÆ2
38,084,0,198,-0,100
38,101,0,197,-0,101
38,117,0,197,-0,100
38,134,0,197,ŌłÆ9,868EŌłÆ2
38,151,0,196,ŌłÆ9,772EŌłÆ2
38,168,0,196,ŌłÆ9,677EŌłÆ2
38,184,0,195,ŌłÆ9,471EŌłÆ2
38,201,0,195,ŌłÆ9,222EŌłÆ2
38,218,0,194,ŌłÆ8,985EŌłÆ2
38,234,0,194,ŌłÆ8,808EŌłÆ2
38,251,0,195,ŌłÆ8,598EŌłÆ2
38,268,0,195,ŌłÆ8,468EŌłÆ2
38,284,0,196,ŌłÆ8,382EŌłÆ2
38,301,0,196,ŌłÆ8,535EŌłÆ2
38,318,0,197,ŌłÆ8,743EŌłÆ2
38,335,0,197,ŌłÆ8,705EŌłÆ2
38,351,0,197,ŌłÆ8,204EŌłÆ2
38,368,0,196,ŌłÆ7,969EŌłÆ2
38,385,0,195,ŌłÆ7,932EŌłÆ2
38,401,0,194,ŌłÆ7,992EŌłÆ2
38,418,0,194,ŌłÆ8,242EŌłÆ2
38,435,0,194,ŌłÆ8,605EŌłÆ2
38,451,0,194,ŌłÆ8,943EŌłÆ2
38,468,0,195,ŌłÆ9,015EŌłÆ2
38,485,0,195,ŌłÆ8,710EŌłÆ2
38,501,0,194,ŌłÆ8,427EŌłÆ2
38,518,0,193,ŌłÆ8,228EŌłÆ2
38,535,0,192,ŌłÆ8,212EŌłÆ2
38,552,0,190,ŌłÆ8,201EŌłÆ2
38,568,0,189,ŌłÆ8,385EŌłÆ2
38,585,0,188,ŌłÆ8,730EŌłÆ2
38,602,0,186,ŌłÆ8,986EŌłÆ2
38,618,0,185,ŌłÆ9,020EŌłÆ2
38,635,0,184,ŌłÆ9,194EŌłÆ2
38,652,0,184,ŌłÆ9,357EŌłÆ2
38,668,0,183,ŌłÆ9,395EŌłÆ2
38,685,0,182,ŌłÆ9,205EŌłÆ2
38,702,0,181,ŌłÆ8,893EŌłÆ2
38,719,0,179,ŌłÆ8,708EŌłÆ2
38,735,0,177,ŌłÆ8,925EŌłÆ2
38,752,0,176,ŌłÆ9,476EŌłÆ2
38,769,0,174,ŌłÆ9,800EŌłÆ2
38,785,0,171,ŌłÆ9,494EŌłÆ2
38,802,0,170,ŌłÆ8,778EŌłÆ2
38,819,0,168,ŌłÆ8,461EŌłÆ2
38,835,0,166,ŌłÆ8,235EŌłÆ2
38,852,0,163,ŌłÆ8,547EŌłÆ2
38,869,0,160,ŌłÆ9,724EŌłÆ2
38,885,0,160,-0,106
38,902,0,160,-0,114
38,919,,
38,936,0,156,-0,118
38,952,0,158,-0,112
38,969,0,162,-0,100
38,986,0,169,ŌłÆ9,343EŌłÆ2
39,002,0,171,ŌłÆ8,859EŌłÆ2
39,019,0,172,ŌłÆ8,532EŌłÆ2
39,036,0,169,ŌłÆ8,402EŌłÆ2
39,052,0,169,ŌłÆ9,651EŌłÆ2
39,069,0,173,-0,109
39,086,0,174,-0,118
39,103,0,174,-0,123
39,119,0,173,-0,123
39,136,0,173,-0,120
39,153,0,181,-0,103
39,169,0,186,ŌłÆ9,320EŌłÆ2
39,186,0,189,ŌłÆ8,655EŌłÆ2
39,203,0,189,ŌłÆ8,617EŌłÆ2
39,219,0,189,ŌłÆ9,136EŌłÆ2
39,236,0,190,ŌłÆ9,828EŌłÆ2
39,253,0,191,-0,106
39,269,0,191,-0,107
39,286,0,192,-0,106
39,303,0,194,-0,100
39,320,0,193,-0,100
39,336,0,192,-0,102
39,353,0,191,-0,103
39,370,0,191,-0,103
39,386,0,190,-0,101
39,403,0,189,ŌłÆ9,831EŌłÆ2
39,420,0,189,ŌłÆ9,353EŌłÆ2
39,436,0,189,ŌłÆ8,945EŌłÆ2
39,453,0,188,ŌłÆ8,696EŌłÆ2
39,470,0,186,ŌłÆ8,699EŌłÆ2
39,487,0,185,ŌłÆ9,043EŌłÆ2
39,503,0,184,ŌłÆ9,485EŌłÆ2
39,520,0,182,ŌłÆ9,571EŌłÆ2
39,537,0,181,ŌłÆ9,284EŌłÆ2
39,553,0,182,ŌłÆ8,667EŌłÆ2
39,570,0,181,ŌłÆ8,536EŌłÆ2
39,587,0,179,ŌłÆ8,672EŌłÆ2
39,603,0,179,ŌłÆ9,527EŌłÆ2
39,620,0,181,-0,102
39,637,0,180,-0,105
39,654,0,179,-0,106
39,670,0,178,-0,103
39,687,0,178,ŌłÆ9,943EŌłÆ2
39,704,0,180,ŌłÆ9,015EŌłÆ2
39,720,0,181,ŌłÆ8,363EŌłÆ2
39,737,0,180,ŌłÆ7,844EŌłÆ2
39,754,0,179,ŌłÆ7,828EŌłÆ2
39,770,0,181,ŌłÆ8,765EŌłÆ2
39,787,0,182,ŌłÆ9,590EŌłÆ2
39,804,0,182,ŌłÆ9,206EŌłÆ2
39,820,0,179,ŌłÆ7,979EŌłÆ2
39,837,0,186,ŌłÆ7,700EŌłÆ2
39,854,0,186,ŌłÆ7,527EŌłÆ2
39,871,0,185,ŌłÆ7,595EŌłÆ2
39,887,0,188,ŌłÆ8,849EŌłÆ2
39,904,0,191,ŌłÆ9,798EŌłÆ2
39,921,0,192,-0,102
39,937,0,192,-0,101
39,954,0,195,ŌłÆ9,280EŌłÆ2
39,971,0,196,ŌłÆ8,855EŌłÆ2
39,987,0,196,ŌłÆ8,451EŌłÆ2
40,004,0,196,ŌłÆ8,519EŌłÆ2
40,021,0,196,ŌłÆ8,931EŌłÆ2
40,038,0,196,ŌłÆ9,277EŌłÆ2
40,054,0,195,ŌłÆ9,413EŌłÆ2
40,071,0,194,ŌłÆ9,309EŌłÆ2
40,088,0,194,ŌłÆ9,184EŌłÆ2
40,104,0,194,ŌłÆ9,163EŌłÆ2
40,121,0,194,ŌłÆ9,111EŌłÆ2
40,138,0,194,ŌłÆ9,050EŌłÆ2
40,154,0,194,ŌłÆ8,813EŌłÆ2
40,171,0,194,ŌłÆ8,704EŌłÆ2
40,188,0,195,ŌłÆ8,979EŌłÆ2
40,204,0,195,ŌłÆ9,325EŌłÆ2
40,221,0,194,ŌłÆ9,492EŌłÆ2
40,238,0,194,ŌłÆ9,534EŌłÆ2
40,255,0,193,ŌłÆ9,469EŌłÆ2
40,271,0,193,ŌłÆ9,510EŌłÆ2
40,288,0,192,ŌłÆ9,512EŌłÆ2
40,305,0,191,ŌłÆ9,448EŌłÆ2
40,321,0,191,ŌłÆ9,479EŌłÆ2
