,mass A,,
t,x,y,
0,000,0,188,ŌłÆ7,542EŌłÆ2
0,017,0,188,ŌłÆ8,232EŌłÆ2
0,033,0,191,ŌłÆ9,254EŌłÆ2
0,050,0,189,ŌłÆ9,803EŌłÆ2
0,067,0,176,ŌłÆ9,144EŌłÆ2
0,084,0,191,-0,100
0,100,0,190,-0,104
0,117,0,191,-0,112
0,134,0,189,-0,112
0,150,0,189,-0,109
0,167,0,190,ŌłÆ9,458EŌłÆ2
0,184,0,191,ŌłÆ8,701EŌłÆ2
0,201,0,185,ŌłÆ8,345EŌłÆ2
0,217,0,184,ŌłÆ8,367EŌłÆ2
0,234,0,183,ŌłÆ8,822EŌłÆ2
0,251,0,184,ŌłÆ9,609EŌłÆ2
0,267,0,183,-0,102
0,284,0,182,-0,103
0,301,0,181,ŌłÆ9,517EŌłÆ2
0,318,0,179,ŌłÆ9,032EŌłÆ2
0,334,0,177,ŌłÆ8,573EŌłÆ2
0,351,0,175,ŌłÆ7,952EŌłÆ2
0,368,0,173,ŌłÆ7,480EŌłÆ2
0,384,0,170,ŌłÆ7,272EŌłÆ2
0,401,0,167,ŌłÆ7,387EŌłÆ2
0,418,0,169,ŌłÆ8,783EŌłÆ2
0,435,0,176,-0,101
0,451,0,181,-0,116
0,468,0,177,-0,120
0,485,0,177,-0,118
0,501,0,184,ŌłÆ9,963EŌłÆ2
0,518,0,190,ŌłÆ8,789EŌłÆ2
0,535,0,182,ŌłÆ7,500EŌłÆ2
0,552,0,189,ŌłÆ8,273EŌłÆ2
0,568,0,189,ŌłÆ8,890EŌłÆ2
0,585,0,189,ŌłÆ9,654EŌłÆ2
0,602,0,188,-0,104
0,618,0,189,-0,114
0,635,0,191,-0,122
0,652,0,187,-0,122
0,669,0,187,-0,121
0,685,0,186,-0,118
0,702,0,186,-0,112
0,719,0,187,-0,106
0,735,0,188,-0,100
0,752,0,189,ŌłÆ9,480EŌłÆ2
0,769,0,189,ŌłÆ9,413EŌłÆ2
0,786,0,188,ŌłÆ9,619EŌłÆ2
0,802,0,186,ŌłÆ9,697EŌłÆ2
0,819,0,184,ŌłÆ9,695EŌłÆ2
0,836,0,184,ŌłÆ9,426EŌłÆ2
0,852,0,179,ŌłÆ8,613EŌłÆ2
0,869,0,177,ŌłÆ8,551EŌłÆ2
0,886,0,175,ŌłÆ9,307EŌłÆ2
0,903,0,179,-0,106
0,919,0,182,-0,118
0,936,0,183,-0,120
0,953,0,183,-0,119
0,969,0,183,-0,116
0,986,0,186,-0,108
1,003,0,189,-0,101
1,020,0,188,ŌłÆ9,576EŌłÆ2
1,036,0,187,ŌłÆ9,577EŌłÆ2
1,053,0,185,ŌłÆ9,544EŌłÆ2
1,070,0,183,ŌłÆ9,686EŌłÆ2
1,086,0,183,-0,103
1,103,0,181,-0,108
1,120,0,180,-0,109
1,137,0,178,-0,111
1,153,0,178,-0,115
1,170,0,178,-0,121
1,187,0,177,-0,124
1,203,0,176,-0,122
1,220,0,178,-0,115
1,237,0,182,-0,106
1,254,0,184,ŌłÆ9,722EŌłÆ2
1,270,0,183,ŌłÆ9,329EŌłÆ2
1,287,0,180,ŌłÆ9,234EŌłÆ2
1,304,0,177,ŌłÆ9,309EŌłÆ2
1,320,0,173,ŌłÆ9,406EŌłÆ2
1,337,0,170,ŌłÆ9,968EŌłÆ2
1,354,0,171,-0,111
1,371,0,170,-0,113
1,387,0,167,-0,108
1,404,0,173,ŌłÆ9,500EŌłÆ2
1,421,0,175,ŌłÆ8,333EŌłÆ2
1,437,0,176,ŌłÆ7,509EŌłÆ2
1,454,0,174,ŌłÆ7,119EŌłÆ2
1,471,0,173,ŌłÆ7,104EŌłÆ2
1,488,0,173,ŌłÆ8,080EŌłÆ2
1,504,0,175,ŌłÆ8,968EŌłÆ2
1,521,0,175,ŌłÆ9,754EŌłÆ2
1,538,0,175,-0,103
1,554,0,173,-0,111
1,571,0,171,-0,119
1,588,0,169,-0,124
1,605,0,166,-0,121
1,621,0,172,-0,102
1,638,0,179,ŌłÆ8,959EŌłÆ2
1,655,0,174,ŌłÆ7,050EŌłÆ2
1,671,0,170,ŌłÆ6,475EŌłÆ2
1,688,0,167,ŌłÆ6,616EŌłÆ2
1,705,0,171,ŌłÆ7,878EŌłÆ2
1,722,0,172,ŌłÆ9,005EŌłÆ2
1,738,0,172,-0,101
1,755,0,168,-0,100
1,772,0,172,-0,101
1,788,0,168,ŌłÆ8,942EŌłÆ2
1,805,0,167,ŌłÆ9,117EŌłÆ2
1,822,0,164,ŌłÆ9,257EŌłÆ2
1,839,0,162,-0,100
1,855,0,159,-0,105
1,872,0,154,-0,112
1,889,0,153,-0,105
1,905,0,151,ŌłÆ9,709EŌłÆ2
1,922,0,150,ŌłÆ8,858EŌłÆ2
1,939,0,148,ŌłÆ7,935EŌłÆ2
1,956,0,147,ŌłÆ6,841EŌłÆ2
1,972,0,144,ŌłÆ5,905EŌłÆ2
1,989,0,141,ŌłÆ6,322EŌłÆ2
2,006,0,153,ŌłÆ8,954EŌłÆ2
2,022,0,164,-0,110
2,039,0,168,-0,122
2,056,0,166,-0,116
2,073,0,169,-0,101
2,089,0,169,ŌłÆ7,862EŌłÆ2
2,106,0,177,ŌłÆ7,473EŌłÆ2
2,123,0,175,ŌłÆ7,151EŌłÆ2
2,140,0,172,ŌłÆ7,221EŌłÆ2
2,156,0,178,ŌłÆ9,456EŌłÆ2
2,173,0,184,-0,107
2,190,0,185,-0,118
2,206,0,184,-0,120
2,223,0,183,-0,118
2,240,0,187,-0,103
2,257,0,189,ŌłÆ9,183EŌłÆ2
2,273,0,187,ŌłÆ9,099EŌłÆ2
2,290,0,185,ŌłÆ9,274EŌłÆ2
2,307,0,184,ŌłÆ9,757EŌłÆ2
2,323,0,182,-0,101
2,340,0,181,-0,105
2,357,0,179,-0,109
2,374,0,177,-0,111
2,390,0,174,-0,107
2,407,,
2,424,0,178,ŌłÆ8,686EŌłÆ2
2,440,0,177,ŌłÆ8,312EŌłÆ2
2,457,0,176,ŌłÆ9,032EŌłÆ2
2,474,0,178,ŌłÆ9,952EŌłÆ2
2,491,0,178,-0,103
2,507,0,175,-0,101
2,524,0,172,ŌłÆ9,658EŌłÆ2
2,541,0,170,ŌłÆ9,865EŌłÆ2
2,557,0,168,-0,104
2,574,0,168,-0,115
2,591,0,167,-0,122
2,608,0,172,-0,109
2,624,0,182,ŌłÆ9,023EŌłÆ2
2,641,0,187,ŌłÆ7,833EŌłÆ2
2,658,0,186,ŌłÆ7,338EŌłÆ2
2,674,0,185,ŌłÆ7,135EŌłÆ2
2,691,0,182,ŌłÆ7,464EŌłÆ2
2,708,0,182,ŌłÆ8,183EŌłÆ2
2,725,0,185,ŌłÆ9,205EŌłÆ2
2,741,0,188,-0,105
2,758,,
2,775,0,188,-0,105
2,791,0,188,-0,101
2,808,0,188,ŌłÆ9,423EŌłÆ2
2,825,0,186,ŌłÆ9,259EŌłÆ2
2,842,0,184,ŌłÆ9,125EŌłÆ2
2,858,0,182,ŌłÆ9,121EŌłÆ2
2,875,0,181,ŌłÆ9,589EŌłÆ2
2,892,0,181,-0,103
2,908,0,180,-0,105
2,925,0,179,-0,106
2,942,0,178,-0,103
2,959,0,176,ŌłÆ9,886EŌłÆ2
2,975,0,170,ŌłÆ9,558EŌłÆ2
2,992,0,174,ŌłÆ8,197EŌłÆ2
3,009,0,171,ŌłÆ8,097EŌłÆ2
3,025,0,169,ŌłÆ8,345EŌłÆ2
3,042,0,165,ŌłÆ8,483EŌłÆ2
3,059,0,163,ŌłÆ8,508EŌłÆ2
3,076,0,164,ŌłÆ7,377EŌłÆ2
3,092,0,162,ŌłÆ7,173EŌłÆ2
3,109,0,162,-0,117
3,126,0,164,-0,128
3,142,0,162,-0,129
3,159,0,162,-0,123
3,176,0,168,-0,112
3,193,0,175,-0,101
3,209,0,180,ŌłÆ8,991EŌłÆ2
3,226,0,187,ŌłÆ8,260EŌłÆ2
3,243,0,187,ŌłÆ8,124EŌłÆ2
3,259,0,187,ŌłÆ9,406EŌłÆ2
3,276,0,193,-0,109
3,293,0,194,-0,117
3,310,0,193,-0,119
3,326,0,191,-0,117
3,343,0,195,-0,101
3,360,0,195,ŌłÆ9,393EŌłÆ2
3,376,0,195,ŌłÆ9,171EŌłÆ2
3,393,0,194,ŌłÆ9,098EŌłÆ2
3,410,0,193,ŌłÆ9,242EŌłÆ2
3,427,0,192,ŌłÆ9,644EŌłÆ2
3,443,0,192,-0,101
3,460,0,191,-0,107
3,477,0,191,-0,113
3,493,0,189,-0,114
3,510,0,188,-0,110
3,527,0,187,-0,105
3,544,0,188,ŌłÆ9,866EŌłÆ2
3,560,0,187,ŌłÆ9,543EŌłÆ2
3,577,0,186,ŌłÆ9,575EŌłÆ2
3,594,0,186,ŌłÆ9,818EŌłÆ2
3,610,0,185,ŌłÆ9,851EŌłÆ2
3,627,0,185,ŌłÆ9,648EŌłÆ2
3,644,0,183,ŌłÆ9,448EŌłÆ2
3,661,0,182,ŌłÆ9,184EŌłÆ2
3,677,0,181,ŌłÆ8,982EŌłÆ2
3,694,0,179,ŌłÆ8,783EŌłÆ2
3,711,0,179,ŌłÆ8,463EŌłÆ2
3,727,0,176,ŌłÆ8,074EŌłÆ2
3,744,0,175,ŌłÆ8,914EŌłÆ2
3,761,0,180,-0,103
3,778,0,183,-0,114
3,794,0,182,-0,115
3,811,0,182,ŌłÆ9,964EŌłÆ2
3,828,0,182,ŌłÆ8,970EŌłÆ2
3,844,0,182,ŌłÆ8,218EŌłÆ2
3,861,0,181,ŌłÆ7,878EŌłÆ2
3,878,0,178,ŌłÆ7,619EŌłÆ2
3,895,0,176,ŌłÆ7,370EŌłÆ2
3,911,0,174,ŌłÆ7,291EŌłÆ2
3,928,0,171,ŌłÆ7,501EŌłÆ2
3,945,0,173,ŌłÆ9,003EŌłÆ2
3,961,0,176,-0,101
3,978,0,178,-0,111
3,995,0,178,-0,117
4,012,0,176,-0,117
4,028,0,175,-0,114
4,045,0,174,-0,108
4,062,0,178,ŌłÆ9,747EŌłÆ2
4,078,0,184,ŌłÆ8,231EŌłÆ2
4,095,0,181,ŌłÆ7,534EŌłÆ2
4,112,0,179,ŌłÆ8,428EŌłÆ2
4,129,0,184,-0,100
4,145,0,186,-0,112
4,162,0,185,-0,114
4,179,0,186,-0,104
4,195,0,187,ŌłÆ9,615EŌłÆ2
4,212,0,188,ŌłÆ8,789EŌłÆ2
4,229,0,188,ŌłÆ8,310EŌłÆ2
4,246,0,187,ŌłÆ8,242EŌłÆ2
4,262,0,187,ŌłÆ9,150EŌłÆ2
4,279,0,189,-0,102
4,296,0,189,-0,109
4,312,0,187,-0,112
4,329,0,186,-0,113
4,346,0,184,-0,111
4,363,0,183,-0,114
4,379,0,182,-0,118
4,396,0,182,-0,118
4,413,0,183,-0,113
4,429,0,185,-0,107
4,446,0,187,ŌłÆ9,612EŌłÆ2
4,463,0,186,ŌłÆ9,648EŌłÆ2
4,480,0,186,-0,105
4,496,0,185,-0,109
4,513,0,184,-0,109
4,530,0,183,-0,104
4,546,0,183,ŌłÆ9,722EŌłÆ2
4,563,0,184,ŌłÆ9,088EŌłÆ2
4,580,0,182,ŌłÆ9,330EŌłÆ2
4,597,0,180,ŌłÆ9,779EŌłÆ2
4,613,0,181,-0,109
4,630,0,182,-0,117
4,647,0,181,-0,118
4,663,0,179,-0,116
4,680,0,180,-0,107
4,697,0,183,-0,101
4,714,0,188,ŌłÆ8,685EŌłÆ2
4,730,0,190,ŌłÆ7,879EŌłÆ2
4,747,0,189,ŌłÆ7,812EŌłÆ2
4,764,0,189,ŌłÆ8,308EŌłÆ2
4,780,0,185,ŌłÆ9,343EŌłÆ2
4,797,0,193,ŌłÆ9,707EŌłÆ2
4,814,0,194,ŌłÆ9,943EŌłÆ2
4,831,0,193,ŌłÆ9,841EŌłÆ2
4,847,0,194,ŌłÆ9,428EŌłÆ2
4,864,0,194,ŌłÆ8,948EŌłÆ2
4,881,0,180,ŌłÆ9,419EŌłÆ2
4,897,0,194,ŌłÆ9,274EŌłÆ2
4,914,0,195,ŌłÆ9,921EŌłÆ2
4,931,0,197,-0,103
4,948,0,197,-0,104
4,964,0,197,ŌłÆ9,869EŌłÆ2
4,981,0,197,ŌłÆ9,801EŌłÆ2
4,998,0,197,-0,100
5,014,0,196,-0,102
5,031,0,196,-0,103
5,048,0,196,-0,104
5,065,0,195,-0,104
5,081,0,194,-0,102
5,098,0,194,ŌłÆ9,838EŌłÆ2
5,115,0,195,ŌłÆ9,187EŌłÆ2
5,131,0,197,ŌłÆ8,603EŌłÆ2
5,148,0,196,ŌłÆ8,638EŌłÆ2
5,165,0,198,ŌłÆ9,287EŌłÆ2
5,182,0,199,ŌłÆ9,867EŌłÆ2
5,198,0,199,-0,100
5,215,0,199,-0,101
5,232,0,198,ŌłÆ9,854EŌłÆ2
5,248,0,198,ŌłÆ9,577EŌłÆ2
5,265,0,198,ŌłÆ9,268EŌłÆ2
5,282,0,198,ŌłÆ8,890EŌłÆ2
5,299,0,197,ŌłÆ8,648EŌłÆ2
5,315,0,196,ŌłÆ8,763EŌłÆ2
5,332,0,196,ŌłÆ9,133EŌłÆ2
5,349,0,195,ŌłÆ9,352EŌłÆ2
5,365,0,195,ŌłÆ9,342EŌłÆ2
5,382,0,195,ŌłÆ9,277EŌłÆ2
5,399,0,195,ŌłÆ9,146EŌłÆ2
5,416,0,194,ŌłÆ9,061EŌłÆ2
5,432,0,193,ŌłÆ9,012EŌłÆ2
5,449,0,192,ŌłÆ8,904EŌłÆ2
5,466,0,190,ŌłÆ8,805EŌłÆ2
5,482,0,188,ŌłÆ8,941EŌłÆ2
5,499,0,187,ŌłÆ9,184EŌłÆ2
5,516,0,186,ŌłÆ9,455EŌłÆ2
5,533,0,185,ŌłÆ9,598EŌłÆ2
5,549,0,183,ŌłÆ9,775EŌłÆ2
5,566,0,181,-0,101
5,583,0,178,-0,101
5,599,0,177,ŌłÆ9,579EŌłÆ2
5,616,0,175,ŌłÆ8,968EŌłÆ2
5,633,0,173,ŌłÆ8,318EŌłÆ2
5,650,0,169,ŌłÆ8,001EŌłÆ2
5,666,0,166,ŌłÆ8,195EŌłÆ2
5,683,0,165,ŌłÆ9,325EŌłÆ2
5,700,0,163,ŌłÆ9,620EŌłÆ2
5,716,0,161,ŌłÆ9,127EŌłÆ2
5,733,0,158,ŌłÆ8,705EŌłÆ2
5,750,0,153,ŌłÆ9,399EŌłÆ2
5,767,0,153,-0,107
5,783,0,153,-0,114
5,800,0,150,-0,115
5,817,0,152,-0,103
5,833,0,160,ŌłÆ8,582EŌłÆ2
5,850,0,168,ŌłÆ7,643EŌłÆ2
5,867,0,173,ŌłÆ7,377EŌłÆ2
5,884,0,170,ŌłÆ7,160EŌłÆ2
5,900,0,171,ŌłÆ8,476EŌłÆ2
5,917,0,182,-0,101
5,934,0,185,-0,111
5,950,0,185,-0,113
5,967,0,186,-0,101
5,984,0,191,ŌłÆ8,805EŌłÆ2
6,001,0,193,ŌłÆ7,804EŌłÆ2
6,017,0,194,ŌłÆ7,325EŌłÆ2
6,034,0,191,ŌłÆ7,243EŌłÆ2
6,051,0,191,ŌłÆ8,081EŌłÆ2
6,067,0,191,ŌłÆ8,703EŌłÆ2
6,084,0,191,ŌłÆ9,143EŌłÆ2
6,101,0,191,ŌłÆ9,487EŌłÆ2
6,118,0,190,ŌłÆ9,903EŌłÆ2
6,134,0,190,-0,104
6,151,0,190,-0,108
6,168,0,189,-0,108
6,184,0,188,-0,107
6,201,0,188,-0,101
6,218,0,189,ŌłÆ9,540EŌłÆ2
6,235,0,189,ŌłÆ9,369EŌłÆ2
6,251,0,188,ŌłÆ9,503EŌłÆ2
6,268,0,187,ŌłÆ9,608EŌłÆ2
6,285,0,187,ŌłÆ9,425EŌłÆ2
6,301,0,186,ŌłÆ8,776EŌłÆ2
6,318,0,186,ŌłÆ8,622EŌłÆ2
6,335,0,187,ŌłÆ9,373EŌłÆ2
6,352,0,189,-0,101
6,368,0,188,-0,103
6,385,0,186,-0,101
6,402,0,180,ŌłÆ8,856EŌłÆ2
6,419,0,181,ŌłÆ7,896EŌłÆ2
6,435,0,188,ŌłÆ7,573EŌłÆ2
6,452,0,187,ŌłÆ7,098EŌłÆ2
6,469,0,187,ŌłÆ7,045EŌłÆ2
6,485,0,186,ŌłÆ8,056EŌłÆ2
6,502,0,192,ŌłÆ9,383EŌłÆ2
6,519,0,196,-0,104
6,536,0,195,-0,107
6,552,0,195,-0,106
6,569,0,196,ŌłÆ9,529EŌłÆ2
6,586,0,196,ŌłÆ9,322EŌłÆ2
6,602,0,197,ŌłÆ9,134EŌłÆ2
6,619,0,197,ŌłÆ9,147EŌłÆ2
6,636,0,196,ŌłÆ9,151EŌłÆ2
6,653,0,197,ŌłÆ9,202EŌłÆ2
6,669,0,197,ŌłÆ9,609EŌłÆ2
6,686,0,197,ŌłÆ9,718EŌłÆ2
6,703,0,196,ŌłÆ9,580EŌłÆ2
6,719,0,196,ŌłÆ9,461EŌłÆ2
6,736,0,195,ŌłÆ9,457EŌłÆ2
6,753,0,194,ŌłÆ9,533EŌłÆ2
6,770,0,193,ŌłÆ9,671EŌłÆ2
6,786,0,193,ŌłÆ9,927EŌłÆ2
6,803,0,192,-0,101
6,820,0,192,ŌłÆ9,895EŌłÆ2
6,836,0,192,ŌłÆ9,638EŌłÆ2
6,853,0,192,ŌłÆ9,052EŌłÆ2
6,870,0,192,ŌłÆ8,713EŌłÆ2
6,887,0,191,ŌłÆ9,126EŌłÆ2
6,903,0,191,ŌłÆ9,708EŌłÆ2
6,920,0,191,ŌłÆ9,965EŌłÆ2
6,937,0,190,-0,100
6,953,0,190,ŌłÆ9,958EŌłÆ2
6,970,0,189,-0,100
6,987,0,188,-0,102
7,004,0,187,-0,104
7,020,0,186,-0,106
7,037,0,185,-0,109
7,054,0,184,-0,109
7,070,0,183,-0,104
7,087,0,185,ŌłÆ9,618EŌłÆ2
7,104,0,186,ŌłÆ8,929EŌłÆ2
7,121,0,187,ŌłÆ8,893EŌłÆ2
7,137,0,187,ŌłÆ9,171EŌłÆ2
7,154,0,187,ŌłÆ9,440EŌłÆ2
7,171,0,187,-0,103
7,187,0,188,-0,111
7,204,0,188,-0,114
7,221,0,187,-0,113
7,238,0,187,-0,109
7,254,0,189,ŌłÆ9,900EŌłÆ2
7,271,0,191,ŌłÆ9,006EŌłÆ2
7,288,0,191,ŌłÆ8,099EŌłÆ2
7,304,0,191,ŌłÆ8,031EŌłÆ2
7,321,0,191,ŌłÆ7,534EŌłÆ2
7,338,0,191,ŌłÆ7,056EŌłÆ2
7,355,0,191,ŌłÆ7,124EŌłÆ2
7,371,0,194,ŌłÆ8,300EŌłÆ2
7,388,0,196,ŌłÆ8,844EŌłÆ2
7,405,0,196,ŌłÆ9,322EŌłÆ2
7,421,0,196,ŌłÆ9,426EŌłÆ2
7,438,0,194,ŌłÆ9,152EŌłÆ2
7,455,0,192,ŌłÆ9,073EŌłÆ2
7,472,0,192,ŌłÆ9,554EŌłÆ2
7,488,0,194,-0,109
7,505,0,193,-0,112
7,522,0,193,-0,111
7,538,0,194,-0,109
7,555,0,195,-0,111
7,572,0,195,-0,111
7,589,0,196,-0,107
7,605,0,196,-0,101
7,622,0,196,ŌłÆ9,477EŌłÆ2
7,639,0,194,ŌłÆ9,420EŌłÆ2
7,655,0,192,ŌłÆ9,706EŌłÆ2
7,672,0,191,-0,102
7,689,0,190,-0,108
7,706,0,190,-0,114
7,722,0,189,-0,117
7,739,0,188,-0,116
7,756,0,188,-0,112
7,772,0,187,-0,108
7,789,0,185,-0,106
7,806,0,182,-0,101
7,823,0,180,ŌłÆ9,519EŌłÆ2
7,839,0,179,ŌłÆ9,111EŌłÆ2
7,856,0,177,ŌłÆ8,705EŌłÆ2
7,873,0,174,ŌłÆ8,813EŌłÆ2
7,889,0,171,ŌłÆ9,965EŌłÆ2
7,906,0,174,-0,112
7,923,0,172,-0,117
7,940,0,169,-0,122
7,956,0,166,-0,124
7,973,0,164,-0,119
7,990,0,166,-0,111
8,006,0,175,ŌłÆ8,778EŌłÆ2
8,023,0,185,ŌłÆ7,733EŌłÆ2
8,040,0,184,ŌłÆ7,598EŌłÆ2
8,057,0,184,ŌłÆ8,214EŌłÆ2
8,073,0,187,ŌłÆ9,407EŌłÆ2
8,090,0,190,-0,106
8,107,0,188,-0,108
8,123,0,188,-0,104
8,140,0,188,ŌłÆ9,933EŌłÆ2
8,157,0,187,ŌłÆ9,288EŌłÆ2
8,174,0,187,ŌłÆ8,774EŌłÆ2
8,190,0,185,ŌłÆ8,280EŌłÆ2
8,207,0,185,ŌłÆ8,226EŌłÆ2
8,224,0,183,ŌłÆ9,222EŌłÆ2
8,240,0,186,-0,105
8,257,0,188,-0,116
8,274,0,188,-0,122
8,291,0,188,-0,122
8,307,0,188,-0,119
8,324,0,188,-0,115
8,341,0,190,-0,109
8,357,0,191,-0,104
8,374,0,192,-0,101
8,391,0,191,-0,103
8,408,0,190,-0,105
8,424,0,189,-0,106
8,441,0,188,-0,105
8,458,0,188,-0,101
8,474,0,188,ŌłÆ9,637EŌłÆ2
8,491,0,187,ŌłÆ9,549EŌłÆ2
8,508,0,185,ŌłÆ9,825EŌłÆ2
8,525,0,184,-0,107
8,541,0,184,-0,115
8,558,0,184,-0,117
8,575,0,184,-0,115
8,591,0,186,-0,103
8,608,,
8,625,0,192,ŌłÆ8,027EŌłÆ2
8,642,0,190,ŌłÆ7,957EŌłÆ2
8,658,0,191,ŌłÆ8,851EŌłÆ2
8,675,0,193,ŌłÆ9,637EŌłÆ2
8,692,0,194,-0,100
8,708,0,194,-0,103
8,725,0,193,-0,103
8,742,0,193,-0,103
8,759,0,192,-0,103
8,775,0,191,-0,101
8,792,0,190,ŌłÆ9,778EŌłÆ2
8,809,0,188,ŌłÆ9,655EŌłÆ2
8,825,0,187,-0,100
8,842,0,186,-0,102
8,859,0,184,-0,101
8,876,0,184,ŌłÆ9,864EŌłÆ2
8,892,0,184,ŌłÆ9,524EŌłÆ2
8,909,0,184,ŌłÆ9,190EŌłÆ2
8,926,0,182,ŌłÆ9,046EŌłÆ2
8,942,0,180,ŌłÆ9,361EŌłÆ2
8,959,0,178,ŌłÆ9,947EŌłÆ2
8,976,0,176,-0,102
8,993,0,172,-0,101
9,009,0,172,ŌłÆ8,860EŌłÆ2
9,026,0,174,ŌłÆ7,660EŌłÆ2
9,043,0,174,ŌłÆ7,144EŌłÆ2
9,059,0,172,ŌłÆ6,980EŌłÆ2
9,076,0,177,ŌłÆ8,408EŌłÆ2
9,093,0,182,ŌłÆ9,956EŌłÆ2
9,110,0,185,-0,107
9,126,0,182,-0,107
9,143,0,182,ŌłÆ9,763EŌłÆ2
9,160,0,184,ŌłÆ8,742EŌłÆ2
9,176,0,184,ŌłÆ8,428EŌłÆ2
9,193,0,181,ŌłÆ8,117EŌłÆ2
9,210,0,180,ŌłÆ8,774EŌłÆ2
9,227,0,181,ŌłÆ9,598EŌłÆ2
9,243,0,181,-0,101
9,260,0,180,-0,102
9,277,0,180,-0,102
9,293,0,179,-0,102
9,310,0,178,-0,102
9,327,0,178,ŌłÆ9,866EŌłÆ2
9,344,,
9,360,0,185,ŌłÆ7,457EŌłÆ2
9,377,0,184,ŌłÆ6,926EŌłÆ2
9,394,0,181,ŌłÆ7,391EŌłÆ2
9,410,0,187,ŌłÆ8,640EŌłÆ2
9,427,0,188,ŌłÆ9,002EŌłÆ2
9,444,0,188,ŌłÆ9,002EŌłÆ2
9,461,0,187,ŌłÆ8,317EŌłÆ2
9,477,0,187,ŌłÆ7,566EŌłÆ2
9,494,0,187,ŌłÆ7,087EŌłÆ2
9,511,0,185,ŌłÆ6,822EŌłÆ2
9,527,0,183,ŌłÆ6,716EŌłÆ2
9,544,0,180,ŌłÆ6,690EŌłÆ2
9,561,0,172,ŌłÆ7,251EŌłÆ2
9,578,0,171,ŌłÆ7,903EŌłÆ2
9,594,0,162,ŌłÆ8,431EŌłÆ2
9,611,0,170,ŌłÆ8,556EŌłÆ2
9,628,0,167,ŌłÆ8,901EŌłÆ2
9,644,0,167,ŌłÆ9,691EŌłÆ2
9,661,,
9,678,,
9,695,0,174,-0,121
9,711,0,178,-0,111
9,728,0,181,-0,101
9,745,0,187,ŌłÆ9,159EŌłÆ2
9,761,0,186,ŌłÆ8,546EŌłÆ2
9,778,0,185,ŌłÆ8,753EŌłÆ2
9,795,0,185,ŌłÆ9,879EŌłÆ2
9,812,0,186,-0,108
9,828,0,186,-0,109
9,845,0,185,-0,109
9,862,0,184,-0,109
9,878,0,183,-0,109
9,895,0,183,-0,106
9,912,0,183,-0,102
9,929,0,185,ŌłÆ9,392EŌłÆ2
9,945,0,188,ŌłÆ8,434EŌłÆ2
9,962,0,185,ŌłÆ7,530EŌłÆ2
9,979,0,184,ŌłÆ8,016EŌłÆ2
9,995,0,185,ŌłÆ8,768EŌłÆ2
10,012,0,187,ŌłÆ9,726EŌłÆ2
10,029,0,188,-0,101
10,046,0,188,-0,102
10,062,0,187,-0,100
10,079,0,187,ŌłÆ9,778EŌłÆ2
10,096,0,188,ŌłÆ9,917EŌłÆ2
10,112,0,188,-0,105
10,129,0,188,-0,111
10,146,0,186,-0,116
10,163,0,185,-0,115
10,179,0,184,-0,111
10,196,0,185,-0,105
10,213,0,187,ŌłÆ9,913EŌłÆ2
10,229,0,188,ŌłÆ9,461EŌłÆ2
10,246,0,190,ŌłÆ9,088EŌłÆ2
10,263,0,190,ŌłÆ8,876EŌłÆ2
10,280,0,190,ŌłÆ8,848EŌłÆ2
10,296,0,189,ŌłÆ9,508EŌłÆ2
10,313,0,190,-0,102
10,330,0,191,-0,103
10,346,0,190,-0,103
10,363,0,190,-0,100
10,380,0,189,-0,101
10,397,0,188,ŌłÆ9,955EŌłÆ2
10,413,0,187,ŌłÆ9,594EŌłÆ2
10,430,0,186,ŌłÆ9,545EŌłÆ2
10,447,0,185,ŌłÆ9,828EŌłÆ2
10,463,0,184,-0,104
10,480,0,183,-0,108
10,497,0,182,-0,108
10,514,0,181,-0,105
10,530,0,180,-0,100
10,547,0,181,ŌłÆ9,422EŌłÆ2
10,564,0,180,ŌłÆ9,114EŌłÆ2
10,581,0,178,ŌłÆ9,079EŌłÆ2
10,597,0,177,ŌłÆ9,668EŌłÆ2
10,614,0,178,-0,106
10,631,0,178,-0,113
10,647,0,175,-0,114
10,664,0,176,-0,106
10,681,0,179,ŌłÆ9,282EŌłÆ2
10,698,0,181,ŌłÆ8,014EŌłÆ2
10,714,0,179,ŌłÆ7,329EŌłÆ2
10,731,0,185,ŌłÆ7,263EŌłÆ2
10,748,0,186,ŌłÆ8,279EŌłÆ2
10,764,0,189,ŌłÆ9,267EŌłÆ2
10,781,0,184,ŌłÆ9,905EŌłÆ2
10,798,0,182,ŌłÆ9,980EŌłÆ2
10,815,0,181,ŌłÆ9,773EŌłÆ2
10,831,0,180,ŌłÆ9,299EŌłÆ2
10,848,0,179,ŌłÆ8,946EŌłÆ2
10,865,0,178,ŌłÆ8,963EŌłÆ2
10,881,0,176,ŌłÆ9,339EŌłÆ2
10,898,0,176,ŌłÆ9,924EŌłÆ2
10,915,0,174,-0,105
10,932,0,173,-0,106
10,948,0,171,-0,103
10,965,0,172,ŌłÆ9,756EŌłÆ2
10,982,0,175,ŌłÆ9,068EŌłÆ2
10,998,0,174,ŌłÆ9,753EŌłÆ2
11,015,0,174,-0,110
11,032,0,173,-0,110
11,049,0,175,ŌłÆ9,533EŌłÆ2
11,065,0,180,ŌłÆ8,120EŌłÆ2
11,082,0,186,ŌłÆ7,459EŌłÆ2
11,099,0,179,ŌłÆ7,951EŌłÆ2
11,115,0,182,ŌłÆ9,254EŌłÆ2
11,132,0,184,ŌłÆ9,686EŌłÆ2
11,149,0,183,ŌłÆ9,471EŌłÆ2
11,166,0,169,ŌłÆ8,192EŌłÆ2
11,182,0,182,ŌłÆ8,382EŌłÆ2
11,199,0,182,ŌłÆ8,407EŌłÆ2
11,216,0,183,ŌłÆ9,092EŌłÆ2
11,232,0,183,ŌłÆ9,785EŌłÆ2
11,249,0,182,-0,101
11,266,0,181,ŌłÆ9,838EŌłÆ2
11,283,0,180,ŌłÆ8,918EŌłÆ2
11,299,0,182,ŌłÆ8,673EŌłÆ2
11,316,0,179,ŌłÆ8,581EŌłÆ2
11,333,0,178,ŌłÆ8,786EŌłÆ2
11,349,0,177,ŌłÆ9,505EŌłÆ2
11,366,0,178,-0,104
11,383,0,177,-0,109
11,400,0,176,-0,108
11,416,0,179,ŌłÆ9,477EŌłÆ2
11,433,0,181,ŌłÆ8,214EŌłÆ2
11,450,0,185,ŌłÆ7,180EŌłÆ2
11,466,0,186,ŌłÆ7,384EŌłÆ2
11,483,0,186,ŌłÆ7,989EŌłÆ2
11,500,0,188,ŌłÆ9,077EŌłÆ2
11,517,0,190,ŌłÆ9,793EŌłÆ2
11,533,0,190,-0,101
11,550,0,189,-0,101
11,567,0,188,-0,103
11,583,0,188,-0,106
11,600,0,188,-0,108
11,617,0,187,-0,109
11,634,0,185,-0,108
11,650,0,186,-0,104
11,667,0,187,ŌłÆ9,641EŌłÆ2
11,684,0,188,ŌłÆ9,022EŌłÆ2
11,700,0,189,ŌłÆ8,647EŌłÆ2
11,717,0,188,ŌłÆ8,664EŌłÆ2
11,734,0,187,ŌłÆ8,807EŌłÆ2
11,751,0,185,ŌłÆ8,741EŌłÆ2
11,767,0,185,ŌłÆ8,263EŌłÆ2
11,784,0,184,ŌłÆ7,644EŌłÆ2
11,801,0,181,ŌłÆ7,454EŌłÆ2
11,817,0,184,ŌłÆ7,967EŌłÆ2
11,834,0,188,ŌłÆ8,853EŌłÆ2
11,851,0,190,ŌłÆ9,908EŌłÆ2
11,868,0,189,-0,104
11,884,0,189,-0,104
11,901,0,190,-0,100
11,918,0,191,ŌłÆ9,190EŌłÆ2
11,934,0,193,ŌłÆ8,727EŌłÆ2
11,951,0,191,ŌłÆ8,512EŌłÆ2
11,968,0,190,ŌłÆ8,853EŌłÆ2
11,985,0,190,ŌłÆ9,474EŌłÆ2
12,001,0,189,-0,101
12,018,0,187,-0,102
12,035,0,187,ŌłÆ9,755EŌłÆ2
12,051,0,183,ŌłÆ9,035EŌłÆ2
12,068,0,182,ŌłÆ8,819EŌłÆ2
12,085,0,181,ŌłÆ8,818EŌłÆ2
12,102,0,180,ŌłÆ8,410EŌłÆ2
12,118,0,179,ŌłÆ7,597EŌłÆ2
12,135,0,177,ŌłÆ6,975EŌłÆ2
12,152,0,174,ŌłÆ6,799EŌłÆ2
12,168,0,171,ŌłÆ7,119EŌłÆ2
12,185,0,170,ŌłÆ7,743EŌłÆ2
12,202,0,165,ŌłÆ8,702EŌłÆ2
12,219,0,161,ŌłÆ9,188EŌłÆ2
12,235,0,159,ŌłÆ9,604EŌłÆ2
12,252,0,157,-0,106
12,269,0,157,-0,119
12,285,0,156,-0,130
12,302,0,153,-0,130
12,319,0,152,-0,119
12,336,0,156,-0,108
12,352,0,162,-0,101
12,369,0,160,ŌłÆ9,873EŌłÆ2
12,386,0,155,-0,101
12,402,0,151,-0,105
12,419,0,147,-0,109
12,436,0,143,-0,114
12,453,0,140,-0,122
12,469,0,136,-0,126
12,486,0,132,-0,130
12,503,0,123,-0,127
12,519,0,125,-0,116
12,536,0,135,ŌłÆ9,385EŌłÆ2
12,553,0,150,ŌłÆ8,318EŌłÆ2
12,570,0,159,ŌłÆ7,333EŌłÆ2
12,586,0,158,ŌłÆ7,892EŌłÆ2
12,603,0,168,ŌłÆ9,448EŌłÆ2
12,620,0,177,-0,109
12,636,0,180,-0,120
12,653,0,175,-0,123
12,670,0,173,-0,121
12,687,0,175,-0,111
12,703,0,177,-0,102
12,720,0,176,-0,104
12,737,0,177,-0,112
12,753,0,178,-0,119
12,770,0,178,-0,123
12,787,0,176,-0,121
12,804,0,178,-0,117
12,820,0,185,-0,105
12,837,0,184,-0,100
12,854,0,185,-0,105
12,870,0,185,-0,110
12,887,0,184,-0,110
12,904,0,185,-0,106
12,921,0,185,ŌłÆ9,685EŌłÆ2
12,937,0,187,ŌłÆ9,197EŌłÆ2
12,954,0,192,ŌłÆ8,504EŌłÆ2
12,971,0,188,ŌłÆ7,960EŌłÆ2
12,987,0,193,ŌłÆ8,219EŌłÆ2
13,004,0,192,ŌłÆ8,766EŌłÆ2
13,021,0,191,ŌłÆ9,214EŌłÆ2
13,038,0,190,ŌłÆ9,313EŌłÆ2
13,054,0,190,ŌłÆ8,345EŌłÆ2
13,071,0,188,ŌłÆ7,768EŌłÆ2
13,088,0,187,ŌłÆ7,770EŌłÆ2
13,104,0,189,ŌłÆ8,444EŌłÆ2
13,121,0,191,ŌłÆ9,194EŌłÆ2
13,138,0,192,ŌłÆ9,805EŌłÆ2
13,155,0,193,-0,102
13,171,0,191,-0,103
13,188,0,190,-0,103
13,205,0,189,-0,102
13,221,0,187,-0,101
13,238,0,185,-0,103
13,255,0,184,-0,102
13,272,0,183,ŌłÆ9,954EŌłÆ2
13,288,0,181,ŌłÆ9,960EŌłÆ2
13,305,0,179,-0,100
13,322,0,177,-0,100
13,338,0,176,-0,104
13,355,0,175,-0,110
13,372,0,175,-0,114
13,389,0,176,-0,114
13,405,0,175,-0,113
13,422,0,175,-0,108
13,439,0,178,-0,100
13,455,0,182,ŌłÆ9,111EŌłÆ2
13,472,0,181,ŌłÆ8,772EŌłÆ2
13,489,0,182,ŌłÆ8,908EŌłÆ2
13,506,0,182,ŌłÆ9,714EŌłÆ2
13,522,0,183,-0,105
13,539,0,183,-0,106
13,556,0,180,-0,108
13,572,0,173,-0,108
13,589,0,187,ŌłÆ8,350EŌłÆ2
13,606,0,187,ŌłÆ7,665EŌłÆ2
13,623,0,188,ŌłÆ7,573EŌłÆ2
13,639,0,182,ŌłÆ7,854EŌłÆ2
13,656,0,189,ŌłÆ8,686EŌłÆ2
13,673,0,190,ŌłÆ9,372EŌłÆ2
13,689,0,191,ŌłÆ9,869EŌłÆ2
13,706,0,190,ŌłÆ9,975EŌłÆ2
13,723,0,190,ŌłÆ9,879EŌłÆ2
13,740,0,189,ŌłÆ9,969EŌłÆ2
13,756,0,189,-0,101
13,773,0,188,-0,103
13,790,0,188,-0,105
13,806,0,188,-0,106
13,823,0,187,-0,104
13,840,0,188,-0,100
13,857,0,188,ŌłÆ9,726EŌłÆ2
13,873,0,188,ŌłÆ9,733EŌłÆ2
13,890,0,187,-0,101
13,907,0,186,-0,106
13,923,0,185,-0,110
13,940,0,184,-0,110
13,957,0,184,-0,105
13,974,0,187,ŌłÆ8,931EŌłÆ2
13,990,0,189,ŌłÆ8,031EŌłÆ2
14,007,0,188,ŌłÆ7,815EŌłÆ2
14,024,0,187,ŌłÆ7,850EŌłÆ2
14,040,0,179,ŌłÆ8,517EŌłÆ2
14,057,0,189,ŌłÆ8,700EŌłÆ2
14,074,0,188,ŌłÆ8,840EŌłÆ2
14,091,0,187,ŌłÆ8,778EŌłÆ2
14,107,0,172,ŌłÆ8,492EŌłÆ2
14,124,0,181,ŌłÆ8,481EŌłÆ2
14,141,0,180,ŌłÆ8,172EŌłÆ2
14,157,0,183,ŌłÆ8,373EŌłÆ2
14,174,0,184,ŌłÆ8,710EŌłÆ2
14,191,0,184,ŌłÆ9,056EŌłÆ2
14,208,0,189,ŌłÆ9,930EŌłÆ2
14,224,0,182,ŌłÆ9,607EŌłÆ2
14,241,0,182,ŌłÆ9,746EŌłÆ2
14,258,0,182,ŌłÆ9,604EŌłÆ2
14,274,0,179,ŌłÆ9,200EŌłÆ2
14,291,0,185,ŌłÆ9,460EŌłÆ2
14,308,0,175,ŌłÆ8,253EŌłÆ2
14,325,0,184,ŌłÆ9,060EŌłÆ2
14,341,0,178,ŌłÆ8,452EŌłÆ2
14,358,0,186,ŌłÆ9,601EŌłÆ2
14,375,0,181,ŌłÆ9,608EŌłÆ2
14,391,0,176,ŌłÆ9,480EŌłÆ2
14,408,0,176,ŌłÆ9,479EŌłÆ2
14,425,0,174,ŌłÆ9,072EŌłÆ2
14,442,0,187,ŌłÆ9,464EŌłÆ2
14,458,0,189,ŌłÆ8,329EŌłÆ2
14,475,0,192,ŌłÆ8,099EŌłÆ2
14,492,0,191,ŌłÆ8,610EŌłÆ2
14,508,0,190,ŌłÆ9,071EŌłÆ2
14,525,0,189,ŌłÆ9,315EŌłÆ2
14,542,0,188,ŌłÆ9,547EŌłÆ2
14,559,0,189,ŌłÆ9,799EŌłÆ2
14,575,0,188,ŌłÆ9,994EŌłÆ2
14,592,0,187,-0,100
14,609,0,189,ŌłÆ9,606EŌłÆ2
14,625,0,188,ŌłÆ8,855EŌłÆ2
14,642,0,184,ŌłÆ8,597EŌłÆ2
14,659,0,181,ŌłÆ8,576EŌłÆ2
14,676,0,177,ŌłÆ8,318EŌłÆ2
14,692,0,175,ŌłÆ8,178EŌłÆ2
14,709,0,172,ŌłÆ8,376EŌłÆ2
14,726,0,170,ŌłÆ8,984EŌłÆ2
14,742,0,170,ŌłÆ9,700EŌłÆ2
14,759,0,169,-0,103
14,776,0,166,-0,108
14,793,0,164,-0,103
14,809,0,162,ŌłÆ9,176EŌłÆ2
14,826,0,161,ŌłÆ8,254EŌłÆ2
14,843,0,159,ŌłÆ6,888EŌłÆ2
14,860,0,157,ŌłÆ6,482EŌłÆ2
14,876,0,155,ŌłÆ6,280EŌłÆ2
14,893,0,149,ŌłÆ7,834EŌłÆ2
14,910,0,153,ŌłÆ9,200EŌłÆ2
14,926,0,151,-0,113
14,943,0,159,-0,121
14,960,0,158,-0,128
14,977,0,155,-0,128
14,993,,
15,010,0,162,-0,111
15,027,0,172,-0,101
15,043,0,177,ŌłÆ9,046EŌłÆ2
15,060,0,178,ŌłÆ8,705EŌłÆ2
15,077,0,178,ŌłÆ8,244EŌłÆ2
15,094,0,174,ŌłÆ8,542EŌłÆ2
15,110,0,175,ŌłÆ9,841EŌłÆ2
15,127,0,180,-0,112
15,144,0,182,-0,121
15,160,,
15,177,0,181,-0,117
15,194,0,183,-0,109
15,211,,
15,227,0,189,ŌłÆ9,436EŌłÆ2
15,244,0,191,ŌłÆ8,780EŌłÆ2
15,261,0,191,ŌłÆ8,294EŌłÆ2
15,277,0,191,ŌłÆ8,489EŌłÆ2
15,294,0,191,ŌłÆ9,263EŌłÆ2
15,311,0,194,-0,104
15,328,0,196,-0,108
15,344,0,194,-0,107
15,361,0,194,-0,102
15,378,0,195,ŌłÆ9,495EŌłÆ2
15,394,0,195,ŌłÆ8,845EŌłÆ2
15,411,0,194,ŌłÆ8,579EŌłÆ2
15,428,0,194,ŌłÆ8,798EŌłÆ2
15,445,0,194,ŌłÆ9,108EŌłÆ2
15,461,0,194,ŌłÆ9,484EŌłÆ2
15,478,0,194,ŌłÆ9,756EŌłÆ2
15,495,0,195,-0,101
15,511,0,195,-0,104
15,528,0,195,-0,104
15,545,0,195,-0,104
15,562,0,195,-0,102
15,578,0,195,ŌłÆ9,959EŌłÆ2
15,595,0,194,ŌłÆ9,862EŌłÆ2
15,612,0,192,ŌłÆ9,873EŌłÆ2
15,628,0,191,ŌłÆ9,771EŌłÆ2
15,645,0,190,ŌłÆ9,735EŌłÆ2
15,662,0,190,-0,101
15,679,0,190,-0,105
15,695,0,191,-0,106
15,712,0,191,-0,101
15,729,0,192,ŌłÆ9,573EŌłÆ2
15,745,0,193,ŌłÆ8,980EŌłÆ2
15,762,0,192,ŌłÆ8,680EŌłÆ2
15,779,0,192,ŌłÆ8,885EŌłÆ2
15,796,0,191,ŌłÆ9,195EŌłÆ2
15,812,0,190,ŌłÆ9,510EŌłÆ2
15,829,0,189,ŌłÆ9,713EŌłÆ2
15,846,0,189,ŌłÆ9,918EŌłÆ2
15,862,0,189,-0,102
15,879,0,190,-0,105
15,896,0,190,-0,106
15,913,0,191,-0,104
15,929,0,191,-0,101
15,946,0,190,ŌłÆ9,950EŌłÆ2
15,963,0,191,ŌłÆ9,577EŌłÆ2
15,979,0,192,ŌłÆ8,681EŌłÆ2
15,996,0,192,ŌłÆ8,244EŌłÆ2
16,013,0,189,ŌłÆ8,079EŌłÆ2
16,030,0,189,ŌłÆ8,371EŌłÆ2
16,046,0,188,ŌłÆ8,714EŌłÆ2
16,063,0,187,ŌłÆ9,026EŌłÆ2
16,080,0,187,ŌłÆ9,148EŌłÆ2
16,096,0,186,ŌłÆ9,178EŌłÆ2
16,113,0,186,ŌłÆ9,223EŌłÆ2
16,130,0,183,ŌłÆ9,034EŌłÆ2
16,147,0,183,ŌłÆ8,450EŌłÆ2
16,163,0,183,ŌłÆ7,730EŌłÆ2
16,180,0,182,ŌłÆ7,463EŌłÆ2
16,197,0,180,ŌłÆ8,048EŌłÆ2
16,213,0,180,ŌłÆ9,039EŌłÆ2
16,230,0,182,ŌłÆ9,996EŌłÆ2
16,247,0,183,-0,108
16,264,0,182,-0,111
16,280,0,180,-0,111
16,297,0,176,-0,111
16,314,0,173,-0,110
16,330,,
16,347,0,176,ŌłÆ8,587EŌłÆ2
16,364,0,177,ŌłÆ7,448EŌłÆ2
16,381,0,174,ŌłÆ7,332EŌłÆ2
16,397,0,174,ŌłÆ8,398EŌłÆ2
16,414,0,179,ŌłÆ9,860EŌłÆ2
16,431,0,186,-0,112
16,447,0,187,-0,117
16,464,0,188,-0,115
16,481,0,188,-0,111
16,498,0,188,ŌłÆ9,873EŌłÆ2
16,514,0,188,ŌłÆ9,193EŌłÆ2
16,531,0,187,ŌłÆ8,714EŌłÆ2
16,548,0,185,ŌłÆ8,405EŌłÆ2
16,564,0,182,ŌłÆ7,841EŌłÆ2
16,581,0,181,ŌłÆ7,423EŌłÆ2
16,598,0,178,ŌłÆ7,567EŌłÆ2
16,615,0,178,ŌłÆ8,948EŌłÆ2
16,631,0,184,-0,105
16,648,0,186,-0,114
16,665,0,184,-0,113
16,681,0,185,-0,103
16,698,0,188,ŌłÆ9,353EŌłÆ2
16,715,0,189,ŌłÆ8,589EŌłÆ2
16,732,0,188,ŌłÆ8,348EŌłÆ2
16,748,0,186,ŌłÆ8,375EŌłÆ2
16,765,0,186,ŌłÆ8,958EŌłÆ2
16,782,0,186,ŌłÆ9,676EŌłÆ2
16,798,0,186,-0,101
16,815,0,185,-0,103
16,832,0,184,-0,107
16,849,0,183,-0,111
16,865,0,182,-0,111
16,882,0,184,ŌłÆ9,953EŌłÆ2
16,899,0,188,ŌłÆ8,850EŌłÆ2
16,915,0,191,ŌłÆ7,954EŌłÆ2
16,932,0,191,ŌłÆ7,374EŌłÆ2
16,949,0,189,ŌłÆ7,280EŌłÆ2
16,966,0,188,ŌłÆ7,501EŌłÆ2
16,982,0,192,ŌłÆ9,140EŌłÆ2
16,999,0,193,-0,102
17,016,0,195,-0,103
17,032,0,195,ŌłÆ9,909EŌłÆ2
17,049,0,196,ŌłÆ9,395EŌłÆ2
17,066,0,195,ŌłÆ8,915EŌłÆ2
17,083,0,194,ŌłÆ8,797EŌłÆ2
17,099,0,193,ŌłÆ9,430EŌłÆ2
17,116,0,193,ŌłÆ9,791EŌłÆ2
17,133,0,193,-0,101
17,149,0,193,ŌłÆ9,852EŌłÆ2
17,166,0,194,ŌłÆ9,089EŌłÆ2
17,183,0,194,ŌłÆ8,701EŌłÆ2
17,200,0,193,ŌłÆ8,509EŌłÆ2
17,216,0,191,ŌłÆ9,044EŌłÆ2
17,233,0,192,ŌłÆ9,431EŌłÆ2
17,250,0,188,ŌłÆ8,857EŌłÆ2
17,266,0,187,ŌłÆ8,306EŌłÆ2
17,283,0,184,ŌłÆ8,089EŌłÆ2
17,300,0,183,ŌłÆ8,035EŌłÆ2
17,317,0,181,ŌłÆ7,753EŌłÆ2
17,333,0,180,ŌłÆ7,685EŌłÆ2
17,350,0,178,ŌłÆ7,785EŌłÆ2
17,367,0,176,ŌłÆ8,000EŌłÆ2
17,383,0,174,ŌłÆ8,278EŌłÆ2
17,400,0,175,ŌłÆ9,218EŌłÆ2
17,417,0,176,-0,103
17,434,0,178,-0,114
17,450,0,173,-0,114
17,467,0,174,-0,110
17,484,0,179,ŌłÆ9,308EŌłÆ2
17,500,0,182,ŌłÆ8,310EŌłÆ2
17,517,0,183,ŌłÆ7,097EŌłÆ2
17,534,0,182,ŌłÆ6,979EŌłÆ2
17,551,0,180,ŌłÆ8,216EŌłÆ2
17,567,,
17,584,0,181,-0,101
17,601,0,177,ŌłÆ9,118EŌłÆ2
17,617,0,182,ŌłÆ8,701EŌłÆ2
17,634,0,173,ŌłÆ8,544EŌłÆ2
17,651,0,170,ŌłÆ8,694EŌłÆ2
17,668,0,167,ŌłÆ8,901EŌłÆ2
17,684,0,166,ŌłÆ9,573EŌłÆ2
17,701,0,167,-0,104
17,718,0,166,-0,110
17,734,0,165,-0,109
17,751,0,164,-0,105
17,768,0,165,ŌłÆ9,961EŌłÆ2
17,785,0,166,ŌłÆ9,272EŌłÆ2
17,801,0,165,ŌłÆ8,776EŌłÆ2
17,818,0,164,ŌłÆ8,714EŌłÆ2
17,835,0,163,ŌłÆ8,948EŌłÆ2
17,851,0,162,ŌłÆ9,187EŌłÆ2
17,868,0,162,ŌłÆ9,821EŌłÆ2
17,885,0,162,-0,105
17,902,0,161,-0,101
17,918,,
17,935,0,173,ŌłÆ7,429EŌłÆ2
17,952,0,178,ŌłÆ6,255EŌłÆ2
17,968,0,173,ŌłÆ5,686EŌłÆ2
17,985,0,172,ŌłÆ6,099EŌłÆ2
18,002,0,176,ŌłÆ7,292EŌłÆ2
18,019,0,179,ŌłÆ8,074EŌłÆ2
18,035,0,182,ŌłÆ8,856EŌłÆ2
18,052,0,183,ŌłÆ9,300EŌłÆ2
18,069,0,183,ŌłÆ9,373EŌłÆ2
18,085,0,183,ŌłÆ9,108EŌłÆ2
18,102,0,183,ŌłÆ9,033EŌłÆ2
18,119,0,183,ŌłÆ9,306EŌłÆ2
18,136,0,182,ŌłÆ9,621EŌłÆ2
18,152,0,181,ŌłÆ9,589EŌłÆ2
18,169,0,181,ŌłÆ9,063EŌłÆ2
18,186,0,185,ŌłÆ8,281EŌłÆ2
18,202,0,179,ŌłÆ8,496EŌłÆ2
18,219,0,188,ŌłÆ8,623EŌłÆ2
18,236,0,184,ŌłÆ9,586EŌłÆ2
18,253,0,185,ŌłÆ9,781EŌłÆ2
18,269,0,185,ŌłÆ9,684EŌłÆ2
18,286,0,186,ŌłÆ9,368EŌłÆ2
18,303,0,186,ŌłÆ8,618EŌłÆ2
18,319,0,187,ŌłÆ8,301EŌłÆ2
18,336,0,188,ŌłÆ8,785EŌłÆ2
18,353,0,189,ŌłÆ9,433EŌłÆ2
18,370,0,189,ŌłÆ9,654EŌłÆ2
18,386,0,189,ŌłÆ9,678EŌłÆ2
18,403,0,189,ŌłÆ9,599EŌłÆ2
18,420,0,188,ŌłÆ9,406EŌłÆ2
18,436,0,188,ŌłÆ9,402EŌłÆ2
18,453,0,188,ŌłÆ9,627EŌłÆ2
18,470,0,186,ŌłÆ9,692EŌłÆ2
18,487,0,186,ŌłÆ9,610EŌłÆ2
18,503,0,182,ŌłÆ9,407EŌłÆ2
18,520,0,177,ŌłÆ9,148EŌłÆ2
18,537,0,176,ŌłÆ8,804EŌłÆ2
18,553,0,176,ŌłÆ8,741EŌłÆ2
18,570,0,168,ŌłÆ8,681EŌłÆ2
18,587,0,177,ŌłÆ8,470EŌłÆ2
18,604,0,188,ŌłÆ7,210EŌłÆ2
18,620,0,188,ŌłÆ7,478EŌłÆ2
18,637,0,189,ŌłÆ7,752EŌłÆ2
18,654,0,188,ŌłÆ7,752EŌłÆ2
18,670,0,188,ŌłÆ7,618EŌłÆ2
18,687,0,188,ŌłÆ7,448EŌłÆ2
18,704,0,187,ŌłÆ7,492EŌłÆ2
18,721,0,190,ŌłÆ7,763EŌłÆ2
18,737,0,191,ŌłÆ8,246EŌłÆ2
18,754,0,192,ŌłÆ8,786EŌłÆ2
18,771,0,192,ŌłÆ8,995EŌłÆ2
18,787,0,189,ŌłÆ8,932EŌłÆ2
18,804,0,183,ŌłÆ8,739EŌłÆ2
18,821,0,187,ŌłÆ8,834EŌłÆ2
18,838,0,188,ŌłÆ9,177EŌłÆ2
18,854,0,186,ŌłÆ9,465EŌłÆ2
18,871,0,186,ŌłÆ9,571EŌłÆ2
18,888,0,185,ŌłÆ9,322EŌłÆ2
18,904,0,186,ŌłÆ8,570EŌłÆ2
18,921,0,186,ŌłÆ7,741EŌłÆ2
18,938,0,183,ŌłÆ7,291EŌłÆ2
18,955,0,181,ŌłÆ7,230EŌłÆ2
18,971,0,180,ŌłÆ7,612EŌłÆ2
18,988,0,182,ŌłÆ8,432EŌłÆ2
19,005,,
19,022,0,178,ŌłÆ7,517EŌłÆ2
19,038,0,162,ŌłÆ7,344EŌłÆ2
19,055,0,174,ŌłÆ7,492EŌłÆ2
19,072,0,174,ŌłÆ8,591EŌłÆ2
19,088,0,180,-0,101
19,105,0,182,-0,113
19,122,0,181,-0,116
19,139,0,180,-0,112
19,155,0,181,-0,105
19,172,0,183,ŌłÆ9,530EŌłÆ2
19,189,0,185,ŌłÆ9,104EŌłÆ2
19,205,0,185,ŌłÆ9,516EŌłÆ2
19,222,0,185,-0,101
19,239,0,185,-0,108
19,256,0,184,-0,110
19,272,0,182,-0,107
19,289,0,185,-0,102
19,306,0,185,ŌłÆ9,694EŌłÆ2
19,322,0,184,ŌłÆ9,275EŌłÆ2
19,339,0,183,ŌłÆ9,175EŌłÆ2
19,356,0,181,ŌłÆ9,040EŌłÆ2
19,373,0,179,ŌłÆ8,750EŌłÆ2
19,389,0,176,ŌłÆ9,483EŌłÆ2
19,406,0,177,-0,105
19,423,0,177,-0,111
19,439,0,175,-0,112
19,456,0,176,-0,106
19,473,0,179,ŌłÆ9,430EŌłÆ2
19,490,0,180,ŌłÆ8,580EŌłÆ2
19,506,0,179,ŌłÆ8,291EŌłÆ2
19,523,0,177,ŌłÆ8,295EŌłÆ2
19,540,0,176,ŌłÆ8,272EŌłÆ2
19,556,0,174,ŌłÆ8,324EŌłÆ2
19,573,0,172,ŌłÆ9,030EŌłÆ2
19,590,0,172,-0,103
19,607,0,171,-0,106
19,623,0,171,ŌłÆ9,541EŌłÆ2
19,640,0,175,ŌłÆ8,263EŌłÆ2
19,657,0,170,ŌłÆ7,007EŌłÆ2
19,673,0,177,ŌłÆ7,157EŌłÆ2
19,690,0,174,ŌłÆ7,743EŌłÆ2
19,707,0,180,ŌłÆ9,103EŌłÆ2
19,724,0,185,-0,103
19,740,0,182,-0,108
19,757,0,182,-0,107
19,774,0,181,ŌłÆ9,910EŌłÆ2
19,790,0,183,ŌłÆ9,083EŌłÆ2
19,807,0,192,ŌłÆ8,658EŌłÆ2
19,824,0,187,ŌłÆ8,495EŌłÆ2
19,841,0,187,ŌłÆ9,221EŌłÆ2
19,857,0,189,-0,100
19,874,0,190,-0,105
19,891,0,189,-0,104
19,907,0,189,-0,101
19,924,0,189,ŌłÆ9,717EŌłÆ2
19,941,0,188,ŌłÆ9,380EŌłÆ2
19,958,0,189,ŌłÆ9,004EŌłÆ2
19,974,0,190,ŌłÆ8,664EŌłÆ2
19,991,0,190,ŌłÆ8,514EŌłÆ2
20,008,0,190,ŌłÆ8,659EŌłÆ2
20,024,0,190,ŌłÆ9,143EŌłÆ2
20,041,0,191,ŌłÆ9,481EŌłÆ2
20,058,0,195,ŌłÆ9,352EŌłÆ2
20,075,0,195,ŌłÆ9,111EŌłÆ2
20,091,0,195,ŌłÆ8,771EŌłÆ2
20,108,0,189,ŌłÆ9,048EŌłÆ2
20,125,0,189,ŌłÆ9,252EŌłÆ2
20,141,0,189,ŌłÆ9,290EŌłÆ2
20,158,0,189,ŌłÆ9,199EŌłÆ2
20,175,0,189,ŌłÆ9,123EŌłÆ2
20,192,0,189,ŌłÆ9,048EŌłÆ2
20,208,0,189,ŌłÆ8,807EŌłÆ2
20,225,0,188,ŌłÆ8,760EŌłÆ2
20,242,0,186,ŌłÆ8,787EŌłÆ2
20,258,0,185,ŌłÆ9,128EŌłÆ2
20,275,0,182,ŌłÆ9,060EŌłÆ2
20,292,0,181,ŌłÆ8,772EŌłÆ2
20,309,0,178,ŌłÆ9,117EŌłÆ2
20,325,0,176,ŌłÆ9,590EŌłÆ2
20,342,0,175,-0,101
20,359,0,176,-0,110
20,375,0,174,-0,118
20,392,0,174,-0,118
20,409,0,174,-0,115
20,426,,
20,442,0,180,ŌłÆ8,846EŌłÆ2
20,459,0,181,ŌłÆ8,167EŌłÆ2
20,476,0,179,ŌłÆ8,703EŌłÆ2
20,492,0,181,ŌłÆ9,661EŌłÆ2
20,509,0,181,-0,104
20,526,0,179,-0,109
20,543,0,177,-0,113
20,559,0,175,-0,116
20,576,0,173,-0,116
20,593,0,172,-0,111
20,609,0,174,-0,103
20,626,0,164,ŌłÆ9,080EŌłÆ2
20,643,0,158,ŌłÆ8,510EŌłÆ2
20,660,0,178,ŌłÆ6,622EŌłÆ2
20,676,0,181,ŌłÆ6,884EŌłÆ2
20,693,0,184,ŌłÆ8,161EŌłÆ2
20,710,,
20,726,0,190,ŌłÆ9,265EŌłÆ2
20,743,0,190,ŌłÆ9,403EŌłÆ2
20,760,0,191,ŌłÆ9,441EŌłÆ2
20,777,0,191,ŌłÆ9,404EŌłÆ2
20,793,0,190,ŌłÆ9,297EŌłÆ2
20,810,0,190,ŌłÆ9,163EŌłÆ2
20,827,0,185,ŌłÆ8,658EŌłÆ2
20,843,0,190,ŌłÆ8,304EŌłÆ2
20,860,0,183,ŌłÆ7,328EŌłÆ2
20,877,0,182,ŌłÆ7,324EŌłÆ2
20,894,0,182,ŌłÆ7,704EŌłÆ2
20,910,0,182,ŌłÆ8,079EŌłÆ2
20,927,0,181,ŌłÆ7,985EŌłÆ2
20,944,0,167,ŌłÆ7,456EŌłÆ2
20,960,0,180,ŌłÆ7,362EŌłÆ2
20,977,0,180,ŌłÆ7,278EŌłÆ2
20,994,0,179,ŌłÆ7,138EŌłÆ2
21,011,0,179,ŌłÆ7,006EŌłÆ2
21,027,0,179,ŌłÆ6,890EŌłÆ2
21,044,0,179,ŌłÆ6,708EŌłÆ2
21,061,0,179,ŌłÆ6,535EŌłÆ2
21,077,0,179,ŌłÆ6,501EŌłÆ2
21,094,0,179,ŌłÆ6,743EŌłÆ2
21,111,0,179,ŌłÆ6,983EŌłÆ2
21,128,0,191,-0,100
21,144,0,191,ŌłÆ9,529EŌłÆ2
21,161,0,196,ŌłÆ8,625EŌłÆ2
21,178,0,196,ŌłÆ8,208EŌłÆ2
21,194,0,195,ŌłÆ8,312EŌłÆ2
21,211,0,195,ŌłÆ8,335EŌłÆ2
21,228,0,195,ŌłÆ8,680EŌłÆ2
21,245,0,195,ŌłÆ8,771EŌłÆ2
21,261,0,195,ŌłÆ8,697EŌłÆ2
21,278,0,194,ŌłÆ8,712EŌłÆ2
21,295,0,194,ŌłÆ9,282EŌłÆ2
21,311,0,194,ŌłÆ9,762EŌłÆ2
21,328,0,194,ŌłÆ9,936EŌłÆ2
21,345,0,193,ŌłÆ9,695EŌłÆ2
21,362,0,189,ŌłÆ8,881EŌłÆ2
21,378,0,196,ŌłÆ8,697EŌłÆ2
21,395,0,194,ŌłÆ8,822EŌłÆ2
21,412,0,193,ŌłÆ9,404EŌłÆ2
21,428,0,194,ŌłÆ9,987EŌłÆ2
21,445,0,195,-0,103
21,462,0,187,-0,101
21,479,0,193,ŌłÆ9,501EŌłÆ2
21,495,0,196,ŌłÆ9,230EŌłÆ2
21,512,0,196,ŌłÆ9,191EŌłÆ2
21,529,0,196,ŌłÆ9,304EŌłÆ2
21,545,0,196,ŌłÆ9,511EŌłÆ2
21,562,0,196,ŌłÆ9,563EŌłÆ2
21,579,0,197,ŌłÆ9,228EŌłÆ2
21,596,0,197,ŌłÆ8,754EŌłÆ2
21,612,0,196,ŌłÆ8,624EŌłÆ2
21,629,0,196,ŌłÆ8,551EŌłÆ2
21,646,0,196,ŌłÆ8,515EŌłÆ2
21,662,0,196,ŌłÆ8,843EŌłÆ2
21,679,0,196,ŌłÆ9,206EŌłÆ2
21,696,0,196,ŌłÆ9,036EŌłÆ2
21,713,0,195,ŌłÆ8,592EŌłÆ2
21,729,0,195,ŌłÆ8,073EŌłÆ2
21,746,0,195,ŌłÆ7,604EŌłÆ2
21,763,0,195,ŌłÆ7,328EŌłÆ2
21,779,0,196,ŌłÆ7,356EŌłÆ2
21,796,0,197,ŌłÆ7,700EŌłÆ2
21,813,0,197,ŌłÆ7,940EŌłÆ2
21,830,0,196,ŌłÆ7,804EŌłÆ2
21,846,0,195,ŌłÆ7,496EŌłÆ2
21,863,0,195,ŌłÆ7,564EŌłÆ2
21,880,0,195,ŌłÆ8,240EŌłÆ2
21,896,0,195,ŌłÆ8,784EŌłÆ2
21,913,0,196,ŌłÆ9,193EŌłÆ2
21,930,0,195,ŌłÆ9,328EŌłÆ2
21,947,0,196,ŌłÆ9,037EŌłÆ2
21,963,0,196,ŌłÆ8,549EŌłÆ2
21,980,0,197,ŌłÆ7,973EŌłÆ2
21,997,0,196,ŌłÆ7,293EŌłÆ2
22,013,0,195,ŌłÆ7,326EŌłÆ2
22,030,0,197,ŌłÆ8,017EŌłÆ2
22,047,0,197,ŌłÆ8,158EŌłÆ2
22,064,,
22,080,0,192,ŌłÆ6,936EŌłÆ2
22,097,0,192,ŌłÆ6,647EŌłÆ2
22,114,0,192,ŌłÆ6,956EŌłÆ2
22,130,0,192,ŌłÆ7,065EŌłÆ2
22,147,0,191,ŌłÆ6,930EŌłÆ2
22,164,0,189,ŌłÆ6,720EŌłÆ2
22,181,0,187,ŌłÆ6,487EŌłÆ2
22,197,0,184,ŌłÆ6,532EŌłÆ2
22,214,0,181,ŌłÆ6,839EŌłÆ2
22,231,0,178,ŌłÆ7,289EŌłÆ2
22,247,0,176,ŌłÆ8,111EŌłÆ2
22,264,0,176,ŌłÆ8,831EŌłÆ2
22,281,0,176,ŌłÆ9,823EŌłÆ2
22,298,0,174,-0,104
22,314,,
22,331,0,168,-0,110
22,348,0,167,-0,113
22,364,0,165,-0,113
22,381,0,162,-0,110
22,398,0,160,-0,108
22,415,0,157,-0,107
22,431,0,155,-0,104
22,448,0,155,ŌłÆ9,302EŌłÆ2
22,465,,
22,481,0,151,ŌłÆ7,154EŌłÆ2
22,498,0,159,ŌłÆ9,416EŌłÆ2
22,515,0,162,ŌłÆ9,957EŌłÆ2
22,532,0,166,-0,116
22,548,0,168,-0,108
22,565,0,173,ŌłÆ9,674EŌłÆ2
22,582,0,179,ŌłÆ8,399EŌłÆ2
22,598,0,183,ŌłÆ7,194EŌłÆ2
22,615,0,182,ŌłÆ7,221EŌłÆ2
22,632,0,190,ŌłÆ7,344EŌłÆ2
22,649,0,188,ŌłÆ6,149EŌłÆ2
22,665,0,185,ŌłÆ7,184EŌłÆ2
22,682,0,185,ŌłÆ6,251EŌłÆ2
22,699,0,179,ŌłÆ6,302EŌłÆ2
22,715,0,189,ŌłÆ7,653EŌłÆ2
22,732,0,192,ŌłÆ9,866EŌłÆ2
22,749,0,193,ŌłÆ9,066EŌłÆ2
22,766,0,193,ŌłÆ8,630EŌłÆ2
22,782,0,192,ŌłÆ8,777EŌłÆ2
22,799,0,182,ŌłÆ9,424EŌłÆ2
22,816,0,182,ŌłÆ9,702EŌłÆ2
22,832,0,190,ŌłÆ9,677EŌłÆ2
22,849,0,188,ŌłÆ9,655EŌłÆ2
22,866,0,186,ŌłÆ9,513EŌłÆ2
22,883,0,185,ŌłÆ9,298EŌłÆ2
22,899,0,185,ŌłÆ9,322EŌłÆ2
22,916,0,177,-0,101
22,933,0,177,-0,109
22,949,0,177,-0,113
22,966,0,175,-0,115
22,983,0,175,-0,112
23,000,0,176,-0,105
23,016,0,185,ŌłÆ9,444EŌłÆ2
23,033,0,188,ŌłÆ8,638EŌłÆ2
23,050,0,187,ŌłÆ8,325EŌłÆ2
23,066,0,188,ŌłÆ8,881EŌłÆ2
23,083,0,188,ŌłÆ9,598EŌłÆ2
23,100,0,187,-0,101
23,117,0,188,ŌłÆ9,873EŌłÆ2
23,133,0,180,ŌłÆ8,726EŌłÆ2
23,150,0,177,ŌłÆ7,982EŌłÆ2
23,167,0,184,ŌłÆ7,860EŌłÆ2
23,183,0,180,ŌłÆ7,903EŌłÆ2
23,200,0,180,ŌłÆ8,653EŌłÆ2
23,217,0,181,ŌłÆ9,405EŌłÆ2
23,234,0,180,-0,100
23,250,0,178,-0,102
23,267,0,176,-0,101
23,284,0,176,ŌłÆ9,871EŌłÆ2
23,301,0,175,ŌłÆ9,340EŌłÆ2
23,317,0,173,ŌłÆ9,486EŌłÆ2
23,334,0,172,ŌłÆ9,964EŌłÆ2
23,351,0,171,-0,105
23,367,0,169,-0,110
23,384,0,166,-0,112
23,401,0,166,-0,106
23,418,0,164,ŌłÆ8,998EŌłÆ2
23,434,0,175,ŌłÆ8,395EŌłÆ2
23,451,0,174,ŌłÆ8,945EŌłÆ2
23,468,0,177,-0,102
23,484,,
23,501,0,177,-0,100
23,518,,
23,535,0,184,ŌłÆ7,750EŌłÆ2
23,551,0,180,ŌłÆ7,322EŌłÆ2
23,568,0,181,ŌłÆ7,901EŌłÆ2
23,585,0,184,ŌłÆ8,989EŌłÆ2
23,601,0,180,-0,100
23,618,0,176,-0,109
23,635,0,186,ŌłÆ8,811EŌłÆ2
23,652,0,186,ŌłÆ8,124EŌłÆ2
23,668,0,186,ŌłÆ7,480EŌłÆ2
23,685,0,184,ŌłÆ7,036EŌłÆ2
23,702,0,183,ŌłÆ7,025EŌłÆ2
23,718,0,183,ŌłÆ7,776EŌłÆ2
23,735,0,186,ŌłÆ8,662EŌłÆ2
23,752,0,188,ŌłÆ9,614EŌłÆ2
23,769,0,189,-0,103
23,785,0,189,-0,105
23,802,0,189,-0,105
23,819,0,188,-0,104
23,835,0,188,-0,102
23,852,0,188,ŌłÆ9,849EŌłÆ2
23,869,0,190,ŌłÆ9,295EŌłÆ2
23,886,0,191,ŌłÆ8,820EŌłÆ2
23,902,0,190,ŌłÆ8,538EŌłÆ2
23,919,0,190,ŌłÆ8,336EŌłÆ2
23,936,0,189,ŌłÆ8,152EŌłÆ2
23,952,0,188,ŌłÆ8,106EŌłÆ2
23,969,0,188,ŌłÆ8,808EŌłÆ2
23,986,0,187,ŌłÆ8,954EŌłÆ2
24,003,0,187,ŌłÆ9,100EŌłÆ2
24,019,0,185,ŌłÆ8,788EŌłÆ2
24,036,0,185,ŌłÆ8,225EŌłÆ2
24,053,0,186,ŌłÆ7,895EŌłÆ2
24,069,0,177,ŌłÆ7,948EŌłÆ2
24,086,0,180,ŌłÆ8,119EŌłÆ2
24,103,0,180,ŌłÆ8,329EŌłÆ2
24,120,0,179,ŌłÆ8,337EŌłÆ2
24,136,0,178,ŌłÆ8,320EŌłÆ2
24,153,0,177,ŌłÆ8,341EŌłÆ2
24,170,0,175,ŌłÆ8,475EŌłÆ2
24,186,0,173,ŌłÆ8,534EŌłÆ2
24,203,0,170,ŌłÆ8,355EŌłÆ2
24,220,0,167,ŌłÆ8,434EŌłÆ2
24,237,0,165,ŌłÆ9,187EŌłÆ2
24,253,0,170,-0,105
24,270,0,175,-0,121
24,287,0,174,-0,126
24,303,0,173,-0,122
24,320,0,180,-0,101
24,337,0,178,ŌłÆ7,311EŌłÆ2
24,354,0,188,ŌłÆ9,219EŌłÆ2
24,370,0,184,ŌłÆ8,912EŌłÆ2
24,387,0,183,ŌłÆ9,185EŌłÆ2
24,404,0,182,ŌłÆ9,661EŌłÆ2
24,420,0,181,-0,100
24,437,0,180,-0,103
24,454,0,178,-0,104
24,471,0,176,-0,104
24,487,0,175,-0,108
24,504,0,173,-0,112
24,521,0,172,-0,110
24,537,0,176,-0,103
24,554,0,180,ŌłÆ8,508EŌłÆ2
24,571,0,176,ŌłÆ7,789EŌłÆ2
24,588,0,175,ŌłÆ7,926EŌłÆ2
24,604,0,179,ŌłÆ9,324EŌłÆ2
24,621,,
24,638,0,182,-0,109
24,654,0,180,-0,106
24,671,0,184,ŌłÆ9,009EŌłÆ2
24,688,0,189,ŌłÆ8,177EŌłÆ2
24,705,0,184,ŌłÆ8,307EŌłÆ2
24,721,0,185,ŌłÆ8,921EŌłÆ2
24,738,0,187,-0,100
24,755,0,188,-0,108
24,771,0,187,-0,108
24,788,0,186,-0,105
24,805,0,187,ŌłÆ9,702EŌłÆ2
24,822,0,189,ŌłÆ8,942EŌłÆ2
24,838,0,189,ŌłÆ8,588EŌłÆ2
24,855,0,188,ŌłÆ8,619EŌłÆ2
24,872,0,188,ŌłÆ8,977EŌłÆ2
24,888,0,188,ŌłÆ9,563EŌłÆ2
24,905,0,188,ŌłÆ9,873EŌłÆ2
24,922,0,187,ŌłÆ9,905EŌłÆ2
24,939,0,187,ŌłÆ9,775EŌłÆ2
24,955,0,186,ŌłÆ9,540EŌłÆ2
24,972,0,186,ŌłÆ9,333EŌłÆ2
24,989,0,186,ŌłÆ9,123EŌłÆ2
25,005,0,186,ŌłÆ8,789EŌłÆ2
25,022,0,185,ŌłÆ8,506EŌłÆ2
25,039,0,185,ŌłÆ8,402EŌłÆ2
25,056,0,184,ŌłÆ8,452EŌłÆ2
25,072,0,183,ŌłÆ9,034EŌłÆ2
25,089,0,183,ŌłÆ9,856EŌłÆ2
25,106,0,183,-0,103
25,122,0,182,-0,104
25,139,0,183,ŌłÆ9,470EŌłÆ2
25,156,0,185,ŌłÆ8,502EŌłÆ2
25,173,0,184,ŌłÆ7,688EŌłÆ2
25,189,0,183,ŌłÆ7,413EŌłÆ2
25,206,0,182,ŌłÆ7,802EŌłÆ2
25,223,0,183,ŌłÆ8,554EŌłÆ2
25,239,0,185,ŌłÆ9,338EŌłÆ2
25,256,0,185,ŌłÆ9,987EŌłÆ2
25,273,0,188,-0,104
25,290,0,186,-0,102
25,306,0,187,ŌłÆ9,729EŌłÆ2
25,323,0,187,ŌłÆ9,047EŌłÆ2
25,340,0,186,ŌłÆ8,690EŌłÆ2
25,356,0,186,ŌłÆ8,685EŌłÆ2
25,373,0,172,-0,102
25,390,0,186,-0,102
25,407,0,187,-0,105
25,423,0,187,-0,103
25,440,0,190,ŌłÆ9,337EŌłÆ2
25,457,0,193,ŌłÆ8,511EŌłÆ2
25,473,0,195,ŌłÆ8,234EŌłÆ2
25,490,0,190,ŌłÆ8,514EŌłÆ2
25,507,0,190,ŌłÆ8,505EŌłÆ2
25,524,0,190,ŌłÆ8,576EŌłÆ2
25,540,0,189,ŌłÆ8,725EŌłÆ2
25,557,0,188,ŌłÆ8,921EŌłÆ2
25,574,0,188,ŌłÆ9,267EŌłÆ2
25,590,0,188,ŌłÆ9,540EŌłÆ2
25,607,0,188,ŌłÆ9,516EŌłÆ2
25,624,0,188,ŌłÆ9,408EŌłÆ2
25,641,0,189,ŌłÆ9,408EŌłÆ2
25,657,0,189,ŌłÆ9,542EŌłÆ2
25,674,0,189,ŌłÆ9,525EŌłÆ2
25,691,0,189,ŌłÆ9,369EŌłÆ2
25,707,0,188,ŌłÆ9,136EŌłÆ2
25,724,0,188,ŌłÆ8,726EŌłÆ2
25,741,0,188,ŌłÆ8,346EŌłÆ2
25,758,0,188,ŌłÆ8,280EŌłÆ2
25,774,0,188,ŌłÆ8,554EŌłÆ2
25,791,0,188,ŌłÆ8,723EŌłÆ2
25,808,0,188,ŌłÆ8,892EŌłÆ2
25,824,0,187,ŌłÆ9,142EŌłÆ2
25,841,0,187,ŌłÆ9,352EŌłÆ2
25,858,0,185,ŌłÆ9,492EŌłÆ2
25,875,0,183,ŌłÆ9,373EŌłÆ2
25,891,0,182,ŌłÆ9,094EŌłÆ2
25,908,0,179,ŌłÆ8,413EŌłÆ2
25,925,0,178,ŌłÆ7,725EŌłÆ2
25,941,0,172,ŌłÆ7,192EŌłÆ2
25,958,0,176,ŌłÆ7,521EŌłÆ2
25,975,0,175,ŌłÆ7,983EŌłÆ2
25,992,0,177,ŌłÆ8,664EŌłÆ2
26,008,0,176,ŌłÆ9,459EŌłÆ2
26,025,0,175,-0,101
26,042,0,174,-0,105
26,058,0,173,-0,105
26,075,0,172,-0,101
26,092,0,173,ŌłÆ9,465EŌłÆ2
26,109,0,175,ŌłÆ8,604EŌłÆ2
26,125,0,177,ŌłÆ7,850EŌłÆ2
26,142,0,178,ŌłÆ7,398EŌłÆ2
26,159,0,177,ŌłÆ8,125EŌłÆ2
26,175,0,180,ŌłÆ9,355EŌłÆ2
26,192,0,180,-0,102
26,209,0,181,-0,104
26,226,0,179,ŌłÆ9,913EŌłÆ2
26,242,0,178,ŌłÆ9,027EŌłÆ2
26,259,0,174,ŌłÆ8,209EŌłÆ2
26,276,0,176,ŌłÆ8,200EŌłÆ2
26,292,0,174,ŌłÆ8,640EŌłÆ2
26,309,0,173,ŌłÆ9,455EŌłÆ2
26,326,0,173,-0,101
26,343,0,171,-0,104
26,359,0,170,-0,102
26,376,0,169,ŌłÆ9,633EŌłÆ2
26,393,0,170,ŌłÆ8,842EŌłÆ2
26,409,0,170,ŌłÆ8,264EŌłÆ2
26,426,0,167,ŌłÆ8,288EŌłÆ2
26,443,0,161,-0,101
26,460,0,169,-0,104
26,476,0,169,-0,113
26,493,0,169,-0,115
26,510,0,167,-0,112
26,526,0,167,-0,105
26,543,0,172,ŌłÆ9,644EŌłÆ2
26,560,0,173,ŌłÆ8,271EŌłÆ2
26,577,0,174,ŌłÆ7,105EŌłÆ2
26,593,0,173,ŌłÆ6,898EŌłÆ2
26,610,0,178,ŌłÆ8,317EŌłÆ2
26,627,0,182,ŌłÆ9,400EŌłÆ2
26,643,0,182,ŌłÆ9,739EŌłÆ2
26,660,0,176,ŌłÆ9,406EŌłÆ2
26,677,0,182,ŌłÆ8,867EŌłÆ2
26,694,0,182,ŌłÆ8,042EŌłÆ2
26,710,0,182,ŌłÆ7,899EŌłÆ2
26,727,0,181,ŌłÆ8,191EŌłÆ2
26,744,0,182,ŌłÆ8,914EŌłÆ2
26,760,0,182,ŌłÆ9,731EŌłÆ2
26,777,0,181,-0,104
26,794,0,180,-0,106
26,811,0,179,-0,107
26,827,0,179,-0,104
26,844,0,181,ŌłÆ9,885EŌłÆ2
26,861,0,185,ŌłÆ9,193EŌłÆ2
26,877,0,187,ŌłÆ8,578EŌłÆ2
26,894,0,186,ŌłÆ8,400EŌłÆ2
26,911,0,185,ŌłÆ8,911EŌłÆ2
26,928,0,186,ŌłÆ9,690EŌłÆ2
26,944,0,186,-0,101
26,961,0,187,-0,102
26,978,0,186,-0,101
26,994,0,186,ŌłÆ9,558EŌłÆ2
27,011,0,187,ŌłÆ8,936EŌłÆ2
27,028,0,187,ŌłÆ8,519EŌłÆ2
27,045,0,187,ŌłÆ8,661EŌłÆ2
27,061,0,186,ŌłÆ9,006EŌłÆ2
27,078,0,185,ŌłÆ9,446EŌłÆ2
27,095,0,185,ŌłÆ9,828EŌłÆ2
27,111,0,184,-0,100
27,128,0,183,-0,100
27,145,0,182,ŌłÆ9,977EŌłÆ2
27,162,0,181,ŌłÆ9,910EŌłÆ2
27,178,0,181,ŌłÆ9,631EŌłÆ2
27,195,0,180,ŌłÆ9,281EŌłÆ2
27,212,0,180,ŌłÆ8,797EŌłÆ2
27,228,0,179,ŌłÆ8,945EŌłÆ2
27,245,0,179,-0,101
27,262,0,179,-0,104
27,279,0,177,-0,103
27,295,0,177,ŌłÆ9,215EŌłÆ2
27,312,0,176,ŌłÆ8,417EŌłÆ2
27,329,0,175,ŌłÆ8,353EŌłÆ2
27,345,0,178,ŌłÆ9,406EŌłÆ2
27,362,,
27,379,0,182,-0,105
27,396,0,181,-0,101
27,412,,
27,429,0,180,ŌłÆ8,168EŌłÆ2
27,446,0,177,ŌłÆ8,077EŌłÆ2
27,463,0,177,ŌłÆ8,899EŌłÆ2
27,479,0,176,ŌłÆ9,700EŌłÆ2
27,496,0,175,-0,101
27,513,0,173,-0,102
27,529,0,171,-0,102
27,546,0,168,ŌłÆ9,991EŌłÆ2
27,563,0,166,ŌłÆ9,653EŌłÆ2
27,580,0,163,ŌłÆ9,511EŌłÆ2
27,596,0,160,ŌłÆ9,220EŌłÆ2
27,613,0,158,ŌłÆ8,425EŌłÆ2
27,630,0,155,ŌłÆ8,189EŌłÆ2
27,646,0,147,ŌłÆ7,555EŌłÆ2
27,663,0,145,ŌłÆ8,422EŌłÆ2
27,680,0,145,ŌłÆ9,706EŌłÆ2
27,697,0,151,-0,115
27,713,0,151,-0,129
27,730,0,150,-0,135
27,747,0,148,-0,132
27,763,0,150,-0,122
27,780,0,154,ŌłÆ9,974EŌłÆ2
27,797,0,165,ŌłÆ9,138EŌłÆ2
27,814,0,168,ŌłÆ7,874EŌłÆ2
27,830,0,169,ŌłÆ8,091EŌłÆ2
27,847,0,173,ŌłÆ9,454EŌłÆ2
27,864,0,179,-0,109
27,880,0,181,-0,121
27,897,0,180,-0,125
27,914,0,179,-0,125
27,931,0,179,-0,120
27,947,0,179,-0,114
27,964,0,177,-0,109
27,981,0,169,-0,111
27,997,0,169,-0,116
28,014,0,168,-0,121
28,031,0,168,-0,123
28,048,0,165,-0,122
28,064,0,166,-0,114
28,081,,
28,098,0,177,ŌłÆ9,046EŌłÆ2
28,114,0,175,ŌłÆ8,903EŌłÆ2
28,131,0,176,ŌłÆ9,773EŌłÆ2
28,148,0,179,-0,107
28,165,0,180,-0,109
28,181,0,179,-0,107
28,198,0,179,-0,103
28,215,0,179,ŌłÆ9,742EŌłÆ2
28,231,0,178,ŌłÆ9,299EŌłÆ2
28,248,0,176,ŌłÆ9,192EŌłÆ2
28,265,0,175,ŌłÆ9,397EŌłÆ2
28,282,0,172,ŌłÆ9,747EŌłÆ2
28,298,0,171,-0,107
28,315,0,169,-0,112
28,332,0,169,-0,110
28,348,0,176,ŌłÆ9,240EŌłÆ2
28,365,0,180,ŌłÆ7,926EŌłÆ2
28,382,0,179,ŌłÆ7,483EŌłÆ2
28,399,0,178,ŌłÆ7,663EŌłÆ2
28,415,0,180,ŌłÆ8,478EŌłÆ2
28,432,0,182,ŌłÆ9,298EŌłÆ2
28,449,0,181,ŌłÆ9,546EŌłÆ2
28,465,0,180,ŌłÆ9,518EŌłÆ2
28,482,0,167,ŌłÆ9,534EŌłÆ2
28,499,0,180,ŌłÆ9,427EŌłÆ2
28,516,0,179,-0,101
28,532,0,179,-0,102
28,549,0,178,ŌłÆ9,576EŌłÆ2
28,566,0,179,ŌłÆ8,624EŌłÆ2
28,582,0,180,ŌłÆ7,995EŌłÆ2
28,599,0,166,ŌłÆ7,409EŌłÆ2
28,616,0,179,ŌłÆ7,590EŌłÆ2
28,633,0,178,ŌłÆ8,070EŌłÆ2
28,649,0,185,-0,106
28,666,0,184,-0,107
28,683,0,183,-0,103
28,699,0,171,ŌłÆ8,624EŌłÆ2
28,716,0,185,ŌłÆ8,838EŌłÆ2
28,733,0,184,ŌłÆ8,501EŌłÆ2
28,750,0,182,ŌłÆ8,568EŌłÆ2
28,766,0,168,ŌłÆ9,626EŌłÆ2
28,783,0,180,ŌłÆ9,475EŌłÆ2
28,800,0,179,ŌłÆ9,966EŌłÆ2
28,816,0,178,-0,102
28,833,0,176,-0,102
28,850,0,176,ŌłÆ9,822EŌłÆ2
28,867,0,176,ŌłÆ9,459EŌłÆ2
28,883,0,176,ŌłÆ8,756EŌłÆ2
28,900,0,175,ŌłÆ8,323EŌłÆ2
28,917,0,174,ŌłÆ8,397EŌłÆ2
28,933,0,172,ŌłÆ8,509EŌłÆ2
28,950,0,171,ŌłÆ8,789EŌłÆ2
28,967,0,170,ŌłÆ9,123EŌłÆ2
28,984,0,170,ŌłÆ9,340EŌłÆ2
29,000,0,169,ŌłÆ9,200EŌłÆ2
29,017,0,167,ŌłÆ8,458EŌłÆ2
29,034,0,166,ŌłÆ7,365EŌłÆ2
29,050,0,166,ŌłÆ6,304EŌłÆ2
29,067,0,168,ŌłÆ5,786EŌłÆ2
29,084,0,159,ŌłÆ5,804EŌłÆ2
29,101,0,165,ŌłÆ7,153EŌłÆ2
29,117,0,173,ŌłÆ8,715EŌłÆ2
29,134,0,179,ŌłÆ9,971EŌłÆ2
29,151,0,175,-0,104
29,167,0,174,ŌłÆ9,850EŌłÆ2
29,184,0,172,ŌłÆ8,860EŌłÆ2
29,201,,
29,218,0,171,ŌłÆ7,893EŌłÆ2
29,234,0,170,ŌłÆ8,380EŌłÆ2
29,251,0,171,ŌłÆ9,130EŌłÆ2
29,268,0,169,ŌłÆ9,156EŌłÆ2
29,284,0,167,ŌłÆ8,724EŌłÆ2
29,301,0,166,ŌłÆ8,387EŌłÆ2
29,318,0,164,ŌłÆ8,146EŌłÆ2
29,335,0,162,ŌłÆ7,765EŌłÆ2
29,351,0,161,ŌłÆ8,782EŌłÆ2
29,368,0,163,ŌłÆ9,651EŌłÆ2
29,385,0,161,ŌłÆ9,776EŌłÆ2
29,401,0,156,ŌłÆ9,154EŌłÆ2
29,418,0,153,ŌłÆ7,414EŌłÆ2
29,435,0,160,ŌłÆ6,775EŌłÆ2
29,452,0,159,ŌłÆ6,437EŌłÆ2
29,468,0,154,ŌłÆ6,639EŌłÆ2
29,485,0,161,ŌłÆ8,467EŌłÆ2
29,502,0,165,ŌłÆ9,488EŌłÆ2
29,518,,
29,535,,
29,552,0,164,ŌłÆ8,730EŌłÆ2
29,569,0,163,ŌłÆ8,048EŌłÆ2
29,585,0,160,ŌłÆ8,874EŌłÆ2
29,602,0,165,-0,102
29,619,0,168,-0,115
29,635,0,169,-0,118
29,652,0,168,-0,118
29,669,0,172,-0,104
29,686,0,177,ŌłÆ9,432EŌłÆ2
29,702,0,178,ŌłÆ9,141EŌłÆ2
29,719,0,176,ŌłÆ9,216EŌłÆ2
29,736,0,170,ŌłÆ9,396EŌłÆ2
29,752,0,169,ŌłÆ8,938EŌłÆ2
29,769,0,169,ŌłÆ7,849EŌłÆ2
29,786,0,168,ŌłÆ7,608EŌłÆ2
29,803,0,168,ŌłÆ8,939EŌłÆ2
29,819,0,175,-0,106
29,836,0,175,-0,110
29,853,0,175,-0,105
29,869,0,170,ŌłÆ9,091EŌłÆ2
29,886,0,174,ŌłÆ8,198EŌłÆ2
29,903,0,184,ŌłÆ7,833EŌłÆ2
29,920,0,180,ŌłÆ7,200EŌłÆ2
29,936,0,178,ŌłÆ6,938EŌłÆ2
29,953,0,177,ŌłÆ6,925EŌłÆ2
29,970,0,177,ŌłÆ7,206EŌłÆ2
29,986,0,180,ŌłÆ8,000EŌłÆ2
30,003,0,182,ŌłÆ8,954EŌłÆ2
30,020,0,185,ŌłÆ9,734EŌłÆ2
30,037,0,183,-0,104
30,053,0,181,-0,103
30,070,0,181,ŌłÆ9,814EŌłÆ2
30,087,0,178,ŌłÆ8,758EŌłÆ2
30,103,0,180,ŌłÆ8,048EŌłÆ2
30,120,0,178,ŌłÆ8,322EŌłÆ2
30,137,0,177,ŌłÆ9,432EŌłÆ2
30,154,0,177,-0,101
30,170,0,177,-0,103
30,187,0,176,ŌłÆ9,483EŌłÆ2
30,204,0,176,ŌłÆ8,781EŌłÆ2
30,220,0,174,ŌłÆ8,251EŌłÆ2
30,237,0,173,ŌłÆ8,241EŌłÆ2
30,254,0,173,ŌłÆ8,835EŌłÆ2
30,271,0,174,ŌłÆ9,752EŌłÆ2
30,287,0,174,-0,104
30,304,0,173,-0,106
30,321,0,172,-0,106
30,337,0,173,ŌłÆ9,705EŌłÆ2
30,354,0,177,ŌłÆ8,570EŌłÆ2
30,371,0,174,ŌłÆ7,912EŌłÆ2
30,388,0,175,ŌłÆ8,758EŌłÆ2
30,404,0,181,-0,101
30,421,0,181,-0,105
30,438,0,180,-0,103
30,454,0,186,ŌłÆ8,545EŌłÆ2
30,471,0,185,ŌłÆ7,748EŌłÆ2
30,488,0,185,ŌłÆ7,555EŌłÆ2
30,505,0,186,ŌłÆ8,061EŌłÆ2
30,521,0,190,ŌłÆ9,050EŌłÆ2
30,538,0,191,ŌłÆ9,872EŌłÆ2
30,555,0,192,-0,101
30,571,0,191,ŌłÆ9,748EŌłÆ2
30,588,0,191,ŌłÆ9,265EŌłÆ2
30,605,0,191,ŌłÆ9,167EŌłÆ2
30,622,0,190,ŌłÆ9,084EŌłÆ2
30,638,0,188,ŌłÆ8,895EŌłÆ2
30,655,0,186,ŌłÆ8,642EŌłÆ2
30,672,0,185,ŌłÆ8,563EŌłÆ2
30,688,0,184,ŌłÆ8,669EŌłÆ2
30,705,0,184,ŌłÆ8,870EŌłÆ2
30,722,0,184,ŌłÆ9,097EŌłÆ2
30,739,0,172,ŌłÆ8,790EŌłÆ2
30,755,0,177,ŌłÆ8,608EŌłÆ2
30,772,0,175,ŌłÆ8,406EŌłÆ2
30,789,0,174,ŌłÆ8,204EŌłÆ2
30,805,0,174,ŌłÆ8,135EŌłÆ2
30,822,0,173,ŌłÆ8,307EŌłÆ2
30,839,0,170,ŌłÆ8,317EŌłÆ2
30,856,0,163,ŌłÆ7,851EŌłÆ2
30,872,0,183,ŌłÆ9,978EŌłÆ2
30,889,0,185,ŌłÆ9,295EŌłÆ2
30,906,0,185,ŌłÆ8,984EŌłÆ2
30,922,0,184,ŌłÆ9,161EŌłÆ2
30,939,0,183,ŌłÆ9,395EŌłÆ2
30,956,0,182,ŌłÆ9,603EŌłÆ2
30,973,0,182,ŌłÆ9,860EŌłÆ2
30,989,0,181,ŌłÆ9,862EŌłÆ2
31,006,0,178,ŌłÆ9,746EŌłÆ2
31,023,0,176,ŌłÆ8,975EŌłÆ2
31,039,0,166,ŌłÆ7,896EŌłÆ2
31,056,0,175,ŌłÆ8,444EŌłÆ2
31,073,0,174,ŌłÆ9,390EŌłÆ2
31,090,0,178,-0,106
31,106,0,181,-0,117
31,123,0,182,-0,124
31,140,0,182,-0,124
31,156,0,182,-0,119
31,173,0,185,-0,111
31,190,0,188,-0,101
31,207,0,193,ŌłÆ9,502EŌłÆ2
31,223,0,192,ŌłÆ9,427EŌłÆ2
31,240,0,191,ŌłÆ9,397EŌłÆ2
31,257,0,191,ŌłÆ9,481EŌłÆ2
31,273,0,191,ŌłÆ9,708EŌłÆ2
31,290,0,191,ŌłÆ9,893EŌłÆ2
31,307,0,191,ŌłÆ9,997EŌłÆ2
31,324,0,191,-0,102
31,340,0,191,-0,104
31,357,0,191,-0,105
31,374,0,190,-0,104
31,390,0,190,-0,102
31,407,0,189,-0,101
31,424,0,188,ŌłÆ9,953EŌłÆ2
31,441,0,187,ŌłÆ9,776EŌłÆ2
31,457,0,186,ŌłÆ9,604EŌłÆ2
31,474,0,185,ŌłÆ9,593EŌłÆ2
31,491,0,183,ŌłÆ9,727EŌłÆ2
31,507,0,180,-0,104
31,524,0,179,-0,110
31,541,0,178,-0,108
31,558,0,179,-0,101
31,574,0,178,ŌłÆ9,126EŌłÆ2
31,591,0,164,ŌłÆ8,226EŌłÆ2
31,608,0,172,ŌłÆ8,213EŌłÆ2
31,624,0,180,ŌłÆ6,909EŌłÆ2
31,641,0,186,ŌłÆ8,327EŌłÆ2
31,658,0,191,ŌłÆ9,385EŌłÆ2
31,675,0,192,ŌłÆ9,793EŌłÆ2
31,691,0,192,-0,107
31,708,0,191,-0,106
31,725,0,191,-0,104
31,742,0,188,-0,105
31,758,0,188,-0,107
31,775,0,186,-0,107
31,792,0,186,-0,103
31,808,0,186,ŌłÆ9,859EŌłÆ2
31,825,0,186,-0,101
31,842,0,185,-0,105
31,859,0,185,-0,109
31,875,0,184,-0,111
31,892,0,183,-0,111
31,909,0,180,-0,108
31,925,0,179,-0,101
31,942,0,177,ŌłÆ9,523EŌłÆ2
31,959,0,174,ŌłÆ9,120EŌłÆ2
31,976,0,172,ŌłÆ8,912EŌłÆ2
31,992,0,169,ŌłÆ8,721EŌłÆ2
32,009,0,167,ŌłÆ8,409EŌłÆ2
32,026,0,162,ŌłÆ8,030EŌłÆ2
32,042,0,159,ŌłÆ8,374EŌłÆ2
32,059,0,160,-0,101
32,076,0,157,-0,111
32,093,0,156,-0,113
32,109,0,155,-0,108
32,126,0,150,ŌłÆ9,121EŌłÆ2
32,143,0,152,ŌłÆ8,265EŌłÆ2
32,159,0,154,ŌłÆ7,753EŌłÆ2
32,176,0,149,ŌłÆ7,835EŌłÆ2
32,193,0,150,ŌłÆ8,895EŌłÆ2
32,210,0,160,-0,111
32,226,0,159,-0,120
32,243,0,161,-0,109
32,260,0,157,ŌłÆ7,798EŌłÆ2
32,276,0,173,ŌłÆ7,479EŌłÆ2
32,293,0,180,ŌłÆ6,713EŌłÆ2
32,310,0,180,ŌłÆ6,097EŌłÆ2
32,327,0,170,ŌłÆ6,274EŌłÆ2
32,343,0,173,ŌłÆ7,987EŌłÆ2
32,360,,
32,377,0,180,ŌłÆ9,864EŌłÆ2
32,393,0,178,-0,101
32,410,0,178,ŌłÆ9,940EŌłÆ2
32,427,0,177,ŌłÆ8,682EŌłÆ2
32,444,0,176,ŌłÆ7,585EŌłÆ2
32,460,0,169,ŌłÆ7,086EŌłÆ2
32,477,0,172,ŌłÆ7,800EŌłÆ2
32,494,0,175,ŌłÆ8,823EŌłÆ2
32,510,0,164,ŌłÆ9,188EŌłÆ2
32,527,0,163,ŌłÆ8,029EŌłÆ2
32,544,0,161,ŌłÆ7,791EŌłÆ2
32,561,0,160,ŌłÆ8,349EŌłÆ2
32,577,0,159,ŌłÆ9,513EŌłÆ2
32,594,0,154,-0,106
32,611,0,149,-0,102
32,627,0,148,ŌłÆ9,193EŌłÆ2
32,644,0,147,ŌłÆ7,757EŌłÆ2
32,661,0,146,ŌłÆ6,321EŌłÆ2
32,678,0,144,ŌłÆ5,296EŌłÆ2
32,694,0,136,ŌłÆ5,581EŌłÆ2
32,711,0,140,ŌłÆ7,221EŌłÆ2
32,728,0,148,ŌłÆ9,314EŌłÆ2
32,744,0,154,-0,111
32,761,0,154,-0,121
32,778,0,152,-0,126
32,795,0,149,-0,125
32,811,0,149,-0,120
32,828,0,148,ŌłÆ9,897EŌłÆ2
32,845,0,162,ŌłÆ9,023EŌłÆ2
32,861,0,159,ŌłÆ9,173EŌłÆ2
32,878,0,162,-0,103
32,895,0,165,-0,117
32,912,0,164,-0,127
32,928,0,164,-0,127
32,945,0,164,-0,123
32,962,0,171,-0,104
32,978,0,179,ŌłÆ8,944EŌłÆ2
32,995,0,183,ŌłÆ7,607EŌłÆ2
33,012,0,180,ŌłÆ7,732EŌłÆ2
33,029,0,182,ŌłÆ8,755EŌłÆ2
33,045,0,184,ŌłÆ9,991EŌłÆ2
33,062,0,183,-0,107
33,079,0,181,-0,107
33,095,0,179,ŌłÆ9,937EŌłÆ2
33,112,0,173,ŌłÆ8,783EŌłÆ2
33,129,0,179,ŌłÆ8,243EŌłÆ2
33,146,0,177,ŌłÆ8,453EŌłÆ2
33,162,0,181,ŌłÆ9,539EŌłÆ2
33,179,0,185,-0,110
33,196,0,185,-0,117
33,212,0,184,-0,117
33,229,0,184,-0,113
33,246,0,187,-0,105
33,263,0,190,ŌłÆ9,974EŌłÆ2
33,279,0,190,ŌłÆ9,556EŌłÆ2
33,296,0,189,ŌłÆ9,405EŌłÆ2
33,313,0,187,ŌłÆ9,460EŌłÆ2
33,329,0,185,ŌłÆ9,664EŌłÆ2
33,346,0,183,ŌłÆ9,902EŌłÆ2
33,363,0,181,ŌłÆ9,912EŌłÆ2
33,380,0,180,ŌłÆ9,354EŌłÆ2
33,396,0,180,ŌłÆ8,742EŌłÆ2
33,413,0,178,ŌłÆ8,259EŌłÆ2
33,430,0,164,ŌłÆ7,468EŌłÆ2
33,446,0,172,ŌłÆ8,497EŌłÆ2
33,463,0,173,ŌłÆ9,419EŌłÆ2
33,480,0,175,-0,105
33,497,0,174,-0,114
33,513,0,172,-0,118
33,530,0,170,-0,119
33,547,0,168,-0,115
33,563,0,170,-0,107
33,580,0,170,ŌłÆ9,610EŌłÆ2
33,597,0,173,ŌłÆ8,717EŌłÆ2
33,614,0,173,ŌłÆ8,447EŌłÆ2
33,630,0,173,ŌłÆ9,246EŌłÆ2
33,647,0,179,-0,108
33,664,0,180,-0,117
33,680,0,179,-0,117
33,697,0,182,-0,105
33,714,0,186,ŌłÆ9,078EŌłÆ2
33,731,0,187,ŌłÆ7,986EŌłÆ2
33,747,0,188,ŌłÆ7,670EŌłÆ2
33,764,0,189,ŌłÆ8,298EŌłÆ2
33,781,0,191,ŌłÆ8,977EŌłÆ2
33,797,0,191,ŌłÆ9,356EŌłÆ2
33,814,0,191,ŌłÆ9,286EŌłÆ2
33,831,0,192,ŌłÆ8,670EŌłÆ2
33,848,0,192,ŌłÆ8,016EŌłÆ2
33,864,0,191,ŌłÆ7,604EŌłÆ2
33,881,0,190,ŌłÆ7,538EŌłÆ2
33,898,0,190,ŌłÆ7,710EŌłÆ2
33,914,0,191,ŌłÆ8,091EŌłÆ2
33,931,0,191,ŌłÆ8,851EŌłÆ2
33,948,0,192,ŌłÆ9,258EŌłÆ2
33,965,0,193,ŌłÆ9,466EŌłÆ2
33,981,0,192,ŌłÆ9,745EŌłÆ2
33,998,0,192,ŌłÆ9,855EŌłÆ2
34,015,0,192,-0,100
34,031,0,191,-0,101
34,048,0,191,-0,103
34,065,0,191,-0,106
34,082,0,190,-0,106
34,098,0,190,-0,105
34,115,0,189,-0,103
34,132,0,188,-0,101
34,148,0,188,ŌłÆ9,917EŌłÆ2
34,165,0,187,ŌłÆ9,926EŌłÆ2
34,182,0,185,-0,101
34,199,0,184,-0,104
34,215,0,183,-0,105
34,232,0,182,-0,103
34,249,0,182,ŌłÆ9,812EŌłÆ2
34,265,0,182,ŌłÆ9,013EŌłÆ2
34,282,0,169,ŌłÆ9,171EŌłÆ2
34,299,0,181,ŌłÆ9,220EŌłÆ2
34,316,0,184,ŌłÆ9,929EŌłÆ2
34,332,0,184,ŌłÆ9,977EŌłÆ2
34,349,0,185,ŌłÆ9,104EŌłÆ2
34,366,0,185,ŌłÆ8,181EŌłÆ2
34,382,0,182,ŌłÆ8,019EŌłÆ2
34,399,0,181,ŌłÆ8,627EŌłÆ2
34,416,0,184,ŌłÆ9,717EŌłÆ2
34,433,0,184,-0,103
34,449,0,183,-0,103
34,466,0,185,ŌłÆ9,710EŌłÆ2
34,483,0,192,ŌłÆ9,458EŌłÆ2
34,499,0,185,ŌłÆ9,055EŌłÆ2
34,516,0,185,ŌłÆ9,190EŌłÆ2
34,533,0,185,ŌłÆ9,808EŌłÆ2
34,550,0,184,-0,104
34,566,0,183,-0,106
34,583,0,181,-0,107
34,600,0,180,-0,105
34,616,0,179,-0,101
34,633,0,180,ŌłÆ9,547EŌłÆ2
34,650,0,179,ŌłÆ9,609EŌłÆ2
34,667,0,178,-0,101
34,683,0,177,-0,109
34,700,0,174,-0,115
34,717,0,172,-0,114
34,733,0,172,-0,107
34,750,0,171,ŌłÆ9,446EŌłÆ2
34,767,0,172,ŌłÆ8,419EŌłÆ2
34,784,0,175,ŌłÆ7,597EŌłÆ2
34,800,0,173,ŌłÆ7,285EŌłÆ2
34,817,0,171,ŌłÆ7,482EŌłÆ2
34,834,0,170,ŌłÆ8,173EŌłÆ2
34,850,0,167,ŌłÆ8,893EŌłÆ2
34,867,0,163,ŌłÆ9,051EŌłÆ2
34,884,0,159,ŌłÆ9,111EŌłÆ2
34,901,0,154,ŌłÆ8,642EŌłÆ2
34,917,0,135,ŌłÆ7,408EŌłÆ2
34,934,0,129,ŌłÆ6,566EŌłÆ2
34,951,0,137,ŌłÆ6,311EŌłÆ2
34,967,0,142,ŌłÆ9,566EŌłÆ2
34,984,0,143,-0,107
35,001,0,141,-0,117
35,018,0,138,-0,118
35,034,0,136,-0,111
35,051,0,139,-0,102
35,068,0,143,ŌłÆ8,937EŌłÆ2
35,084,0,147,ŌłÆ7,973EŌłÆ2
35,101,0,148,ŌłÆ7,667EŌłÆ2
35,118,0,147,ŌłÆ8,734EŌłÆ2
35,135,0,153,-0,102
35,151,0,160,-0,117
35,168,0,162,-0,128
35,185,0,162,-0,126
35,201,0,165,-0,115
35,218,0,171,-0,101
35,235,0,179,ŌłÆ8,631EŌłÆ2
35,252,0,181,ŌłÆ7,534EŌłÆ2
35,268,0,183,ŌłÆ7,340EŌłÆ2
35,285,0,182,ŌłÆ7,608EŌłÆ2
35,302,0,182,ŌłÆ8,649EŌłÆ2
35,318,0,184,ŌłÆ9,228EŌłÆ2
35,335,0,183,ŌłÆ9,639EŌłÆ2
35,352,0,183,ŌłÆ9,760EŌłÆ2
35,369,0,183,ŌłÆ9,450EŌłÆ2
35,385,0,181,ŌłÆ9,376EŌłÆ2
35,402,0,180,ŌłÆ9,653EŌłÆ2
35,419,0,179,ŌłÆ9,853EŌłÆ2
35,435,0,177,ŌłÆ9,967EŌłÆ2
35,452,0,176,-0,103
35,469,0,175,-0,108
35,486,0,173,-0,109
35,502,0,174,-0,104
35,519,0,175,ŌłÆ9,602EŌłÆ2
35,536,0,176,ŌłÆ8,777EŌłÆ2
35,552,0,176,ŌłÆ8,006EŌłÆ2
35,569,0,175,ŌłÆ8,590EŌłÆ2
35,586,0,178,ŌłÆ9,713EŌłÆ2
35,603,0,179,-0,108
35,619,0,179,-0,112
35,636,0,179,-0,111
35,653,0,182,ŌłÆ9,618EŌłÆ2
35,669,0,185,ŌłÆ8,692EŌłÆ2
35,686,0,190,ŌłÆ8,272EŌłÆ2
35,703,0,185,ŌłÆ7,990EŌłÆ2
35,720,0,184,ŌłÆ8,068EŌłÆ2
35,736,0,183,ŌłÆ7,890EŌłÆ2
35,753,0,181,ŌłÆ7,795EŌłÆ2
35,770,0,181,ŌłÆ7,931EŌłÆ2
35,786,0,180,ŌłÆ7,826EŌłÆ2
35,803,0,180,ŌłÆ7,514EŌłÆ2
35,820,0,178,ŌłÆ7,284EŌłÆ2
35,837,0,177,ŌłÆ7,383EŌłÆ2
35,853,0,176,ŌłÆ8,151EŌłÆ2
35,870,0,179,ŌłÆ9,345EŌłÆ2
35,887,0,182,-0,103
35,904,0,188,-0,110
35,920,0,180,-0,109
35,937,0,179,ŌłÆ9,437EŌłÆ2
35,954,0,170,ŌłÆ8,011EŌłÆ2
35,970,0,186,ŌłÆ8,642EŌłÆ2
35,987,0,185,ŌłÆ8,916EŌłÆ2
36,004,0,186,ŌłÆ9,533EŌłÆ2
36,021,0,186,-0,103
36,037,0,184,-0,107
36,054,0,183,-0,107
36,071,0,181,-0,104
36,087,0,180,-0,101
36,104,0,178,ŌłÆ9,923EŌłÆ2
36,121,0,176,ŌłÆ9,922EŌłÆ2
36,138,0,171,-0,103
36,154,0,171,-0,110
36,171,0,171,-0,119
36,188,0,169,-0,123
36,204,0,167,-0,124
36,221,0,164,-0,123
36,238,0,164,-0,116
36,255,0,169,-0,105
36,271,0,174,ŌłÆ9,366EŌłÆ2
36,288,0,179,ŌłÆ8,198EŌłÆ2
36,305,0,184,ŌłÆ7,532EŌłÆ2
36,321,0,184,ŌłÆ7,598EŌłÆ2
36,338,0,172,ŌłÆ9,741EŌłÆ2
36,355,0,186,ŌłÆ9,634EŌłÆ2
36,372,0,189,ŌłÆ9,726EŌłÆ2
36,388,0,188,ŌłÆ8,904EŌłÆ2
36,405,0,188,ŌłÆ8,186EŌłÆ2
36,422,0,186,ŌłÆ7,676EŌłÆ2
36,438,0,185,ŌłÆ7,473EŌłÆ2
36,455,0,183,ŌłÆ7,509EŌłÆ2
36,472,0,182,ŌłÆ7,584EŌłÆ2
36,489,0,184,ŌłÆ8,186EŌłÆ2
36,505,0,185,ŌłÆ8,936EŌłÆ2
36,522,0,184,ŌłÆ9,420EŌłÆ2
36,539,0,184,ŌłÆ9,590EŌłÆ2
36,555,0,183,ŌłÆ9,564EŌłÆ2
36,572,0,181,ŌłÆ9,565EŌłÆ2
36,589,0,179,ŌłÆ9,388EŌłÆ2
36,606,0,177,ŌłÆ9,056EŌłÆ2
36,622,0,176,ŌłÆ8,816EŌłÆ2
36,639,0,175,ŌłÆ9,058EŌłÆ2
36,656,0,174,ŌłÆ9,573EŌłÆ2
36,672,0,161,-0,113
36,689,0,172,-0,115
36,706,0,173,-0,117
36,723,0,171,-0,117
36,739,0,170,-0,113
36,756,0,171,-0,106
36,773,0,171,ŌłÆ9,866EŌłÆ2
36,789,0,172,ŌłÆ9,186EŌłÆ2
36,806,0,171,ŌłÆ8,498EŌłÆ2
36,823,0,171,ŌłÆ7,967EŌłÆ2
36,840,0,171,ŌłÆ8,309EŌłÆ2
36,856,0,170,ŌłÆ9,444EŌłÆ2
36,873,0,173,-0,105
36,890,0,172,-0,112
36,906,0,169,-0,113
36,923,0,170,-0,100
36,940,0,171,ŌłÆ8,959EŌłÆ2
36,957,0,172,ŌłÆ7,843EŌłÆ2
36,973,0,173,ŌłÆ7,019EŌłÆ2
36,990,0,170,ŌłÆ6,660EŌłÆ2
37,007,0,170,ŌłÆ6,733EŌłÆ2
37,023,0,174,ŌłÆ8,373EŌłÆ2
37,040,0,180,ŌłÆ9,733EŌłÆ2
37,057,0,185,-0,106
37,074,0,184,-0,105
37,090,0,185,ŌłÆ9,776EŌłÆ2
37,107,0,187,ŌłÆ8,883EŌłÆ2
37,124,0,188,ŌłÆ8,330EŌłÆ2
37,140,0,188,ŌłÆ8,059EŌłÆ2
37,157,0,188,ŌłÆ7,961EŌłÆ2
37,174,0,188,ŌłÆ8,275EŌłÆ2
37,191,0,189,ŌłÆ8,821EŌłÆ2
37,207,0,190,ŌłÆ9,569EŌłÆ2
37,224,0,190,ŌłÆ9,815EŌłÆ2
37,241,0,195,ŌłÆ9,837EŌłÆ2
37,257,0,195,ŌłÆ9,377EŌłÆ2
37,274,0,192,ŌłÆ8,728EŌłÆ2
37,291,0,191,ŌłÆ8,730EŌłÆ2
37,308,0,191,ŌłÆ9,069EŌłÆ2
37,324,0,191,ŌłÆ9,424EŌłÆ2
37,341,0,190,ŌłÆ9,455EŌłÆ2
37,358,0,191,ŌłÆ9,166EŌłÆ2
37,374,0,192,ŌłÆ8,823EŌłÆ2
37,391,0,191,ŌłÆ8,972EŌłÆ2
37,408,0,191,ŌłÆ9,380EŌłÆ2
37,425,0,191,ŌłÆ9,686EŌłÆ2
37,441,0,190,ŌłÆ9,893EŌłÆ2
37,458,0,189,ŌłÆ9,872EŌłÆ2
37,475,0,187,ŌłÆ9,633EŌłÆ2
37,491,0,186,ŌłÆ9,221EŌłÆ2
37,508,0,186,ŌłÆ8,680EŌłÆ2
37,525,0,186,ŌłÆ8,449EŌłÆ2
37,542,0,186,ŌłÆ8,929EŌłÆ2
37,558,0,186,ŌłÆ9,339EŌłÆ2
37,575,0,184,ŌłÆ9,681EŌłÆ2
37,592,0,181,ŌłÆ9,962EŌłÆ2
37,608,0,179,-0,101
37,625,0,176,-0,102
37,642,0,173,-0,104
37,659,0,171,-0,105
37,675,0,170,-0,104
37,692,0,170,ŌłÆ9,880EŌłÆ2
37,709,0,173,ŌłÆ8,302EŌłÆ2
37,725,0,171,ŌłÆ7,555EŌłÆ2
37,742,0,172,ŌłÆ8,037EŌłÆ2
37,759,0,177,ŌłÆ9,121EŌłÆ2
37,776,0,180,-0,102
37,792,0,180,-0,108
37,809,0,179,-0,107
37,826,0,179,ŌłÆ9,792EŌłÆ2
37,842,0,181,ŌłÆ9,062EŌłÆ2
37,859,0,182,ŌłÆ8,843EŌłÆ2
37,876,0,182,ŌłÆ8,773EŌłÆ2
37,893,0,183,ŌłÆ9,253EŌłÆ2
37,909,0,184,ŌłÆ9,938EŌłÆ2
37,926,0,184,-0,108
37,943,0,184,-0,112
37,959,0,182,-0,111
37,976,0,183,-0,105
37,993,0,188,ŌłÆ9,923EŌłÆ2
38,010,0,190,ŌłÆ9,022EŌłÆ2
38,026,0,188,ŌłÆ8,662EŌłÆ2
38,043,0,185,ŌłÆ9,153EŌłÆ2
38,060,0,185,ŌłÆ9,424EŌłÆ2
38,076,0,183,ŌłÆ9,325EŌłÆ2
38,093,0,182,ŌłÆ9,017EŌłÆ2
38,110,0,170,ŌłÆ9,178EŌłÆ2
38,127,0,178,ŌłÆ9,642EŌłÆ2
38,143,0,182,-0,101
38,160,0,182,-0,106
38,177,0,181,-0,104
38,193,0,182,-0,100
38,210,0,183,ŌłÆ9,246EŌłÆ2
38,227,0,185,ŌłÆ8,593EŌłÆ2
38,244,0,183,ŌłÆ8,405EŌłÆ2
38,260,0,182,ŌłÆ8,886EŌłÆ2
38,277,0,183,ŌłÆ9,930EŌłÆ2
38,294,0,183,-0,104
38,310,0,182,-0,104
38,327,0,182,ŌłÆ9,665EŌłÆ2
38,344,0,187,ŌłÆ8,767EŌłÆ2
38,361,0,183,ŌłÆ8,550EŌłÆ2
38,377,0,183,ŌłÆ8,617EŌłÆ2
38,394,0,184,ŌłÆ9,163EŌłÆ2
38,411,0,185,ŌłÆ9,920EŌłÆ2
38,427,0,185,-0,106
38,444,0,183,-0,108
38,461,0,182,-0,105
38,478,0,183,ŌłÆ9,983EŌłÆ2
38,494,0,183,ŌłÆ9,578EŌłÆ2
38,511,0,183,ŌłÆ9,204EŌłÆ2
38,528,0,182,ŌłÆ8,930EŌłÆ2
38,544,0,180,ŌłÆ8,928EŌłÆ2
38,561,0,179,ŌłÆ9,381EŌłÆ2
38,578,0,178,ŌłÆ9,722EŌłÆ2
38,595,0,178,ŌłÆ9,624EŌłÆ2
38,611,0,178,ŌłÆ9,067EŌłÆ2
38,628,0,179,ŌłÆ7,977EŌłÆ2
38,645,0,176,ŌłÆ7,571EŌłÆ2
38,661,0,176,ŌłÆ8,151EŌłÆ2
38,678,0,177,ŌłÆ9,070EŌłÆ2
38,695,0,177,ŌłÆ9,529EŌłÆ2
38,712,0,177,ŌłÆ9,433EŌłÆ2
38,728,0,173,ŌłÆ8,593EŌłÆ2
38,745,0,175,ŌłÆ8,274EŌłÆ2
38,762,0,175,ŌłÆ9,074EŌłÆ2
38,778,0,178,-0,102
38,795,0,179,-0,113
38,812,0,177,-0,113
38,829,0,177,-0,111
38,845,0,185,ŌłÆ9,540EŌłÆ2
38,862,0,188,ŌłÆ8,542EŌłÆ2
38,879,0,191,ŌłÆ8,025EŌłÆ2
38,895,0,189,ŌłÆ8,079EŌłÆ2
38,912,0,191,ŌłÆ8,803EŌłÆ2
38,929,0,192,ŌłÆ9,384EŌłÆ2
38,946,0,192,ŌłÆ9,624EŌłÆ2
38,962,0,192,ŌłÆ9,659EŌłÆ2
38,979,0,193,ŌłÆ9,518EŌłÆ2
38,996,0,191,ŌłÆ9,337EŌłÆ2
39,012,0,182,ŌłÆ8,849EŌłÆ2
39,029,0,188,ŌłÆ8,739EŌłÆ2
39,046,0,191,ŌłÆ9,070EŌłÆ2
39,063,0,191,ŌłÆ9,409EŌłÆ2
39,079,0,191,ŌłÆ9,449EŌłÆ2
39,096,0,191,ŌłÆ9,142EŌłÆ2
39,113,0,191,ŌłÆ8,634EŌłÆ2
39,129,0,190,ŌłÆ8,302EŌłÆ2
39,146,0,190,ŌłÆ8,261EŌłÆ2
39,163,0,191,ŌłÆ8,706EŌłÆ2
39,180,0,191,ŌłÆ8,701EŌłÆ2
39,196,0,191,ŌłÆ8,568EŌłÆ2
39,213,0,190,ŌłÆ8,611EŌłÆ2
39,230,0,192,ŌłÆ8,729EŌłÆ2
39,246,0,191,ŌłÆ9,093EŌłÆ2
39,263,0,192,ŌłÆ9,164EŌłÆ2
39,280,0,194,ŌłÆ9,234EŌłÆ2
39,297,0,194,ŌłÆ9,295EŌłÆ2
39,313,0,194,ŌłÆ9,354EŌłÆ2
39,330,0,194,ŌłÆ9,354EŌłÆ2
39,347,0,193,ŌłÆ9,332EŌłÆ2
39,363,0,192,ŌłÆ9,412EŌłÆ2
39,380,0,191,ŌłÆ9,504EŌłÆ2
39,397,0,191,ŌłÆ9,142EŌłÆ2
39,414,0,190,ŌłÆ8,925EŌłÆ2
39,430,0,190,ŌłÆ9,096EŌłÆ2
39,447,0,189,ŌłÆ9,331EŌłÆ2
39,464,0,189,ŌłÆ9,345EŌłÆ2
39,480,0,189,ŌłÆ9,073EŌłÆ2
39,497,0,189,ŌłÆ8,734EŌłÆ2
39,514,0,189,ŌłÆ8,424EŌłÆ2
39,531,0,188,ŌłÆ8,248EŌłÆ2
39,547,0,186,ŌłÆ8,057EŌłÆ2
39,564,0,185,ŌłÆ8,065EŌłÆ2
39,581,0,183,ŌłÆ8,502EŌłÆ2
39,597,0,183,ŌłÆ8,914EŌłÆ2
39,614,0,184,ŌłÆ9,106EŌłÆ2
39,631,0,182,ŌłÆ8,891EŌłÆ2
39,648,0,180,ŌłÆ9,234EŌłÆ2
39,664,0,179,ŌłÆ9,991EŌłÆ2
39,681,0,180,-0,102
39,698,0,180,ŌłÆ9,475EŌłÆ2
39,714,0,187,ŌłÆ8,267EŌłÆ2
39,731,0,183,ŌłÆ7,316EŌłÆ2
39,748,0,183,ŌłÆ7,510EŌłÆ2
39,765,0,185,ŌłÆ8,570EŌłÆ2
39,781,,
39,798,0,186,ŌłÆ9,004EŌłÆ2
39,815,0,186,ŌłÆ8,037EŌłÆ2
39,831,0,191,ŌłÆ7,616EŌłÆ2
39,848,0,185,ŌłÆ7,627EŌłÆ2
39,865,0,184,ŌłÆ8,039EŌłÆ2
39,882,0,183,ŌłÆ8,515EŌłÆ2
39,898,0,181,ŌłÆ8,315EŌłÆ2
39,915,0,179,ŌłÆ7,978EŌłÆ2
39,932,0,177,ŌłÆ7,851EŌłÆ2
39,948,0,175,ŌłÆ7,862EŌłÆ2
39,965,0,173,ŌłÆ7,865EŌłÆ2
39,982,0,171,ŌłÆ8,209EŌłÆ2
39,999,0,170,ŌłÆ8,894EŌłÆ2
40,015,0,170,ŌłÆ9,651EŌłÆ2
40,032,0,168,-0,104
40,049,0,167,-0,107
40,065,0,164,-0,106
40,082,0,164,-0,103
40,099,0,168,ŌłÆ8,648EŌłÆ2
40,116,0,170,ŌłÆ7,584EŌłÆ2
40,132,0,166,ŌłÆ7,491EŌłÆ2
40,149,0,166,ŌłÆ9,234EŌłÆ2
40,166,0,170,-0,102
