,mass A,,
t,x,y,
0,000,0,183,ŌłÆ8,051EŌłÆ2
0,017,0,186,ŌłÆ8,832EŌłÆ2
0,033,0,188,ŌłÆ9,512EŌłÆ2
0,050,0,189,ŌłÆ9,992EŌłÆ2
0,067,0,187,-0,105
0,083,0,187,-0,105
0,100,0,189,-0,100
0,117,0,190,ŌłÆ9,653EŌłÆ2
0,134,0,190,ŌłÆ9,375EŌłÆ2
0,150,0,190,ŌłÆ9,269EŌłÆ2
0,167,0,190,ŌłÆ9,538EŌłÆ2
0,184,0,189,ŌłÆ9,942EŌłÆ2
0,200,0,189,-0,104
0,217,0,189,-0,106
0,234,0,189,-0,107
0,250,0,189,-0,108
0,267,0,190,-0,106
0,284,0,191,-0,102
0,300,0,192,ŌłÆ9,754EŌłÆ2
0,317,0,194,ŌłÆ9,373EŌłÆ2
0,334,0,195,ŌłÆ9,028EŌłÆ2
0,351,0,194,ŌłÆ8,961EŌłÆ2
0,367,0,194,ŌłÆ9,105EŌłÆ2
0,384,0,194,ŌłÆ9,265EŌłÆ2
0,401,0,194,ŌłÆ9,345EŌłÆ2
0,417,0,194,ŌłÆ9,378EŌłÆ2
0,434,0,194,ŌłÆ9,339EŌłÆ2
0,451,0,194,ŌłÆ9,146EŌłÆ2
0,467,0,193,ŌłÆ8,916EŌłÆ2
0,484,0,193,ŌłÆ8,798EŌłÆ2
0,501,0,192,ŌłÆ8,673EŌłÆ2
0,518,0,191,ŌłÆ8,638EŌłÆ2
0,534,0,190,ŌłÆ8,669EŌłÆ2
0,551,0,189,ŌłÆ8,790EŌłÆ2
0,568,0,189,ŌłÆ8,957EŌłÆ2
0,584,0,188,ŌłÆ9,143EŌłÆ2
0,601,0,188,ŌłÆ9,118EŌłÆ2
0,618,0,188,ŌłÆ9,099EŌłÆ2
0,634,0,188,ŌłÆ9,099EŌłÆ2
0,651,0,188,ŌłÆ9,196EŌłÆ2
0,668,0,187,ŌłÆ9,269EŌłÆ2
0,684,0,187,ŌłÆ9,282EŌłÆ2
0,701,0,187,ŌłÆ9,293EŌłÆ2
0,718,0,187,ŌłÆ9,316EŌłÆ2
0,735,0,187,ŌłÆ9,330EŌłÆ2
0,751,0,187,ŌłÆ9,350EŌłÆ2
0,768,0,187,ŌłÆ9,366EŌłÆ2
0,785,0,187,ŌłÆ9,490EŌłÆ2
0,801,0,187,ŌłÆ9,534EŌłÆ2
0,818,0,187,ŌłÆ9,607EŌłÆ2
0,835,0,188,ŌłÆ9,704EŌłÆ2
0,851,0,188,ŌłÆ9,811EŌłÆ2
0,868,0,188,ŌłÆ9,800EŌłÆ2
0,885,0,188,ŌłÆ9,662EŌłÆ2
0,901,0,188,ŌłÆ9,604EŌłÆ2
0,918,0,189,ŌłÆ9,874EŌłÆ2
0,935,0,189,-0,103
0,952,0,189,-0,107
0,968,0,188,-0,107
0,985,0,187,-0,107
1,002,0,187,-0,105
1,018,0,188,-0,102
1,035,0,189,ŌłÆ9,726EŌłÆ2
1,052,0,191,ŌłÆ9,102EŌłÆ2
1,068,0,192,ŌłÆ8,630EŌłÆ2
1,085,0,191,ŌłÆ8,270EŌłÆ2
1,102,0,191,ŌłÆ8,306EŌłÆ2
1,119,0,191,ŌłÆ8,560EŌłÆ2
1,135,0,192,ŌłÆ8,828EŌłÆ2
1,152,0,192,ŌłÆ9,046EŌłÆ2
1,169,0,193,ŌłÆ9,142EŌłÆ2
1,185,0,193,ŌłÆ9,182EŌłÆ2
1,202,0,194,ŌłÆ9,192EŌłÆ2
1,219,0,194,ŌłÆ9,019EŌłÆ2
1,235,0,194,ŌłÆ9,008EŌłÆ2
1,252,0,193,ŌłÆ8,827EŌłÆ2
1,269,0,192,ŌłÆ8,630EŌłÆ2
1,285,0,191,ŌłÆ8,426EŌłÆ2
1,302,0,191,ŌłÆ8,287EŌłÆ2
1,319,0,190,ŌłÆ8,248EŌłÆ2
1,336,0,189,ŌłÆ8,246EŌłÆ2
1,352,0,188,ŌłÆ8,264EŌłÆ2
1,369,0,188,ŌłÆ8,382EŌłÆ2
1,386,0,187,ŌłÆ8,541EŌłÆ2
1,402,0,185,ŌłÆ8,688EŌłÆ2
1,419,0,185,ŌłÆ8,981EŌłÆ2
1,436,0,183,ŌłÆ9,328EŌłÆ2
1,452,0,182,ŌłÆ9,609EŌłÆ2
1,469,0,181,ŌłÆ9,739EŌłÆ2
1,486,0,180,ŌłÆ9,683EŌłÆ2
1,502,0,179,ŌłÆ9,406EŌłÆ2
1,519,0,178,ŌłÆ9,125EŌłÆ2
1,536,0,178,ŌłÆ8,919EŌłÆ2
1,553,0,177,ŌłÆ8,713EŌłÆ2
1,569,0,177,ŌłÆ8,582EŌłÆ2
1,586,0,176,ŌłÆ8,523EŌłÆ2
1,603,0,176,ŌłÆ8,601EŌłÆ2
1,619,0,176,ŌłÆ8,686EŌłÆ2
1,636,0,176,ŌłÆ8,862EŌłÆ2
1,653,0,176,ŌłÆ9,202EŌłÆ2
1,669,0,175,ŌłÆ9,787EŌłÆ2
1,686,0,177,-0,103
1,703,0,177,-0,106
1,720,0,177,-0,108
1,736,0,177,-0,107
1,753,0,178,-0,102
1,770,0,181,ŌłÆ9,572EŌłÆ2
1,786,0,184,ŌłÆ8,776EŌłÆ2
1,803,0,185,ŌłÆ7,994EŌłÆ2
1,820,0,182,ŌłÆ7,175EŌłÆ2
1,836,0,186,ŌłÆ7,886EŌłÆ2
1,853,0,186,ŌłÆ8,416EŌłÆ2
1,870,0,187,ŌłÆ9,172EŌłÆ2
1,886,0,187,ŌłÆ9,783EŌłÆ2
1,903,0,186,-0,103
1,920,0,186,-0,105
1,937,0,185,-0,105
1,953,0,185,-0,100
1,970,0,184,ŌłÆ9,500EŌłÆ2
1,987,0,185,ŌłÆ9,020EŌłÆ2
2,003,0,186,ŌłÆ8,879EŌłÆ2
2,020,0,185,ŌłÆ9,000EŌłÆ2
2,037,0,184,ŌłÆ9,342EŌłÆ2
2,053,0,185,ŌłÆ9,615EŌłÆ2
2,070,0,185,ŌłÆ9,742EŌłÆ2
2,087,0,186,ŌłÆ9,649EŌłÆ2
2,103,0,186,ŌłÆ9,478EŌłÆ2
2,120,0,186,ŌłÆ9,273EŌłÆ2
2,137,0,186,ŌłÆ9,029EŌłÆ2
2,154,0,186,ŌłÆ8,930EŌłÆ2
2,170,0,186,ŌłÆ8,998EŌłÆ2
2,187,0,186,ŌłÆ9,199EŌłÆ2
2,204,0,186,ŌłÆ9,399EŌłÆ2
2,220,0,185,ŌłÆ9,427EŌłÆ2
2,237,0,186,ŌłÆ9,255EŌłÆ2
2,254,0,186,ŌłÆ9,052EŌłÆ2
2,270,0,186,ŌłÆ9,114EŌłÆ2
2,287,0,187,ŌłÆ9,590EŌłÆ2
2,304,0,186,-0,104
2,321,0,186,-0,108
2,337,0,186,-0,110
2,354,0,186,-0,110
2,371,0,186,-0,108
2,387,0,187,ŌłÆ9,834EŌłÆ2
2,404,0,189,ŌłÆ9,146EŌłÆ2
2,421,0,190,ŌłÆ8,495EŌłÆ2
2,437,0,190,ŌłÆ8,358EŌłÆ2
2,454,0,190,ŌłÆ8,255EŌłÆ2
2,471,0,190,ŌłÆ8,319EŌłÆ2
2,487,0,190,ŌłÆ8,595EŌłÆ2
2,504,0,191,ŌłÆ9,011EŌłÆ2
2,521,0,191,ŌłÆ9,487EŌłÆ2
2,538,0,191,ŌłÆ9,725EŌłÆ2
2,554,0,191,ŌłÆ9,829EŌłÆ2
2,571,0,191,ŌłÆ9,881EŌłÆ2
2,588,0,190,ŌłÆ9,880EŌłÆ2
2,604,0,190,ŌłÆ9,915EŌłÆ2
2,621,0,190,ŌłÆ9,837EŌłÆ2
2,638,0,190,ŌłÆ9,829EŌłÆ2
2,654,0,190,ŌłÆ9,677EŌłÆ2
2,671,0,189,ŌłÆ9,549EŌłÆ2
2,688,0,189,ŌłÆ9,356EŌłÆ2
2,704,0,189,ŌłÆ9,183EŌłÆ2
2,721,0,189,ŌłÆ8,908EŌłÆ2
2,738,0,188,ŌłÆ8,771EŌłÆ2
2,755,0,188,ŌłÆ8,779EŌłÆ2
2,771,0,188,ŌłÆ8,980EŌłÆ2
2,788,0,188,ŌłÆ9,251EŌłÆ2
2,805,0,187,ŌłÆ9,492EŌłÆ2
2,821,0,187,ŌłÆ9,759EŌłÆ2
2,838,0,187,ŌłÆ9,838EŌłÆ2
2,855,0,186,ŌłÆ9,648EŌłÆ2
2,871,0,187,ŌłÆ9,133EŌłÆ2
2,888,0,187,ŌłÆ8,720EŌłÆ2
2,905,0,187,ŌłÆ8,448EŌłÆ2
2,921,0,187,ŌłÆ8,208EŌłÆ2
2,938,0,188,ŌłÆ8,105EŌłÆ2
2,955,0,187,ŌłÆ8,158EŌłÆ2
2,972,0,188,ŌłÆ8,214EŌłÆ2
2,988,0,188,ŌłÆ8,378EŌłÆ2
3,005,0,188,ŌłÆ8,506EŌłÆ2
3,022,0,188,ŌłÆ8,687EŌłÆ2
3,038,0,188,ŌłÆ8,926EŌłÆ2
3,055,0,188,ŌłÆ9,203EŌłÆ2
3,072,0,188,ŌłÆ9,606EŌłÆ2
3,088,0,188,ŌłÆ9,850EŌłÆ2
3,105,0,188,ŌłÆ9,901EŌłÆ2
3,122,0,188,ŌłÆ9,868EŌłÆ2
3,139,0,188,ŌłÆ9,713EŌłÆ2
3,155,0,189,ŌłÆ9,238EŌłÆ2
3,172,0,190,ŌłÆ8,720EŌłÆ2
3,189,0,190,ŌłÆ8,437EŌłÆ2
3,205,0,191,ŌłÆ8,265EŌłÆ2
3,222,0,190,ŌłÆ8,271EŌłÆ2
3,239,0,191,ŌłÆ8,540EŌłÆ2
3,255,0,190,ŌłÆ8,717EŌłÆ2
3,272,0,190,ŌłÆ8,712EŌłÆ2
3,289,0,190,ŌłÆ8,729EŌłÆ2
3,305,0,191,ŌłÆ8,817EŌłÆ2
3,322,0,190,ŌłÆ8,986EŌłÆ2
3,339,0,190,ŌłÆ9,100EŌłÆ2
3,356,0,190,ŌłÆ9,116EŌłÆ2
3,372,0,190,ŌłÆ9,078EŌłÆ2
3,389,0,190,ŌłÆ9,033EŌłÆ2
3,406,0,190,ŌłÆ8,895EŌłÆ2
3,422,0,189,ŌłÆ8,683EŌłÆ2
3,439,0,190,ŌłÆ8,392EŌłÆ2
3,456,0,190,ŌłÆ8,174EŌłÆ2
3,472,0,191,ŌłÆ8,065EŌłÆ2
3,489,0,192,ŌłÆ8,066EŌłÆ2
3,506,0,191,ŌłÆ8,407EŌłÆ2
3,522,0,191,ŌłÆ8,744EŌłÆ2
3,539,0,192,ŌłÆ8,903EŌłÆ2
3,556,0,191,ŌłÆ8,904EŌłÆ2
3,573,0,191,ŌłÆ8,767EŌłÆ2
3,589,0,191,ŌłÆ8,578EŌłÆ2
3,606,0,191,ŌłÆ8,412EŌłÆ2
3,623,0,191,ŌłÆ8,305EŌłÆ2
3,639,0,191,ŌłÆ8,374EŌłÆ2
3,656,0,191,ŌłÆ8,399EŌłÆ2
3,673,0,191,ŌłÆ8,518EŌłÆ2
3,689,0,190,ŌłÆ8,751EŌłÆ2
3,706,0,190,ŌłÆ8,920EŌłÆ2
3,723,0,189,ŌłÆ9,090EŌłÆ2
3,740,0,189,ŌłÆ9,170EŌłÆ2
3,756,0,188,ŌłÆ9,234EŌłÆ2
3,773,0,188,ŌłÆ9,340EŌłÆ2
3,790,0,187,ŌłÆ9,509EŌłÆ2
3,806,0,187,ŌłÆ9,586EŌłÆ2
3,823,0,187,ŌłÆ9,634EŌłÆ2
3,840,0,187,ŌłÆ9,660EŌłÆ2
3,856,0,188,ŌłÆ9,676EŌłÆ2
3,873,0,188,ŌłÆ9,659EŌłÆ2
3,890,0,188,ŌłÆ9,630EŌłÆ2
3,906,0,189,ŌłÆ9,557EŌłÆ2
3,923,0,189,ŌłÆ9,406EŌłÆ2
3,940,0,190,ŌłÆ9,130EŌłÆ2
3,957,0,191,ŌłÆ8,907EŌłÆ2
3,973,0,191,ŌłÆ8,855EŌłÆ2
3,990,0,191,ŌłÆ9,017EŌłÆ2
4,007,0,191,ŌłÆ9,234EŌłÆ2
4,023,0,191,ŌłÆ9,416EŌłÆ2
4,040,0,191,ŌłÆ9,589EŌłÆ2
4,057,0,191,ŌłÆ9,697EŌłÆ2
4,073,0,191,ŌłÆ9,735EŌłÆ2
4,090,0,191,ŌłÆ9,667EŌłÆ2
4,107,0,190,ŌłÆ9,534EŌłÆ2
4,123,0,191,ŌłÆ9,394EŌłÆ2
4,140,0,191,ŌłÆ9,287EŌłÆ2
4,157,0,191,ŌłÆ9,256EŌłÆ2
4,174,0,191,ŌłÆ9,177EŌłÆ2
4,190,0,191,ŌłÆ9,297EŌłÆ2
4,207,0,192,ŌłÆ9,352EŌłÆ2
4,224,0,192,ŌłÆ9,279EŌłÆ2
4,240,0,191,ŌłÆ9,245EŌłÆ2
4,257,0,191,ŌłÆ9,192EŌłÆ2
4,274,0,191,ŌłÆ9,143EŌłÆ2
4,290,0,190,ŌłÆ9,008EŌłÆ2
4,307,0,191,ŌłÆ8,903EŌłÆ2
4,324,0,191,ŌłÆ8,818EŌłÆ2
4,341,0,191,ŌłÆ8,869EŌłÆ2
4,357,0,191,ŌłÆ9,010EŌłÆ2
4,374,0,191,ŌłÆ9,250EŌłÆ2
4,391,0,191,ŌłÆ9,555EŌłÆ2
4,407,0,191,ŌłÆ9,764EŌłÆ2
4,424,0,191,-0,100
4,441,0,191,-0,103
4,457,0,191,-0,104
4,474,0,191,-0,103
4,491,0,191,-0,102
4,507,0,191,-0,101
4,524,0,191,-0,102
4,541,0,191,-0,103
4,558,0,191,-0,103
4,574,0,190,-0,101
4,591,0,190,ŌłÆ9,988EŌłÆ2
4,608,0,190,ŌłÆ9,827EŌłÆ2
4,624,0,190,ŌłÆ9,693EŌłÆ2
4,641,0,190,ŌłÆ9,516EŌłÆ2
4,658,0,191,ŌłÆ9,367EŌłÆ2
4,674,0,191,ŌłÆ9,438EŌłÆ2
4,691,0,192,ŌłÆ9,643EŌłÆ2
4,708,0,191,-0,100
4,724,0,191,-0,102
4,741,0,192,-0,102
4,758,0,191,ŌłÆ9,914EŌłÆ2
4,775,0,191,ŌłÆ9,710EŌłÆ2
4,791,0,191,ŌłÆ9,486EŌłÆ2
4,808,0,191,ŌłÆ9,400EŌłÆ2
4,825,0,191,ŌłÆ9,537EŌłÆ2
4,841,0,192,ŌłÆ9,604EŌłÆ2
4,858,0,191,ŌłÆ9,759EŌłÆ2
4,875,0,191,ŌłÆ9,811EŌłÆ2
4,891,0,191,ŌłÆ9,884EŌłÆ2
4,908,0,191,ŌłÆ9,947EŌłÆ2
4,925,0,191,-0,100
4,942,0,191,ŌłÆ9,949EŌłÆ2
4,958,0,191,ŌłÆ9,944EŌłÆ2
4,975,0,191,ŌłÆ9,942EŌłÆ2
4,992,0,190,ŌłÆ9,985EŌłÆ2
5,008,0,190,ŌłÆ9,954EŌłÆ2
5,025,0,189,ŌłÆ9,916EŌłÆ2
5,042,0,190,ŌłÆ9,745EŌłÆ2
5,058,0,190,ŌłÆ9,401EŌłÆ2
5,075,0,190,ŌłÆ9,184EŌłÆ2
5,092,0,188,ŌłÆ8,926EŌłÆ2
5,108,0,187,ŌłÆ8,551EŌłÆ2
5,125,0,188,ŌłÆ8,379EŌłÆ2
5,142,0,186,ŌłÆ8,587EŌłÆ2
5,159,0,187,ŌłÆ8,843EŌłÆ2
5,175,0,188,ŌłÆ9,388EŌłÆ2
5,192,0,189,ŌłÆ9,872EŌłÆ2
5,209,0,189,-0,101
5,225,0,189,-0,101
5,242,0,189,-0,101
5,259,0,189,ŌłÆ9,883EŌłÆ2
5,275,0,189,ŌłÆ9,646EŌłÆ2
5,292,0,189,ŌłÆ9,439EŌłÆ2
5,309,0,189,ŌłÆ9,322EŌłÆ2
5,325,0,188,ŌłÆ9,268EŌłÆ2
5,342,0,188,ŌłÆ9,224EŌłÆ2
5,359,0,188,ŌłÆ9,279EŌłÆ2
5,376,0,188,ŌłÆ9,417EŌłÆ2
5,392,0,188,ŌłÆ9,592EŌłÆ2
5,409,0,188,ŌłÆ9,725EŌłÆ2
5,426,0,188,ŌłÆ9,876EŌłÆ2
5,442,0,188,-0,100
5,459,0,188,-0,101
5,476,0,188,-0,101
5,492,0,187,-0,101
5,509,0,187,-0,101
5,526,0,187,-0,102
5,542,0,187,-0,101
5,559,0,187,ŌłÆ9,946EŌłÆ2
5,576,0,188,ŌłÆ9,714EŌłÆ2
5,593,0,188,ŌłÆ9,496EŌłÆ2
5,609,0,188,ŌłÆ9,235EŌłÆ2
5,626,0,186,ŌłÆ8,886EŌłÆ2
5,643,0,188,ŌłÆ8,655EŌłÆ2
5,659,0,188,ŌłÆ8,246EŌłÆ2
5,676,0,188,ŌłÆ7,852EŌłÆ2
5,693,0,188,ŌłÆ7,798EŌłÆ2
5,709,0,187,ŌłÆ7,865EŌłÆ2
5,726,0,188,ŌłÆ8,001EŌłÆ2
5,743,0,189,ŌłÆ8,197EŌłÆ2
5,760,0,189,ŌłÆ8,366EŌłÆ2
5,776,0,190,ŌłÆ8,582EŌłÆ2
5,793,0,191,ŌłÆ8,604EŌłÆ2
5,810,0,191,ŌłÆ8,626EŌłÆ2
5,826,0,191,ŌłÆ8,675EŌłÆ2
5,843,0,191,ŌłÆ8,757EŌłÆ2
5,860,0,191,ŌłÆ8,893EŌłÆ2
5,876,0,191,ŌłÆ9,165EŌłÆ2
5,893,0,191,ŌłÆ9,587EŌłÆ2
5,910,0,191,ŌłÆ9,927EŌłÆ2
5,926,0,191,-0,103
5,943,0,191,-0,105
5,960,0,190,-0,105
5,977,0,190,-0,105
5,993,0,190,-0,106
6,010,0,190,-0,107
6,027,0,189,-0,106
6,043,0,189,-0,104
6,060,0,189,-0,101
6,077,0,190,ŌłÆ9,583EŌłÆ2
6,093,0,190,ŌłÆ9,289EŌłÆ2
6,110,0,191,ŌłÆ9,100EŌłÆ2
6,127,0,190,ŌłÆ8,867EŌłÆ2
6,143,0,191,ŌłÆ8,695EŌłÆ2
6,160,0,191,ŌłÆ8,651EŌłÆ2
6,177,0,192,ŌłÆ8,663EŌłÆ2
6,194,0,191,ŌłÆ8,947EŌłÆ2
6,210,0,191,ŌłÆ9,301EŌłÆ2
6,227,0,190,ŌłÆ9,628EŌłÆ2
6,244,0,190,ŌłÆ9,832EŌłÆ2
6,260,0,190,-0,100
6,277,0,189,-0,100
6,294,0,189,-0,100
6,310,0,189,ŌłÆ9,916EŌłÆ2
6,327,0,188,ŌłÆ9,835EŌłÆ2
6,344,0,188,ŌłÆ9,773EŌłÆ2
6,361,0,188,ŌłÆ9,708EŌłÆ2
6,377,0,187,ŌłÆ9,495EŌłÆ2
6,394,0,187,ŌłÆ9,090EŌłÆ2
6,411,0,187,ŌłÆ8,548EŌłÆ2
6,427,0,187,ŌłÆ8,247EŌłÆ2
6,444,0,186,ŌłÆ8,155EŌłÆ2
6,461,0,185,ŌłÆ8,363EŌłÆ2
6,477,0,184,ŌłÆ8,777EŌłÆ2
6,494,0,182,ŌłÆ9,122EŌłÆ2
6,511,0,182,ŌłÆ9,248EŌłÆ2
6,527,0,180,ŌłÆ9,157EŌłÆ2
6,544,0,178,ŌłÆ9,038EŌłÆ2
6,561,0,175,ŌłÆ8,774EŌłÆ2
6,578,0,174,ŌłÆ8,787EŌłÆ2
6,594,0,173,ŌłÆ8,829EŌłÆ2
6,611,0,172,ŌłÆ9,036EŌłÆ2
6,628,0,171,ŌłÆ9,214EŌłÆ2
6,644,0,170,ŌłÆ9,621EŌłÆ2
6,661,0,169,-0,100
6,678,0,168,-0,104
6,694,0,166,-0,105
6,711,0,165,-0,103
6,728,0,166,-0,100
6,744,0,168,ŌłÆ9,526EŌłÆ2
6,761,0,169,ŌłÆ9,040EŌłÆ2
6,778,0,170,ŌłÆ8,706EŌłÆ2
6,795,0,168,ŌłÆ8,533EŌłÆ2
6,811,0,168,ŌłÆ8,909EŌłÆ2
6,828,0,170,ŌłÆ9,831EŌłÆ2
6,845,0,172,-0,108
6,861,0,172,-0,113
6,878,0,172,-0,115
6,895,0,172,-0,113
6,911,0,175,-0,104
6,928,0,178,ŌłÆ9,422EŌłÆ2
6,945,0,182,ŌłÆ8,867EŌłÆ2
6,962,0,187,ŌłÆ7,883EŌłÆ2
6,978,0,189,ŌłÆ7,607EŌłÆ2
6,995,0,187,ŌłÆ7,439EŌłÆ2
7,012,0,187,ŌłÆ7,661EŌłÆ2
7,028,0,187,ŌłÆ8,275EŌłÆ2
7,045,0,188,ŌłÆ8,823EŌłÆ2
7,062,0,189,ŌłÆ9,405EŌłÆ2
7,078,0,190,ŌłÆ9,775EŌłÆ2
7,095,0,189,ŌłÆ9,866EŌłÆ2
7,112,0,190,ŌłÆ9,658EŌłÆ2
7,128,0,190,ŌłÆ9,281EŌłÆ2
7,145,0,191,ŌłÆ8,990EŌłÆ2
7,162,0,191,ŌłÆ8,848EŌłÆ2
7,179,0,190,ŌłÆ9,008EŌłÆ2
7,195,0,190,ŌłÆ9,226EŌłÆ2
7,212,0,190,ŌłÆ9,482EŌłÆ2
7,229,0,190,ŌłÆ9,625EŌłÆ2
7,245,0,189,ŌłÆ9,699EŌłÆ2
7,262,0,189,ŌłÆ9,633EŌłÆ2
7,279,0,189,ŌłÆ9,425EŌłÆ2
7,295,0,189,ŌłÆ9,214EŌłÆ2
7,312,0,190,ŌłÆ9,109EŌłÆ2
7,329,0,190,ŌłÆ9,005EŌłÆ2
7,345,0,189,ŌłÆ8,972EŌłÆ2
7,362,0,190,ŌłÆ8,957EŌłÆ2
7,379,0,189,ŌłÆ8,956EŌłÆ2
7,396,0,189,ŌłÆ8,941EŌłÆ2
7,412,0,189,ŌłÆ8,941EŌłÆ2
7,429,0,189,ŌłÆ8,855EŌłÆ2
7,446,0,190,ŌłÆ8,821EŌłÆ2
7,462,0,189,ŌłÆ8,856EŌłÆ2
7,479,0,189,ŌłÆ8,947EŌłÆ2
7,496,0,188,ŌłÆ9,116EŌłÆ2
7,512,0,188,ŌłÆ9,213EŌłÆ2
7,529,0,188,ŌłÆ9,105EŌłÆ2
7,546,0,188,ŌłÆ8,838EŌłÆ2
7,563,0,186,ŌłÆ8,491EŌłÆ2
7,579,0,175,ŌłÆ8,032EŌłÆ2
7,596,0,182,ŌłÆ7,881EŌłÆ2
7,613,0,180,ŌłÆ7,545EŌłÆ2
7,629,0,193,ŌłÆ8,201EŌłÆ2
7,646,0,194,ŌłÆ8,412EŌłÆ2
7,663,0,190,ŌłÆ8,349EŌłÆ2
7,679,0,195,ŌłÆ9,128EŌłÆ2
7,696,0,189,ŌłÆ9,717EŌłÆ2
7,713,0,190,ŌłÆ9,673EŌłÆ2
7,729,0,190,ŌłÆ9,605EŌłÆ2
7,746,0,190,ŌłÆ9,478EŌłÆ2
7,763,0,191,ŌłÆ9,252EŌłÆ2
7,780,0,192,ŌłÆ9,033EŌłÆ2
7,796,0,192,ŌłÆ8,916EŌłÆ2
7,813,0,192,ŌłÆ8,883EŌłÆ2
7,830,0,191,ŌłÆ9,014EŌłÆ2
7,846,0,190,ŌłÆ9,168EŌłÆ2
7,863,0,189,ŌłÆ9,428EŌłÆ2
7,880,0,188,ŌłÆ9,700EŌłÆ2
7,896,0,187,ŌłÆ9,900EŌłÆ2
7,913,0,186,ŌłÆ9,947EŌłÆ2
7,930,0,185,ŌłÆ9,943EŌłÆ2
7,946,0,185,ŌłÆ9,844EŌłÆ2
7,963,0,184,ŌłÆ9,856EŌłÆ2
7,980,0,183,ŌłÆ9,878EŌłÆ2
7,997,0,183,ŌłÆ9,748EŌłÆ2
8,013,0,185,ŌłÆ9,531EŌłÆ2
8,030,0,185,ŌłÆ9,170EŌłÆ2
8,047,0,185,ŌłÆ8,880EŌłÆ2
8,063,0,185,ŌłÆ8,893EŌłÆ2
8,080,0,185,ŌłÆ8,980EŌłÆ2
8,097,0,185,ŌłÆ9,138EŌłÆ2
8,113,0,185,ŌłÆ9,245EŌłÆ2
8,130,0,185,ŌłÆ9,229EŌłÆ2
8,147,0,184,ŌłÆ9,119EŌłÆ2
8,163,0,183,ŌłÆ8,954EŌłÆ2
8,180,0,186,ŌłÆ8,809EŌłÆ2
8,197,0,185,ŌłÆ8,487EŌłÆ2
8,214,0,185,ŌłÆ8,082EŌłÆ2
8,230,0,185,ŌłÆ7,921EŌłÆ2
8,247,0,186,ŌłÆ8,023EŌłÆ2
8,264,0,186,ŌłÆ8,536EŌłÆ2
8,280,0,187,ŌłÆ9,047EŌłÆ2
8,297,0,188,ŌłÆ9,455EŌłÆ2
8,314,0,189,ŌłÆ9,918EŌłÆ2
8,330,0,188,-0,101
8,347,0,187,-0,102
8,364,0,188,-0,101
8,381,0,189,ŌłÆ9,678EŌłÆ2
8,397,0,190,ŌłÆ9,368EŌłÆ2
8,414,0,192,ŌłÆ9,188EŌłÆ2
8,431,0,191,ŌłÆ9,057EŌłÆ2
8,447,0,191,ŌłÆ9,185EŌłÆ2
8,464,0,191,ŌłÆ9,467EŌłÆ2
8,481,0,191,ŌłÆ9,707EŌłÆ2
8,497,0,191,-0,100
8,514,0,191,-0,102
8,531,0,191,-0,103
8,547,0,191,-0,103
8,564,0,191,-0,103
8,581,0,191,-0,103
8,598,0,191,-0,101
8,614,0,191,ŌłÆ9,912EŌłÆ2
8,631,0,191,ŌłÆ9,637EŌłÆ2
8,648,0,192,ŌłÆ9,264EŌłÆ2
8,664,0,193,ŌłÆ9,057EŌłÆ2
8,681,0,193,ŌłÆ8,949EŌłÆ2
8,698,0,194,ŌłÆ9,023EŌłÆ2
8,714,0,194,ŌłÆ9,391EŌłÆ2
8,731,0,195,ŌłÆ9,568EŌłÆ2
8,748,0,195,ŌłÆ9,582EŌłÆ2
8,764,0,195,ŌłÆ9,222EŌłÆ2
8,781,0,195,ŌłÆ9,085EŌłÆ2
8,798,0,195,ŌłÆ9,000EŌłÆ2
8,815,0,195,ŌłÆ8,859EŌłÆ2
8,831,0,194,ŌłÆ8,898EŌłÆ2
8,848,0,195,ŌłÆ8,966EŌłÆ2
8,865,0,194,ŌłÆ8,896EŌłÆ2
8,881,0,194,ŌłÆ8,830EŌłÆ2
8,898,0,194,ŌłÆ8,851EŌłÆ2
8,915,0,194,ŌłÆ8,899EŌłÆ2
8,931,0,194,ŌłÆ8,693EŌłÆ2
8,948,0,194,ŌłÆ8,651EŌłÆ2
8,965,0,194,ŌłÆ8,593EŌłÆ2
8,982,0,194,ŌłÆ8,564EŌłÆ2
8,998,0,194,ŌłÆ8,608EŌłÆ2
9,015,0,194,ŌłÆ8,498EŌłÆ2
9,032,0,193,ŌłÆ8,421EŌłÆ2
9,048,0,193,ŌłÆ8,352EŌłÆ2
9,065,0,193,ŌłÆ8,397EŌłÆ2
9,082,0,193,ŌłÆ8,507EŌłÆ2
9,098,0,193,ŌłÆ8,661EŌłÆ2
9,115,0,194,ŌłÆ9,036EŌłÆ2
9,132,0,192,ŌłÆ9,347EŌłÆ2
9,148,0,193,ŌłÆ9,534EŌłÆ2
9,165,0,192,ŌłÆ9,600EŌłÆ2
9,182,0,192,ŌłÆ9,572EŌłÆ2
9,199,0,192,ŌłÆ9,330EŌłÆ2
9,215,0,192,ŌłÆ9,296EŌłÆ2
9,232,0,192,ŌłÆ9,251EŌłÆ2
9,249,0,192,ŌłÆ9,312EŌłÆ2
9,265,0,192,ŌłÆ9,279EŌłÆ2
9,282,0,192,ŌłÆ9,330EŌłÆ2
9,299,0,193,ŌłÆ9,482EŌłÆ2
9,315,0,193,ŌłÆ9,413EŌłÆ2
9,332,0,194,ŌłÆ9,475EŌłÆ2
9,349,0,194,ŌłÆ9,514EŌłÆ2
9,365,0,194,ŌłÆ9,586EŌłÆ2
9,382,0,194,ŌłÆ9,785EŌłÆ2
9,399,0,194,ŌłÆ9,995EŌłÆ2
9,416,0,194,-0,102
9,432,0,194,-0,103
9,449,0,194,-0,103
9,466,0,194,-0,101
9,482,0,194,ŌłÆ9,941EŌłÆ2
9,499,0,194,ŌłÆ9,776EŌłÆ2
9,516,0,194,ŌłÆ9,688EŌłÆ2
9,532,0,194,ŌłÆ9,642EŌłÆ2
9,549,0,193,ŌłÆ9,659EŌłÆ2
9,566,0,193,ŌłÆ9,859EŌłÆ2
9,583,0,193,ŌłÆ9,791EŌłÆ2
9,599,0,193,ŌłÆ9,602EŌłÆ2
9,616,0,194,ŌłÆ9,139EŌłÆ2
9,633,0,194,ŌłÆ8,710EŌłÆ2
9,649,0,195,ŌłÆ8,467EŌłÆ2
9,666,0,195,ŌłÆ8,452EŌłÆ2
9,683,0,195,ŌłÆ8,425EŌłÆ2
9,699,0,195,ŌłÆ8,384EŌłÆ2
9,716,0,195,ŌłÆ8,743EŌłÆ2
9,733,0,195,ŌłÆ8,913EŌłÆ2
9,749,0,195,ŌłÆ9,153EŌłÆ2
9,766,0,195,ŌłÆ9,273EŌłÆ2
9,783,0,194,ŌłÆ9,399EŌłÆ2
9,800,0,194,ŌłÆ9,463EŌłÆ2
9,816,0,194,ŌłÆ9,392EŌłÆ2
9,833,0,193,ŌłÆ9,345EŌłÆ2
9,850,0,193,ŌłÆ9,312EŌłÆ2
9,866,0,193,ŌłÆ9,279EŌłÆ2
9,883,0,193,ŌłÆ9,226EŌłÆ2
9,900,0,193,ŌłÆ9,206EŌłÆ2
9,916,0,193,ŌłÆ9,185EŌłÆ2
9,933,0,193,ŌłÆ9,105EŌłÆ2
9,950,0,193,ŌłÆ8,900EŌłÆ2
9,966,0,194,ŌłÆ8,642EŌłÆ2
9,983,0,193,ŌłÆ8,626EŌłÆ2
10,000,0,193,ŌłÆ8,639EŌłÆ2
10,017,0,192,ŌłÆ8,765EŌłÆ2
10,033,0,191,ŌłÆ8,869EŌłÆ2
10,050,0,192,ŌłÆ8,954EŌłÆ2
10,067,0,191,ŌłÆ8,925EŌłÆ2
10,083,0,191,ŌłÆ8,918EŌłÆ2
10,100,0,191,ŌłÆ9,161EŌłÆ2
10,117,0,191,ŌłÆ9,193EŌłÆ2
10,133,0,191,ŌłÆ9,213EŌłÆ2
10,150,0,191,ŌłÆ9,243EŌłÆ2
10,167,0,191,ŌłÆ9,327EŌłÆ2
10,183,0,190,ŌłÆ9,488EŌłÆ2
10,200,0,190,ŌłÆ9,758EŌłÆ2
10,217,0,190,-0,100
10,234,0,190,-0,102
10,250,0,190,-0,102
10,267,0,190,-0,102
10,284,0,190,-0,101
10,300,0,191,ŌłÆ9,811EŌłÆ2
10,317,0,191,ŌłÆ9,605EŌłÆ2
10,334,0,190,ŌłÆ9,350EŌłÆ2
10,350,0,191,ŌłÆ9,213EŌłÆ2
10,367,0,190,ŌłÆ9,182EŌłÆ2
10,384,0,190,ŌłÆ9,283EŌłÆ2
10,401,0,190,ŌłÆ9,486EŌłÆ2
10,417,0,190,ŌłÆ9,796EŌłÆ2
10,434,0,189,ŌłÆ9,968EŌłÆ2
10,451,0,189,-0,101
10,467,0,188,-0,101
10,484,0,187,ŌłÆ9,867EŌłÆ2
10,501,0,187,ŌłÆ9,527EŌłÆ2
10,517,0,187,ŌłÆ9,179EŌłÆ2
10,534,0,187,ŌłÆ8,916EŌłÆ2
10,551,0,186,ŌłÆ8,847EŌłÆ2
10,567,0,186,ŌłÆ8,905EŌłÆ2
10,584,0,185,ŌłÆ9,046EŌłÆ2
10,601,0,185,ŌłÆ9,265EŌłÆ2
10,618,0,184,ŌłÆ9,522EŌłÆ2
10,634,0,184,ŌłÆ9,741EŌłÆ2
10,651,0,183,ŌłÆ9,954EŌłÆ2
10,668,0,182,-0,100
10,684,0,182,ŌłÆ9,709EŌłÆ2
10,701,0,182,ŌłÆ9,467EŌłÆ2
10,718,0,182,ŌłÆ9,026EŌłÆ2
10,734,0,183,ŌłÆ8,490EŌłÆ2
10,751,0,184,ŌłÆ7,957EŌłÆ2
10,768,0,184,ŌłÆ7,616EŌłÆ2
10,784,0,184,ŌłÆ7,341EŌłÆ2
10,801,0,184,ŌłÆ7,272EŌłÆ2
10,818,0,184,ŌłÆ7,906EŌłÆ2
10,835,0,185,ŌłÆ8,367EŌłÆ2
10,851,0,186,ŌłÆ8,604EŌłÆ2
10,868,0,186,ŌłÆ8,707EŌłÆ2
10,885,0,187,ŌłÆ8,984EŌłÆ2
10,901,0,186,ŌłÆ8,877EŌłÆ2
10,918,0,187,ŌłÆ8,500EŌłÆ2
10,935,0,188,ŌłÆ8,310EŌłÆ2
10,951,0,188,ŌłÆ8,265EŌłÆ2
10,968,0,189,ŌłÆ8,339EŌłÆ2
10,985,0,189,ŌłÆ8,599EŌłÆ2
11,002,0,189,ŌłÆ8,817EŌłÆ2
11,018,0,189,ŌłÆ9,014EŌłÆ2
11,035,0,189,ŌłÆ9,157EŌłÆ2
11,052,0,189,ŌłÆ9,209EŌłÆ2
11,068,0,189,ŌłÆ9,128EŌłÆ2
11,085,0,188,ŌłÆ9,052EŌłÆ2
11,102,0,188,ŌłÆ9,119EŌłÆ2
11,118,0,188,ŌłÆ9,274EŌłÆ2
11,135,0,188,ŌłÆ9,510EŌłÆ2
11,152,0,188,ŌłÆ9,876EŌłÆ2
11,168,0,188,-0,101
11,185,0,187,-0,100
11,202,0,187,ŌłÆ9,707EŌłÆ2
11,219,0,188,ŌłÆ9,317EŌłÆ2
11,235,0,189,ŌłÆ8,759EŌłÆ2
11,252,0,191,ŌłÆ8,318EŌłÆ2
11,269,0,191,ŌłÆ8,062EŌłÆ2
11,285,0,191,ŌłÆ8,070EŌłÆ2
11,302,0,192,ŌłÆ8,331EŌłÆ2
11,319,0,193,ŌłÆ8,737EŌłÆ2
11,335,0,193,ŌłÆ9,086EŌłÆ2
11,352,0,193,ŌłÆ9,302EŌłÆ2
11,369,0,192,ŌłÆ9,308EŌłÆ2
11,385,0,192,ŌłÆ9,127EŌłÆ2
11,402,0,192,ŌłÆ8,974EŌłÆ2
11,419,0,192,ŌłÆ8,735EŌłÆ2
11,436,0,191,ŌłÆ8,335EŌłÆ2
11,452,0,191,ŌłÆ8,207EŌłÆ2
11,469,0,191,ŌłÆ8,163EŌłÆ2
11,486,0,190,ŌłÆ8,102EŌłÆ2
11,502,0,190,ŌłÆ8,038EŌłÆ2
11,519,0,190,ŌłÆ8,060EŌłÆ2
11,536,0,190,ŌłÆ8,166EŌłÆ2
11,552,0,176,ŌłÆ8,193EŌłÆ2
11,569,0,176,ŌłÆ8,054EŌłÆ2
11,586,0,186,ŌłÆ8,311EŌłÆ2
11,603,0,189,ŌłÆ8,781EŌłÆ2
11,619,0,190,ŌłÆ8,929EŌłÆ2
11,636,0,190,ŌłÆ9,068EŌłÆ2
11,653,0,190,ŌłÆ9,220EŌłÆ2
11,669,0,190,ŌłÆ9,396EŌłÆ2
11,686,0,190,ŌłÆ9,565EŌłÆ2
11,703,0,190,ŌłÆ9,733EŌłÆ2
11,719,0,190,ŌłÆ9,975EŌłÆ2
11,736,0,190,-0,101
11,753,0,190,-0,103
11,769,0,190,-0,103
11,786,0,190,-0,103
11,803,0,190,-0,102
11,820,0,190,-0,101
11,836,0,190,-0,100
11,853,0,191,-0,101
11,870,0,191,-0,103
11,886,0,191,-0,106
11,903,0,190,-0,108
11,920,0,190,-0,109
11,936,0,190,-0,110
11,953,0,190,-0,109
11,970,0,190,-0,106
11,986,0,191,-0,103
12,003,0,192,ŌłÆ9,937EŌłÆ2
12,020,0,193,ŌłÆ9,633EŌłÆ2
12,037,0,193,ŌłÆ9,500EŌłÆ2
12,053,0,193,ŌłÆ9,568EŌłÆ2
12,070,0,193,ŌłÆ9,766EŌłÆ2
12,087,0,193,ŌłÆ9,929EŌłÆ2
12,103,0,192,ŌłÆ9,980EŌłÆ2
12,120,0,192,-0,100
12,137,0,191,-0,101
12,153,0,191,-0,100
12,170,0,192,ŌłÆ9,722EŌłÆ2
12,187,0,192,ŌłÆ9,518EŌłÆ2
12,204,0,193,ŌłÆ9,282EŌłÆ2
12,220,0,193,ŌłÆ9,106EŌłÆ2
12,237,0,192,ŌłÆ9,001EŌłÆ2
12,254,0,192,ŌłÆ8,902EŌłÆ2
12,270,0,192,ŌłÆ8,960EŌłÆ2
12,287,0,191,ŌłÆ9,326EŌłÆ2
12,304,0,191,ŌłÆ9,600EŌłÆ2
12,320,0,191,ŌłÆ9,784EŌłÆ2
12,337,0,192,-0,100
12,354,0,192,-0,101
12,370,0,192,-0,102
12,387,0,192,-0,102
12,404,0,192,-0,102
12,421,0,192,-0,102
12,437,0,192,-0,102
12,454,0,192,-0,103
12,471,0,192,-0,104
12,487,0,191,-0,103
12,504,0,190,-0,104
12,521,0,190,-0,106
12,537,0,190,-0,108
12,554,0,189,-0,110
12,571,0,189,-0,111
12,587,0,188,-0,111
12,604,0,188,-0,110
12,621,0,188,-0,107
12,638,0,189,-0,104
12,654,0,190,-0,101
12,671,0,189,ŌłÆ9,650EŌłÆ2
12,688,0,190,ŌłÆ9,236EŌłÆ2
12,704,0,193,ŌłÆ8,897EŌłÆ2
12,721,0,193,ŌłÆ8,881EŌłÆ2
12,738,0,192,ŌłÆ9,096EŌłÆ2
12,754,0,192,ŌłÆ9,478EŌłÆ2
12,771,0,192,ŌłÆ9,798EŌłÆ2
12,788,0,192,-0,100
12,804,0,191,-0,101
12,821,0,191,ŌłÆ9,846EŌłÆ2
12,838,0,191,ŌłÆ9,479EŌłÆ2
12,855,0,192,ŌłÆ9,250EŌłÆ2
12,871,0,191,ŌłÆ9,266EŌłÆ2
12,888,0,190,ŌłÆ9,473EŌłÆ2
12,905,0,189,ŌłÆ9,816EŌłÆ2
12,921,0,190,-0,101
12,938,0,190,-0,104
12,955,0,190,-0,106
12,971,0,189,-0,109
12,988,0,189,-0,109
13,005,0,189,-0,108
13,022,0,189,-0,105
13,038,0,190,-0,101
13,055,0,191,ŌłÆ9,832EŌłÆ2
13,072,0,191,ŌłÆ9,622EŌłÆ2
13,088,0,190,ŌłÆ9,523EŌłÆ2
13,105,0,190,ŌłÆ9,431EŌłÆ2
13,122,0,189,ŌłÆ9,384EŌłÆ2
13,138,0,189,ŌłÆ9,388EŌłÆ2
13,155,0,188,ŌłÆ9,379EŌłÆ2
13,172,0,187,ŌłÆ9,445EŌłÆ2
13,188,0,186,ŌłÆ9,487EŌłÆ2
13,205,0,186,ŌłÆ9,503EŌłÆ2
13,222,0,186,ŌłÆ9,214EŌłÆ2
13,239,0,187,ŌłÆ8,738EŌłÆ2
13,255,0,187,ŌłÆ8,219EŌłÆ2
13,272,0,188,ŌłÆ7,640EŌłÆ2
13,289,0,188,ŌłÆ7,091EŌłÆ2
13,305,0,188,ŌłÆ6,816EŌłÆ2
13,322,0,188,ŌłÆ6,881EŌłÆ2
13,339,0,188,ŌłÆ7,164EŌłÆ2
13,355,0,189,ŌłÆ7,759EŌłÆ2
13,372,0,176,ŌłÆ8,739EŌłÆ2
13,389,0,189,ŌłÆ8,726EŌłÆ2
13,405,0,192,ŌłÆ9,235EŌłÆ2
13,422,0,193,ŌłÆ9,324EŌłÆ2
13,439,0,193,ŌłÆ9,335EŌłÆ2
13,456,0,193,ŌłÆ9,262EŌłÆ2
13,472,0,193,ŌłÆ9,244EŌłÆ2
13,489,0,193,ŌłÆ9,265EŌłÆ2
13,506,0,193,ŌłÆ9,296EŌłÆ2
13,522,0,193,ŌłÆ9,396EŌłÆ2
13,539,0,193,ŌłÆ9,508EŌłÆ2
13,556,0,193,ŌłÆ9,632EŌłÆ2
13,572,0,194,ŌłÆ9,743EŌłÆ2
13,589,0,194,ŌłÆ9,815EŌłÆ2
13,606,0,194,ŌłÆ9,907EŌłÆ2
13,623,0,194,ŌłÆ9,914EŌłÆ2
13,639,0,194,ŌłÆ9,927EŌłÆ2
13,656,0,194,ŌłÆ9,943EŌłÆ2
13,673,0,193,ŌłÆ9,976EŌłÆ2
13,689,0,193,ŌłÆ9,980EŌłÆ2
13,706,0,193,ŌłÆ9,882EŌłÆ2
13,723,0,193,ŌłÆ9,663EŌłÆ2
13,739,0,193,ŌłÆ9,443EŌłÆ2
13,756,0,193,ŌłÆ9,287EŌłÆ2
13,773,0,192,ŌłÆ9,168EŌłÆ2
13,789,0,192,ŌłÆ9,065EŌłÆ2
13,806,0,192,ŌłÆ9,054EŌłÆ2
13,823,0,191,ŌłÆ9,113EŌłÆ2
13,840,0,191,ŌłÆ9,181EŌłÆ2
13,856,0,191,ŌłÆ9,266EŌłÆ2
13,873,0,191,ŌłÆ9,363EŌłÆ2
13,890,0,191,ŌłÆ9,403EŌłÆ2
13,906,0,191,ŌłÆ9,334EŌłÆ2
13,923,0,191,ŌłÆ9,127EŌłÆ2
13,940,0,192,ŌłÆ8,883EŌłÆ2
13,956,0,191,ŌłÆ8,672EŌłÆ2
13,973,0,193,ŌłÆ8,424EŌłÆ2
13,990,0,193,ŌłÆ8,285EŌłÆ2
14,006,0,192,ŌłÆ8,333EŌłÆ2
14,023,0,192,ŌłÆ8,440EŌłÆ2
14,040,0,193,ŌłÆ8,640EŌłÆ2
14,057,0,193,ŌłÆ8,879EŌłÆ2
14,073,0,191,ŌłÆ9,235EŌłÆ2
14,090,0,191,ŌłÆ9,570EŌłÆ2
14,107,0,192,ŌłÆ9,911EŌłÆ2
14,123,0,193,-0,102
14,140,0,193,-0,103
14,157,0,193,-0,103
14,173,0,193,-0,101
14,190,0,194,ŌłÆ9,908EŌłÆ2
14,207,0,194,ŌłÆ9,807EŌłÆ2
14,224,0,193,ŌłÆ9,701EŌłÆ2
14,240,0,193,ŌłÆ9,649EŌłÆ2
14,257,0,193,ŌłÆ9,682EŌłÆ2
14,274,0,193,ŌłÆ9,706EŌłÆ2
14,290,0,193,ŌłÆ9,775EŌłÆ2
14,307,0,193,ŌłÆ9,843EŌłÆ2
14,324,0,192,ŌłÆ9,972EŌłÆ2
14,340,0,192,-0,101
14,357,0,191,-0,102
14,374,0,191,-0,103
14,390,0,190,-0,104
14,407,0,189,-0,106
14,424,0,189,-0,106
14,441,0,188,-0,105
14,457,0,188,-0,103
14,474,0,188,-0,100
14,491,0,188,ŌłÆ9,680EŌłÆ2
14,507,0,186,ŌłÆ9,409EŌłÆ2
14,524,0,189,ŌłÆ9,147EŌłÆ2
14,541,0,189,ŌłÆ8,872EŌłÆ2
14,557,0,190,ŌłÆ8,602EŌłÆ2
14,574,0,191,ŌłÆ8,519EŌłÆ2
14,591,0,191,ŌłÆ8,527EŌłÆ2
14,607,0,191,ŌłÆ8,661EŌłÆ2
14,624,0,191,ŌłÆ8,927EŌłÆ2
14,641,0,191,ŌłÆ9,297EŌłÆ2
14,658,0,191,ŌłÆ9,639EŌłÆ2
14,674,0,191,ŌłÆ9,879EŌłÆ2
14,691,0,192,ŌłÆ9,997EŌłÆ2
14,708,0,192,ŌłÆ9,994EŌłÆ2
14,724,0,192,-0,100
14,741,0,192,-0,100
14,758,0,192,ŌłÆ9,966EŌłÆ2
14,774,0,192,ŌłÆ9,864EŌłÆ2
14,791,0,192,ŌłÆ9,844EŌłÆ2
14,808,0,192,ŌłÆ9,818EŌłÆ2
14,825,0,192,ŌłÆ9,871EŌłÆ2
14,841,0,191,ŌłÆ9,998EŌłÆ2
14,858,0,191,-0,101
14,875,0,191,-0,102
14,891,0,190,-0,101
14,908,0,192,-0,100
14,925,0,191,ŌłÆ9,596EŌłÆ2
14,941,0,192,ŌłÆ9,006EŌłÆ2
14,958,0,191,ŌłÆ8,640EŌłÆ2
14,975,0,191,ŌłÆ8,643EŌłÆ2
14,991,0,190,ŌłÆ8,871EŌłÆ2
15,008,0,191,ŌłÆ9,175EŌłÆ2
15,025,0,191,ŌłÆ9,377EŌłÆ2
15,042,0,191,ŌłÆ9,433EŌłÆ2
15,058,0,192,ŌłÆ9,219EŌłÆ2
15,075,0,192,ŌłÆ9,074EŌłÆ2
15,092,0,193,ŌłÆ8,988EŌłÆ2
15,108,0,193,ŌłÆ8,983EŌłÆ2
15,125,0,193,ŌłÆ9,004EŌłÆ2
15,142,0,192,ŌłÆ9,172EŌłÆ2
15,158,0,193,ŌłÆ9,218EŌłÆ2
15,175,0,192,ŌłÆ9,265EŌłÆ2
15,192,0,192,ŌłÆ9,344EŌłÆ2
15,208,0,192,ŌłÆ9,467EŌłÆ2
15,225,0,191,ŌłÆ9,528EŌłÆ2
15,242,0,190,ŌłÆ9,608EŌłÆ2
15,259,0,189,ŌłÆ9,734EŌłÆ2
15,275,0,189,ŌłÆ9,806EŌłÆ2
15,292,0,188,ŌłÆ9,853EŌłÆ2
15,309,0,187,ŌłÆ9,944EŌłÆ2
15,325,0,187,-0,101
15,342,0,186,-0,103
15,359,0,186,-0,105
15,375,0,186,-0,107
15,392,0,186,-0,106
15,409,0,186,-0,104
15,425,0,187,-0,100
15,442,0,188,ŌłÆ9,714EŌłÆ2
15,459,0,188,ŌłÆ9,164EŌłÆ2
15,476,0,189,ŌłÆ8,813EŌłÆ2
15,492,0,189,ŌłÆ8,685EŌłÆ2
15,509,0,189,ŌłÆ8,736EŌłÆ2
15,526,0,189,ŌłÆ8,919EŌłÆ2
15,542,0,189,ŌłÆ9,198EŌłÆ2
15,559,0,190,ŌłÆ9,521EŌłÆ2
15,576,0,190,ŌłÆ9,699EŌłÆ2
15,592,0,190,ŌłÆ9,736EŌłÆ2
15,609,0,189,ŌłÆ9,377EŌłÆ2
15,626,0,189,ŌłÆ8,897EŌłÆ2
15,643,0,189,ŌłÆ8,423EŌłÆ2
15,659,0,189,ŌłÆ7,971EŌłÆ2
15,676,0,189,ŌłÆ7,663EŌłÆ2
15,693,0,189,ŌłÆ7,485EŌłÆ2
15,709,0,188,ŌłÆ7,547EŌłÆ2
15,726,0,187,ŌłÆ7,808EŌłÆ2
15,743,0,187,ŌłÆ8,142EŌłÆ2
15,759,0,187,ŌłÆ8,497EŌłÆ2
15,776,0,189,ŌłÆ8,918EŌłÆ2
15,793,0,189,ŌłÆ8,941EŌłÆ2
15,809,0,189,ŌłÆ8,919EŌłÆ2
15,826,0,190,ŌłÆ9,016EŌłÆ2
15,843,0,190,ŌłÆ9,279EŌłÆ2
15,860,0,190,ŌłÆ9,564EŌłÆ2
15,876,0,190,ŌłÆ9,960EŌłÆ2
15,893,0,190,-0,103
15,910,0,190,-0,105
15,926,0,190,-0,105
15,943,0,190,-0,105
15,960,0,190,-0,104
15,976,0,190,-0,103
15,993,0,190,-0,101
16,010,0,189,ŌłÆ9,795EŌłÆ2
16,026,0,189,ŌłÆ9,487EŌłÆ2
16,043,0,189,ŌłÆ9,351EŌłÆ2
16,060,0,187,ŌłÆ9,455EŌłÆ2
16,077,0,186,ŌłÆ9,734EŌłÆ2
16,093,0,185,-0,101
16,110,0,184,-0,103
16,127,0,183,-0,104
16,143,0,181,-0,103
16,160,0,182,ŌłÆ9,878EŌłÆ2
16,177,0,182,ŌłÆ9,261EŌłÆ2
16,193,0,182,ŌłÆ8,819EŌłÆ2
16,210,0,181,ŌłÆ8,475EŌłÆ2
16,227,0,181,ŌłÆ8,545EŌłÆ2
16,244,0,181,ŌłÆ8,716EŌłÆ2
16,260,0,180,ŌłÆ9,117EŌłÆ2
16,277,0,180,ŌłÆ9,589EŌłÆ2
16,294,0,182,ŌłÆ9,956EŌłÆ2
16,310,0,182,-0,104
16,327,0,183,-0,105
16,344,0,183,-0,105
16,360,0,182,-0,104
16,377,0,183,-0,102
16,394,0,184,ŌłÆ9,585EŌłÆ2
16,410,0,187,ŌłÆ8,961EŌłÆ2
16,427,0,188,ŌłÆ8,518EŌłÆ2
16,444,0,188,ŌłÆ8,517EŌłÆ2
16,461,0,189,ŌłÆ8,859EŌłÆ2
16,477,0,190,ŌłÆ9,616EŌłÆ2
16,494,0,190,ŌłÆ9,888EŌłÆ2
16,511,0,190,-0,100
16,527,0,190,-0,100
16,544,0,190,ŌłÆ9,838EŌłÆ2
16,561,0,190,ŌłÆ9,600EŌłÆ2
16,577,0,190,ŌłÆ9,289EŌłÆ2
16,594,0,190,ŌłÆ9,088EŌłÆ2
16,611,0,190,ŌłÆ8,984EŌłÆ2
16,627,0,189,ŌłÆ8,916EŌłÆ2
16,644,0,189,ŌłÆ8,789EŌłÆ2
16,661,0,190,ŌłÆ8,698EŌłÆ2
16,678,0,190,ŌłÆ8,577EŌłÆ2
16,694,0,190,ŌłÆ8,471EŌłÆ2
16,711,0,176,ŌłÆ8,424EŌłÆ2
16,728,0,190,ŌłÆ8,637EŌłÆ2
16,744,0,190,ŌłÆ9,031EŌłÆ2
16,761,0,190,ŌłÆ9,446EŌłÆ2
16,778,0,191,ŌłÆ9,818EŌłÆ2
16,794,0,191,-0,101
16,811,0,191,-0,104
16,828,0,192,-0,105
16,845,0,192,-0,105
16,861,0,178,ŌłÆ9,875EŌłÆ2
16,878,0,192,ŌłÆ9,938EŌłÆ2
16,895,0,193,ŌłÆ9,746EŌłÆ2
16,911,0,193,ŌłÆ9,739EŌłÆ2
16,928,0,193,ŌłÆ9,806EŌłÆ2
16,945,0,193,ŌłÆ9,891EŌłÆ2
16,961,0,193,-0,100
16,978,0,193,-0,102
16,995,0,193,-0,102
17,011,0,193,-0,102
17,028,0,193,-0,100
17,045,0,193,ŌłÆ9,807EŌłÆ2
17,062,0,193,ŌłÆ9,651EŌłÆ2
17,078,0,193,ŌłÆ9,555EŌłÆ2
17,095,0,193,ŌłÆ9,474EŌłÆ2
17,112,0,194,ŌłÆ9,482EŌłÆ2
17,128,0,193,ŌłÆ9,500EŌłÆ2
17,145,0,193,ŌłÆ9,444EŌłÆ2
17,162,0,192,ŌłÆ9,380EŌłÆ2
17,178,0,192,ŌłÆ9,177EŌłÆ2
17,195,0,192,ŌłÆ8,986EŌłÆ2
17,212,0,192,ŌłÆ8,823EŌłÆ2
17,228,0,192,ŌłÆ8,850EŌłÆ2
17,245,0,193,ŌłÆ9,081EŌłÆ2
17,262,0,193,ŌłÆ9,271EŌłÆ2
17,279,0,193,ŌłÆ9,482EŌłÆ2
17,295,0,193,ŌłÆ9,581EŌłÆ2
17,312,0,192,ŌłÆ9,472EŌłÆ2
17,329,0,192,ŌłÆ9,309EŌłÆ2
17,345,0,192,ŌłÆ9,164EŌłÆ2
17,362,0,191,ŌłÆ8,961EŌłÆ2
17,379,0,191,ŌłÆ8,975EŌłÆ2
17,395,0,189,ŌłÆ9,059EŌłÆ2
17,412,0,189,ŌłÆ9,006EŌłÆ2
17,429,0,188,ŌłÆ8,939EŌłÆ2
17,446,0,187,ŌłÆ8,939EŌłÆ2
17,462,0,186,ŌłÆ9,149EŌłÆ2
17,479,0,185,ŌłÆ9,389EŌłÆ2
17,496,0,184,ŌłÆ9,592EŌłÆ2
17,512,0,183,ŌłÆ9,567EŌłÆ2
17,529,0,183,ŌłÆ9,315EŌłÆ2
17,546,0,182,ŌłÆ9,120EŌłÆ2
17,562,0,182,ŌłÆ8,950EŌłÆ2
17,579,0,182,ŌłÆ8,824EŌłÆ2
17,596,0,181,ŌłÆ8,880EŌłÆ2
17,612,0,181,ŌłÆ9,058EŌłÆ2
17,629,0,181,ŌłÆ9,326EŌłÆ2
17,646,0,181,ŌłÆ9,581EŌłÆ2
17,663,0,181,ŌłÆ9,639EŌłÆ2
17,679,0,180,ŌłÆ9,401EŌłÆ2
17,696,0,182,ŌłÆ8,759EŌłÆ2
17,713,0,183,ŌłÆ8,323EŌłÆ2
17,729,0,184,ŌłÆ8,132EŌłÆ2
17,746,0,183,ŌłÆ8,078EŌłÆ2
17,763,0,184,ŌłÆ8,348EŌłÆ2
17,779,0,184,ŌłÆ8,743EŌłÆ2
17,796,0,184,ŌłÆ9,147EŌłÆ2
17,813,0,185,ŌłÆ9,428EŌłÆ2
17,829,0,185,ŌłÆ9,555EŌłÆ2
17,846,0,186,ŌłÆ9,473EŌłÆ2
17,863,0,185,ŌłÆ9,188EŌłÆ2
17,880,0,187,ŌłÆ8,502EŌłÆ2
17,896,0,188,ŌłÆ7,933EŌłÆ2
17,913,0,189,ŌłÆ7,891EŌłÆ2
17,930,0,189,ŌłÆ7,959EŌłÆ2
17,946,0,191,ŌłÆ8,370EŌłÆ2
17,963,0,192,ŌłÆ8,947EŌłÆ2
17,980,0,192,ŌłÆ9,415EŌłÆ2
17,996,0,191,ŌłÆ9,662EŌłÆ2
18,013,0,191,ŌłÆ9,614EŌłÆ2
18,030,0,191,ŌłÆ8,907EŌłÆ2
18,046,0,192,ŌłÆ8,417EŌłÆ2
18,063,0,192,ŌłÆ8,000EŌłÆ2
18,080,0,192,ŌłÆ7,777EŌłÆ2
18,097,0,192,ŌłÆ7,713EŌłÆ2
18,113,0,192,ŌłÆ7,744EŌłÆ2
18,130,0,192,ŌłÆ7,854EŌłÆ2
18,147,0,192,ŌłÆ8,019EŌłÆ2
18,163,0,192,ŌłÆ8,153EŌłÆ2
18,180,0,192,ŌłÆ8,421EŌłÆ2
18,197,0,193,ŌłÆ8,681EŌłÆ2
18,213,0,193,ŌłÆ8,698EŌłÆ2
18,230,0,194,ŌłÆ8,489EŌłÆ2
18,247,0,194,ŌłÆ8,152EŌłÆ2
18,264,0,194,ŌłÆ7,906EŌłÆ2
18,280,0,193,ŌłÆ7,846EŌłÆ2
18,297,0,193,ŌłÆ7,890EŌłÆ2
18,314,0,193,ŌłÆ8,039EŌłÆ2
18,330,0,193,ŌłÆ8,178EŌłÆ2
18,347,0,194,ŌłÆ8,319EŌłÆ2
18,364,0,194,ŌłÆ8,562EŌłÆ2
18,380,0,194,ŌłÆ8,847EŌłÆ2
18,397,0,195,ŌłÆ9,200EŌłÆ2
18,414,0,195,ŌłÆ9,480EŌłÆ2
18,430,0,195,ŌłÆ9,607EŌłÆ2
18,447,0,194,ŌłÆ9,648EŌłÆ2
18,464,0,194,ŌłÆ9,715EŌłÆ2
18,481,0,193,ŌłÆ9,848EŌłÆ2
18,497,0,193,ŌłÆ9,962EŌłÆ2
18,514,0,192,-0,102
18,531,0,192,-0,103
18,547,0,192,-0,103
18,564,0,191,-0,102
18,581,0,191,-0,100
18,597,0,191,ŌłÆ9,788EŌłÆ2
18,614,0,191,ŌłÆ9,632EŌłÆ2
18,631,0,191,ŌłÆ9,478EŌłÆ2
18,647,0,191,ŌłÆ9,283EŌłÆ2
18,664,0,191,ŌłÆ9,173EŌłÆ2
18,681,0,193,ŌłÆ8,931EŌłÆ2
18,698,0,193,ŌłÆ8,889EŌłÆ2
18,714,0,194,ŌłÆ8,808EŌłÆ2
18,731,0,194,ŌłÆ8,699EŌłÆ2
18,748,0,194,ŌłÆ8,617EŌłÆ2
18,764,0,195,ŌłÆ8,548EŌłÆ2
18,781,0,194,ŌłÆ8,495EŌłÆ2
18,798,0,194,ŌłÆ8,501EŌłÆ2
18,814,0,194,ŌłÆ8,555EŌłÆ2
18,831,0,193,ŌłÆ8,724EŌłÆ2
18,848,0,194,ŌłÆ8,902EŌłÆ2
18,865,0,194,ŌłÆ8,850EŌłÆ2
18,881,0,194,ŌłÆ8,828EŌłÆ2
18,898,0,193,ŌłÆ8,868EŌłÆ2
18,915,0,193,ŌłÆ8,865EŌłÆ2
18,931,0,193,ŌłÆ8,779EŌłÆ2
18,948,0,193,ŌłÆ8,649EŌłÆ2
18,965,0,193,ŌłÆ8,522EŌłÆ2
18,981,0,193,ŌłÆ8,402EŌłÆ2
18,998,0,192,ŌłÆ8,363EŌłÆ2
19,015,0,192,ŌłÆ8,372EŌłÆ2
19,031,0,191,ŌłÆ8,357EŌłÆ2
19,048,0,191,ŌłÆ8,284EŌłÆ2
19,065,0,190,ŌłÆ8,270EŌłÆ2
19,082,0,190,ŌłÆ8,474EŌłÆ2
19,098,0,190,ŌłÆ8,718EŌłÆ2
19,115,0,190,ŌłÆ8,976EŌłÆ2
19,132,0,191,ŌłÆ9,348EŌłÆ2
19,148,0,190,ŌłÆ9,669EŌłÆ2
19,165,0,190,ŌłÆ9,893EŌłÆ2
19,182,0,190,-0,101
19,198,0,189,-0,103
19,215,0,188,-0,104
19,232,0,187,-0,103
19,248,0,186,-0,103
19,265,0,186,-0,102
19,282,0,185,-0,101
19,299,0,185,ŌłÆ9,884EŌłÆ2
19,315,0,185,ŌłÆ9,698EŌłÆ2
19,332,0,185,ŌłÆ9,582EŌłÆ2
19,349,0,185,ŌłÆ9,452EŌłÆ2
19,365,0,185,ŌłÆ9,288EŌłÆ2
19,382,0,185,ŌłÆ9,198EŌłÆ2
19,399,0,186,ŌłÆ9,104EŌłÆ2
19,415,0,186,ŌłÆ9,096EŌłÆ2
19,432,0,186,ŌłÆ9,230EŌłÆ2
19,449,0,186,ŌłÆ9,511EŌłÆ2
19,466,0,186,ŌłÆ9,812EŌłÆ2
19,482,0,186,ŌłÆ9,975EŌłÆ2
19,499,0,186,-0,100
19,516,0,186,ŌłÆ9,867EŌłÆ2
19,532,0,186,ŌłÆ9,499EŌłÆ2
19,549,0,187,ŌłÆ8,954EŌłÆ2
19,566,0,189,ŌłÆ8,734EŌłÆ2
19,582,0,188,ŌłÆ8,545EŌłÆ2
19,599,0,188,ŌłÆ8,580EŌłÆ2
19,616,0,188,ŌłÆ8,980EŌłÆ2
19,632,0,190,ŌłÆ9,662EŌłÆ2
19,649,0,190,-0,103
19,666,0,190,-0,105
19,683,0,189,-0,105
19,699,0,189,-0,103
19,716,0,190,ŌłÆ9,439EŌłÆ2
19,733,0,190,ŌłÆ8,949EŌłÆ2
19,749,0,191,ŌłÆ8,612EŌłÆ2
19,766,0,191,ŌłÆ8,472EŌłÆ2
19,783,0,191,ŌłÆ8,526EŌłÆ2
19,799,0,192,ŌłÆ8,919EŌłÆ2
19,816,0,192,ŌłÆ9,177EŌłÆ2
19,833,0,192,ŌłÆ9,517EŌłÆ2
19,849,0,192,ŌłÆ9,625EŌłÆ2
19,866,0,192,ŌłÆ9,696EŌłÆ2
19,883,0,193,ŌłÆ9,624EŌłÆ2
19,900,0,193,ŌłÆ9,592EŌłÆ2
19,916,0,194,ŌłÆ9,585EŌłÆ2
19,933,0,194,ŌłÆ9,533EŌłÆ2
19,950,0,194,ŌłÆ9,531EŌłÆ2
19,966,0,194,ŌłÆ9,538EŌłÆ2
19,983,0,193,ŌłÆ9,633EŌłÆ2
20,000,0,192,ŌłÆ9,733EŌłÆ2
20,016,0,191,ŌłÆ9,886EŌłÆ2
20,033,0,190,ŌłÆ9,900EŌłÆ2
20,050,0,188,ŌłÆ9,822EŌłÆ2
20,067,0,187,ŌłÆ9,823EŌłÆ2
20,083,0,186,ŌłÆ9,958EŌłÆ2
20,100,0,185,-0,100
20,117,0,184,-0,101
20,133,0,183,-0,102
20,150,0,182,-0,100
20,167,0,181,ŌłÆ9,895EŌłÆ2
20,183,0,181,ŌłÆ9,848EŌłÆ2
20,200,0,181,ŌłÆ9,808EŌłÆ2
20,217,0,180,ŌłÆ9,749EŌłÆ2
20,233,0,180,ŌłÆ9,663EŌłÆ2
20,250,0,180,ŌłÆ9,525EŌłÆ2
20,267,0,180,ŌłÆ9,441EŌłÆ2
20,284,0,179,ŌłÆ9,362EŌłÆ2
20,300,0,179,ŌłÆ9,264EŌłÆ2
20,317,0,180,ŌłÆ9,294EŌłÆ2
20,334,0,180,ŌłÆ9,315EŌłÆ2
20,350,0,181,ŌłÆ9,305EŌłÆ2
20,367,0,181,ŌłÆ9,195EŌłÆ2
20,384,0,183,ŌłÆ8,826EŌłÆ2
20,400,0,183,ŌłÆ8,547EŌłÆ2
20,417,0,183,ŌłÆ8,227EŌłÆ2
20,434,0,183,ŌłÆ8,200EŌłÆ2
20,450,0,185,ŌłÆ8,755EŌłÆ2
20,467,0,187,ŌłÆ9,333EŌłÆ2
20,484,0,189,-0,100
20,501,0,190,-0,105
20,517,0,189,-0,103
20,534,0,189,-0,101
20,551,0,189,ŌłÆ9,757EŌłÆ2
20,567,0,188,ŌłÆ9,488EŌłÆ2
20,584,0,184,ŌłÆ9,011EŌłÆ2
20,601,0,186,ŌłÆ8,668EŌłÆ2
20,617,0,180,ŌłÆ7,922EŌłÆ2
20,634,0,179,ŌłÆ7,650EŌłÆ2
20,651,0,189,ŌłÆ9,315EŌłÆ2
20,667,0,189,ŌłÆ9,727EŌłÆ2
20,684,0,189,ŌłÆ9,862EŌłÆ2
20,701,0,189,ŌłÆ9,928EŌłÆ2
20,718,0,190,ŌłÆ9,931EŌłÆ2
20,734,0,190,ŌłÆ9,865EŌłÆ2
20,751,0,190,ŌłÆ9,774EŌłÆ2
20,768,0,189,ŌłÆ9,676EŌłÆ2
20,784,0,189,ŌłÆ9,550EŌłÆ2
20,801,0,188,ŌłÆ9,424EŌłÆ2
20,818,0,188,ŌłÆ9,241EŌłÆ2
20,834,0,188,ŌłÆ9,038EŌłÆ2
20,851,0,188,ŌłÆ8,934EŌłÆ2
20,868,0,187,ŌłÆ8,914EŌłÆ2
20,885,0,187,ŌłÆ8,952EŌłÆ2
20,901,0,186,ŌłÆ9,018EŌłÆ2
20,918,0,186,ŌłÆ9,074EŌłÆ2
20,935,0,185,ŌłÆ8,975EŌłÆ2
20,951,0,187,ŌłÆ8,816EŌłÆ2
20,968,0,187,ŌłÆ8,373EŌłÆ2
20,985,0,188,ŌłÆ8,159EŌłÆ2
21,001,0,187,ŌłÆ7,960EŌłÆ2
21,018,0,187,ŌłÆ7,951EŌłÆ2
21,035,0,188,ŌłÆ7,996EŌłÆ2
21,051,0,188,ŌłÆ8,094EŌłÆ2
21,068,0,188,ŌłÆ8,325EŌłÆ2
21,085,0,188,ŌłÆ8,600EŌłÆ2
21,102,0,189,ŌłÆ8,805EŌłÆ2
21,118,0,188,ŌłÆ9,195EŌłÆ2
21,135,0,188,ŌłÆ9,457EŌłÆ2
21,152,0,188,ŌłÆ9,543EŌłÆ2
21,168,0,188,ŌłÆ9,606EŌłÆ2
21,185,0,188,ŌłÆ9,735EŌłÆ2
21,202,0,189,ŌłÆ9,883EŌłÆ2
21,218,0,188,-0,101
21,235,0,189,-0,103
21,252,0,189,-0,104
21,268,0,189,-0,102
21,285,0,189,-0,100
21,302,0,190,ŌłÆ9,847EŌłÆ2
21,319,0,190,ŌłÆ9,675EŌłÆ2
21,335,0,190,ŌłÆ9,397EŌłÆ2
21,352,0,190,ŌłÆ9,059EŌłÆ2
21,369,0,190,ŌłÆ8,855EŌłÆ2
21,385,0,190,ŌłÆ8,847EŌłÆ2
21,402,0,190,ŌłÆ8,932EŌłÆ2
21,419,0,190,ŌłÆ9,155EŌłÆ2
21,435,0,190,ŌłÆ9,391EŌłÆ2
21,452,0,190,ŌłÆ9,576EŌłÆ2
21,469,0,190,ŌłÆ9,598EŌłÆ2
21,486,0,190,ŌłÆ9,542EŌłÆ2
21,502,0,190,ŌłÆ9,526EŌłÆ2
21,519,0,188,ŌłÆ9,476EŌłÆ2
21,536,0,188,ŌłÆ9,059EŌłÆ2
21,552,0,187,ŌłÆ8,648EŌłÆ2
21,569,0,186,ŌłÆ8,250EŌłÆ2
21,586,0,186,ŌłÆ7,964EŌłÆ2
21,602,0,184,ŌłÆ7,723EŌłÆ2
21,619,0,182,ŌłÆ7,629EŌłÆ2
21,636,0,180,ŌłÆ7,693EŌłÆ2
21,652,0,178,ŌłÆ7,906EŌłÆ2
21,669,0,177,ŌłÆ8,314EŌłÆ2
21,686,0,176,ŌłÆ8,620EŌłÆ2
21,703,0,174,ŌłÆ8,895EŌłÆ2
21,719,0,173,ŌłÆ9,247EŌłÆ2
21,736,0,172,ŌłÆ9,518EŌłÆ2
21,753,0,170,ŌłÆ9,557EŌłÆ2
21,769,0,169,ŌłÆ9,489EŌłÆ2
21,786,0,168,ŌłÆ9,346EŌłÆ2
21,803,0,167,ŌłÆ9,203EŌłÆ2
21,819,0,167,ŌłÆ9,067EŌłÆ2
21,836,0,166,ŌłÆ8,955EŌłÆ2
21,853,0,166,ŌłÆ9,043EŌłÆ2
21,869,0,165,ŌłÆ9,108EŌłÆ2
21,886,0,164,ŌłÆ9,034EŌłÆ2
21,903,0,164,ŌłÆ8,774EŌłÆ2
21,920,0,165,ŌłÆ8,481EŌłÆ2
21,936,0,165,ŌłÆ8,469EŌłÆ2
21,953,0,167,ŌłÆ8,875EŌłÆ2
21,970,0,169,ŌłÆ9,660EŌłÆ2
21,986,0,172,-0,104
22,003,0,173,-0,111
22,020,0,173,-0,113
22,036,0,173,-0,110
22,053,0,176,-0,104
22,070,0,180,ŌłÆ9,639EŌłÆ2
22,087,0,184,ŌłÆ8,813EŌłÆ2
22,103,0,184,ŌłÆ8,092EŌłÆ2
22,120,0,182,ŌłÆ7,478EŌłÆ2
22,137,0,187,ŌłÆ8,037EŌłÆ2
22,153,0,189,ŌłÆ8,310EŌłÆ2
22,170,0,189,ŌłÆ8,855EŌłÆ2
22,187,0,189,ŌłÆ9,264EŌłÆ2
22,203,0,189,ŌłÆ9,532EŌłÆ2
22,220,0,189,ŌłÆ9,676EŌłÆ2
22,237,0,189,ŌłÆ9,681EŌłÆ2
22,253,0,188,ŌłÆ9,539EŌłÆ2
22,270,0,188,ŌłÆ9,103EŌłÆ2
22,287,0,189,ŌłÆ8,812EŌłÆ2
22,304,0,189,ŌłÆ8,887EŌłÆ2
22,320,0,190,ŌłÆ9,252EŌłÆ2
22,337,0,190,ŌłÆ9,771EŌłÆ2
22,354,0,191,-0,102
22,370,0,191,-0,106
22,387,0,191,-0,107
22,404,0,190,-0,106
22,420,0,190,-0,103
22,437,0,189,ŌłÆ9,978EŌłÆ2
22,454,0,191,ŌłÆ9,480EŌłÆ2
22,470,0,191,ŌłÆ9,000EŌłÆ2
22,487,0,192,ŌłÆ8,669EŌłÆ2
22,504,0,192,ŌłÆ8,643EŌłÆ2
22,521,0,193,ŌłÆ8,719EŌłÆ2
22,537,0,193,ŌłÆ9,066EŌłÆ2
22,554,0,194,ŌłÆ9,344EŌłÆ2
22,571,0,194,ŌłÆ9,616EŌłÆ2
22,587,0,194,ŌłÆ9,899EŌłÆ2
22,604,0,194,ŌłÆ9,987EŌłÆ2
22,621,0,194,-0,100
22,637,0,194,-0,100
22,654,0,194,-0,101
22,671,0,194,-0,101
22,688,0,194,ŌłÆ9,888EŌłÆ2
22,704,0,194,ŌłÆ9,690EŌłÆ2
22,721,0,193,ŌłÆ9,610EŌłÆ2
22,738,0,193,ŌłÆ9,407EŌłÆ2
22,754,0,190,ŌłÆ9,071EŌłÆ2
22,771,0,194,ŌłÆ8,786EŌłÆ2
22,788,0,194,ŌłÆ8,611EŌłÆ2
22,804,0,194,ŌłÆ8,508EŌłÆ2
22,821,0,193,ŌłÆ8,714EŌłÆ2
22,838,0,193,ŌłÆ8,958EŌłÆ2
22,854,0,194,ŌłÆ9,225EŌłÆ2
22,871,0,194,ŌłÆ9,436EŌłÆ2
22,888,0,194,ŌłÆ9,540EŌłÆ2
22,905,0,194,ŌłÆ9,569EŌłÆ2
22,921,0,194,ŌłÆ9,464EŌłÆ2
22,938,0,193,ŌłÆ9,267EŌłÆ2
22,955,0,193,ŌłÆ8,799EŌłÆ2
22,971,0,193,ŌłÆ8,521EŌłÆ2
22,988,0,193,ŌłÆ8,254EŌłÆ2
23,005,0,194,ŌłÆ8,241EŌłÆ2
23,021,0,194,ŌłÆ8,495EŌłÆ2
23,038,0,195,ŌłÆ8,759EŌłÆ2
23,055,0,195,ŌłÆ8,968EŌłÆ2
23,071,0,196,ŌłÆ9,108EŌłÆ2
23,088,0,195,ŌłÆ9,314EŌłÆ2
23,105,0,195,ŌłÆ9,485EŌłÆ2
23,122,0,195,ŌłÆ9,619EŌłÆ2
23,138,0,195,ŌłÆ9,663EŌłÆ2
23,155,0,195,ŌłÆ9,727EŌłÆ2
23,172,0,195,ŌłÆ9,789EŌłÆ2
23,188,0,195,ŌłÆ9,806EŌłÆ2
23,205,0,195,ŌłÆ9,764EŌłÆ2
23,222,0,194,ŌłÆ9,850EŌłÆ2
23,238,0,194,ŌłÆ9,899EŌłÆ2
23,255,0,194,ŌłÆ9,921EŌłÆ2
23,272,0,194,ŌłÆ9,932EŌłÆ2
23,288,0,193,ŌłÆ9,939EŌłÆ2
23,305,0,193,ŌłÆ9,947EŌłÆ2
23,322,0,192,ŌłÆ9,874EŌłÆ2
23,339,0,192,ŌłÆ9,847EŌłÆ2
23,355,0,192,ŌłÆ9,834EŌłÆ2
23,372,0,191,ŌłÆ9,902EŌłÆ2
23,389,0,191,-0,100
23,405,0,191,-0,102
23,422,0,191,-0,102
23,439,0,191,-0,101
23,455,0,192,-0,101
23,472,0,192,-0,100
23,489,0,192,ŌłÆ9,905EŌłÆ2
23,506,0,192,ŌłÆ9,835EŌłÆ2
23,522,0,192,ŌłÆ9,753EŌłÆ2
23,539,0,192,ŌłÆ9,651EŌłÆ2
23,556,0,191,ŌłÆ9,496EŌłÆ2
23,572,0,191,ŌłÆ9,354EŌłÆ2
23,589,0,191,ŌłÆ9,287EŌłÆ2
23,606,0,191,ŌłÆ9,270EŌłÆ2
23,622,0,190,ŌłÆ9,252EŌłÆ2
23,639,0,191,ŌłÆ9,179EŌłÆ2
23,656,0,190,ŌłÆ9,201EŌłÆ2
23,672,0,190,ŌłÆ9,070EŌłÆ2
23,689,0,190,ŌłÆ9,119EŌłÆ2
23,706,0,190,ŌłÆ9,164EŌłÆ2
23,723,0,190,ŌłÆ9,519EŌłÆ2
23,739,0,190,ŌłÆ9,700EŌłÆ2
23,756,0,190,ŌłÆ9,796EŌłÆ2
23,773,0,190,ŌłÆ9,848EŌłÆ2
23,789,0,190,ŌłÆ9,809EŌłÆ2
23,806,0,189,ŌłÆ9,632EŌłÆ2
23,823,0,188,ŌłÆ9,394EŌłÆ2
23,839,0,189,ŌłÆ9,187EŌłÆ2
23,856,0,189,ŌłÆ8,918EŌłÆ2
23,873,0,190,ŌłÆ8,768EŌłÆ2
23,889,0,190,ŌłÆ8,776EŌłÆ2
23,906,0,190,ŌłÆ8,980EŌłÆ2
23,923,0,191,ŌłÆ9,184EŌłÆ2
23,940,0,191,ŌłÆ9,393EŌłÆ2
23,956,0,191,ŌłÆ9,595EŌłÆ2
23,973,0,191,ŌłÆ9,870EŌłÆ2
23,990,0,191,-0,101
24,006,0,192,-0,103
24,023,0,193,-0,103
24,040,0,192,-0,103
24,056,0,193,-0,102
24,073,0,193,ŌłÆ9,954EŌłÆ2
24,090,0,194,ŌłÆ9,659EŌłÆ2
24,107,0,194,ŌłÆ9,409EŌłÆ2
24,123,0,195,ŌłÆ9,236EŌłÆ2
24,140,0,195,ŌłÆ9,183EŌłÆ2
24,157,0,195,ŌłÆ9,227EŌłÆ2
24,173,0,195,ŌłÆ9,385EŌłÆ2
24,190,0,195,ŌłÆ9,516EŌłÆ2
24,207,0,195,ŌłÆ9,663EŌłÆ2
24,223,0,194,ŌłÆ9,820EŌłÆ2
24,240,0,194,ŌłÆ9,928EŌłÆ2
24,257,0,194,-0,100
24,273,0,194,-0,101
24,290,0,193,-0,102
24,307,0,193,-0,100
24,324,0,193,ŌłÆ9,599EŌłÆ2
24,340,0,193,ŌłÆ9,283EŌłÆ2
24,357,0,193,ŌłÆ9,081EŌłÆ2
24,374,0,193,ŌłÆ9,001EŌłÆ2
24,390,0,193,ŌłÆ8,946EŌłÆ2
24,407,0,194,ŌłÆ8,883EŌłÆ2
24,424,0,194,ŌłÆ8,830EŌłÆ2
24,440,0,193,ŌłÆ8,786EŌłÆ2
24,457,0,193,ŌłÆ8,699EŌłÆ2
24,474,0,194,ŌłÆ8,738EŌłÆ2
24,490,0,194,ŌłÆ8,824EŌłÆ2
24,507,0,193,ŌłÆ8,819EŌłÆ2
24,524,0,192,ŌłÆ8,797EŌłÆ2
24,541,0,192,ŌłÆ8,824EŌłÆ2
24,557,0,191,ŌłÆ9,141EŌłÆ2
24,574,0,191,ŌłÆ9,342EŌłÆ2
24,591,0,191,ŌłÆ9,529EŌłÆ2
24,607,0,193,ŌłÆ9,648EŌłÆ2
24,624,0,192,ŌłÆ9,775EŌłÆ2
24,641,0,192,ŌłÆ9,831EŌłÆ2
24,657,0,192,ŌłÆ9,833EŌłÆ2
24,674,0,191,ŌłÆ9,786EŌłÆ2
24,691,0,192,ŌłÆ9,741EŌłÆ2
24,708,0,191,ŌłÆ9,707EŌłÆ2
24,724,0,191,ŌłÆ9,802EŌłÆ2
24,741,0,191,ŌłÆ9,825EŌłÆ2
24,758,0,191,ŌłÆ9,843EŌłÆ2
24,774,0,190,ŌłÆ9,791EŌłÆ2
24,791,0,190,ŌłÆ9,770EŌłÆ2
24,808,0,190,ŌłÆ9,776EŌłÆ2
24,824,0,189,ŌłÆ9,846EŌłÆ2
24,841,0,189,ŌłÆ9,912EŌłÆ2
24,858,0,189,ŌłÆ9,959EŌłÆ2
24,874,0,189,ŌłÆ9,956EŌłÆ2
24,891,0,189,ŌłÆ9,879EŌłÆ2
24,908,0,189,ŌłÆ9,680EŌłÆ2
24,925,0,189,ŌłÆ9,439EŌłÆ2
24,941,0,189,ŌłÆ9,253EŌłÆ2
24,958,0,190,ŌłÆ9,156EŌłÆ2
24,975,0,190,ŌłÆ9,185EŌłÆ2
24,991,0,190,ŌłÆ9,263EŌłÆ2
25,008,0,190,ŌłÆ9,377EŌłÆ2
25,025,0,190,ŌłÆ9,448EŌłÆ2
25,041,0,189,ŌłÆ9,448EŌłÆ2
25,058,0,189,ŌłÆ9,297EŌłÆ2
25,075,0,189,ŌłÆ9,095EŌłÆ2
25,091,0,189,ŌłÆ9,034EŌłÆ2
25,108,0,189,ŌłÆ9,229EŌłÆ2
25,125,0,189,ŌłÆ9,534EŌłÆ2
25,142,0,190,ŌłÆ9,980EŌłÆ2
25,158,0,190,-0,103
25,175,0,189,-0,105
25,192,0,188,-0,104
25,208,0,188,-0,102
25,225,0,188,ŌłÆ9,848EŌłÆ2
25,242,0,189,ŌłÆ9,395EŌłÆ2
25,258,0,191,ŌłÆ8,835EŌłÆ2
25,275,0,191,ŌłÆ8,378EŌłÆ2
25,292,0,191,ŌłÆ8,135EŌłÆ2
25,309,0,191,ŌłÆ8,140EŌłÆ2
25,325,0,192,ŌłÆ8,514EŌłÆ2
25,342,0,190,ŌłÆ8,928EŌłÆ2
25,359,0,191,ŌłÆ9,391EŌłÆ2
25,375,0,191,ŌłÆ9,560EŌłÆ2
25,392,0,191,ŌłÆ9,592EŌłÆ2
25,409,0,191,ŌłÆ9,530EŌłÆ2
25,425,0,190,ŌłÆ9,457EŌłÆ2
25,442,0,190,ŌłÆ9,528EŌłÆ2
25,459,0,190,ŌłÆ9,736EŌłÆ2
25,475,0,190,ŌłÆ9,939EŌłÆ2
25,492,0,190,-0,100
25,509,0,190,ŌłÆ9,798EŌłÆ2
25,526,0,190,ŌłÆ9,490EŌłÆ2
25,542,0,190,ŌłÆ9,111EŌłÆ2
25,559,0,191,ŌłÆ8,765EŌłÆ2
25,576,0,192,ŌłÆ8,486EŌłÆ2
25,592,0,193,ŌłÆ8,358EŌłÆ2
25,609,0,193,ŌłÆ8,347EŌłÆ2
25,626,0,193,ŌłÆ8,414EŌłÆ2
25,642,0,193,ŌłÆ8,480EŌłÆ2
25,659,0,193,ŌłÆ8,545EŌłÆ2
25,676,0,192,ŌłÆ8,658EŌłÆ2
25,692,0,192,ŌłÆ8,803EŌłÆ2
25,709,0,192,ŌłÆ8,914EŌłÆ2
25,726,0,192,ŌłÆ9,005EŌłÆ2
25,743,0,192,ŌłÆ9,051EŌłÆ2
25,759,0,192,ŌłÆ9,132EŌłÆ2
25,776,0,192,ŌłÆ9,234EŌłÆ2
25,793,0,192,ŌłÆ9,307EŌłÆ2
25,809,0,191,ŌłÆ9,291EŌłÆ2
25,826,0,192,ŌłÆ9,076EŌłÆ2
25,843,0,192,ŌłÆ8,832EŌłÆ2
25,859,0,192,ŌłÆ8,660EŌłÆ2
25,876,0,193,ŌłÆ8,551EŌłÆ2
25,893,0,192,ŌłÆ8,449EŌłÆ2
25,909,0,192,ŌłÆ8,320EŌłÆ2
25,926,0,192,ŌłÆ8,201EŌłÆ2
25,943,0,192,ŌłÆ8,110EŌłÆ2
25,960,0,192,ŌłÆ8,078EŌłÆ2
25,976,0,192,ŌłÆ8,055EŌłÆ2
25,993,0,192,ŌłÆ8,078EŌłÆ2
26,010,0,192,ŌłÆ8,152EŌłÆ2
26,026,0,192,ŌłÆ8,428EŌłÆ2
26,043,0,193,ŌłÆ8,579EŌłÆ2
26,060,0,193,ŌłÆ8,774EŌłÆ2
26,076,0,194,ŌłÆ8,971EŌłÆ2
26,093,0,193,ŌłÆ9,053EŌłÆ2
26,110,0,193,ŌłÆ8,870EŌłÆ2
26,127,0,193,ŌłÆ8,600EŌłÆ2
26,143,0,193,ŌłÆ8,508EŌłÆ2
26,160,0,193,ŌłÆ8,468EŌłÆ2
26,177,0,193,ŌłÆ8,555EŌłÆ2
26,193,0,193,ŌłÆ8,651EŌłÆ2
26,210,0,193,ŌłÆ8,678EŌłÆ2
26,227,0,193,ŌłÆ8,675EŌłÆ2
26,243,0,193,ŌłÆ8,918EŌłÆ2
26,260,0,193,ŌłÆ8,974EŌłÆ2
26,277,0,193,ŌłÆ9,083EŌłÆ2
26,293,0,193,ŌłÆ9,240EŌłÆ2
26,310,0,193,ŌłÆ9,451EŌłÆ2
26,327,0,193,ŌłÆ9,619EŌłÆ2
26,344,0,192,ŌłÆ9,799EŌłÆ2
26,360,0,192,ŌłÆ9,900EŌłÆ2
26,377,0,191,ŌłÆ9,841EŌłÆ2
26,394,0,191,ŌłÆ9,630EŌłÆ2
26,410,0,190,ŌłÆ9,363EŌłÆ2
26,427,0,190,ŌłÆ9,116EŌłÆ2
26,444,0,190,ŌłÆ9,018EŌłÆ2
26,460,0,190,ŌłÆ9,046EŌłÆ2
26,477,0,190,ŌłÆ9,120EŌłÆ2
26,494,0,190,ŌłÆ9,394EŌłÆ2
26,510,0,190,ŌłÆ9,670EŌłÆ2
26,527,0,190,ŌłÆ9,944EŌłÆ2
26,544,0,190,-0,101
26,561,0,190,-0,102
26,577,0,190,ŌłÆ9,989EŌłÆ2
26,594,0,190,ŌłÆ9,471EŌłÆ2
26,611,0,190,ŌłÆ8,925EŌłÆ2
26,627,0,191,ŌłÆ8,508EŌłÆ2
26,644,0,191,ŌłÆ8,239EŌłÆ2
26,661,0,190,ŌłÆ8,144EŌłÆ2
26,677,0,190,ŌłÆ8,355EŌłÆ2
26,694,0,191,ŌłÆ8,564EŌłÆ2
26,711,0,190,ŌłÆ8,696EŌłÆ2
26,728,0,189,ŌłÆ8,872EŌłÆ2
26,744,0,189,ŌłÆ9,254EŌłÆ2
26,761,0,189,ŌłÆ9,759EŌłÆ2
26,778,0,190,-0,102
26,794,0,191,-0,105
26,811,0,191,-0,108
26,828,0,191,-0,109
26,844,0,190,-0,108
26,861,0,193,-0,103
26,878,0,193,ŌłÆ9,762EŌłÆ2
26,894,0,195,ŌłÆ9,247EŌłÆ2
26,911,0,194,ŌłÆ8,838EŌłÆ2
26,928,0,195,ŌłÆ8,751EŌłÆ2
26,945,0,194,ŌłÆ8,752EŌłÆ2
26,961,0,194,ŌłÆ9,079EŌłÆ2
26,978,0,194,ŌłÆ9,289EŌłÆ2
26,995,0,194,ŌłÆ9,319EŌłÆ2
27,011,0,193,ŌłÆ9,420EŌłÆ2
27,028,0,194,ŌłÆ9,310EŌłÆ2
27,045,0,193,ŌłÆ9,301EŌłÆ2
27,061,0,193,ŌłÆ9,344EŌłÆ2
27,078,0,193,ŌłÆ9,388EŌłÆ2
27,095,0,192,ŌłÆ9,522EŌłÆ2
27,111,0,190,ŌłÆ9,489EŌłÆ2
27,128,0,189,ŌłÆ9,321EŌłÆ2
27,145,0,187,ŌłÆ9,101EŌłÆ2
27,162,0,186,ŌłÆ8,978EŌłÆ2
27,178,0,185,ŌłÆ8,811EŌłÆ2
27,195,0,184,ŌłÆ8,741EŌłÆ2
27,212,0,183,ŌłÆ9,002EŌłÆ2
27,228,0,182,ŌłÆ9,224EŌłÆ2
27,245,0,182,ŌłÆ9,429EŌłÆ2
27,262,0,182,ŌłÆ9,635EŌłÆ2
27,278,0,181,ŌłÆ9,845EŌłÆ2
27,295,0,181,ŌłÆ9,992EŌłÆ2
27,312,0,180,-0,102
27,329,0,180,-0,104
27,345,0,179,-0,105
27,362,0,179,-0,107
27,379,0,178,-0,108
27,395,0,178,-0,108
27,412,0,177,-0,108
27,429,0,177,-0,106
27,445,0,178,-0,103
27,462,0,179,ŌłÆ9,779EŌłÆ2
27,479,0,181,ŌłÆ9,305EŌłÆ2
27,495,0,181,ŌłÆ9,006EŌłÆ2
27,512,0,180,ŌłÆ9,017EŌłÆ2
27,529,0,180,ŌłÆ9,430EŌłÆ2
27,546,0,181,-0,102
27,562,0,182,-0,108
27,579,0,182,-0,109
27,596,0,182,-0,107
27,612,0,183,-0,105
27,629,0,185,ŌłÆ9,737EŌłÆ2
27,646,0,187,ŌłÆ9,033EŌłÆ2
27,662,0,188,ŌłÆ8,407EŌłÆ2
27,679,0,188,ŌłÆ8,195EŌłÆ2
27,696,0,188,ŌłÆ8,186EŌłÆ2
27,712,0,189,ŌłÆ8,286EŌłÆ2
27,729,0,188,ŌłÆ8,571EŌłÆ2
27,746,0,188,ŌłÆ8,947EŌłÆ2
27,763,0,188,ŌłÆ9,393EŌłÆ2
27,779,0,189,ŌłÆ9,630EŌłÆ2
27,796,0,189,ŌłÆ9,796EŌłÆ2
27,813,0,188,ŌłÆ9,762EŌłÆ2
27,829,0,189,ŌłÆ9,639EŌłÆ2
27,846,0,191,ŌłÆ9,190EŌłÆ2
27,863,0,192,ŌłÆ8,910EŌłÆ2
27,879,0,192,ŌłÆ8,708EŌłÆ2
27,896,0,192,ŌłÆ8,650EŌłÆ2
27,913,0,192,ŌłÆ8,612EŌłÆ2
27,929,0,192,ŌłÆ8,650EŌłÆ2
27,946,0,192,ŌłÆ8,790EŌłÆ2
27,963,0,192,ŌłÆ9,126EŌłÆ2
27,980,0,192,ŌłÆ9,337EŌłÆ2
27,996,0,191,ŌłÆ9,474EŌłÆ2
28,013,0,191,ŌłÆ9,344EŌłÆ2
28,030,0,190,ŌłÆ9,143EŌłÆ2
28,046,0,190,ŌłÆ9,105EŌłÆ2
28,063,0,189,ŌłÆ9,166EŌłÆ2
28,080,0,189,ŌłÆ9,414EŌłÆ2
28,096,0,188,ŌłÆ9,493EŌłÆ2
28,113,0,187,ŌłÆ9,432EŌłÆ2
28,130,0,186,ŌłÆ9,390EŌłÆ2
28,147,0,186,ŌłÆ9,236EŌłÆ2
28,163,0,186,ŌłÆ8,971EŌłÆ2
28,180,0,186,ŌłÆ8,737EŌłÆ2
28,197,0,186,ŌłÆ8,638EŌłÆ2
28,213,0,186,ŌłÆ8,603EŌłÆ2
28,230,0,186,ŌłÆ8,674EŌłÆ2
28,247,0,186,ŌłÆ8,835EŌłÆ2
28,263,0,186,ŌłÆ8,981EŌłÆ2
28,280,0,186,ŌłÆ9,115EŌłÆ2
28,297,0,186,ŌłÆ9,221EŌłÆ2
28,313,0,186,ŌłÆ9,258EŌłÆ2
28,330,0,185,ŌłÆ9,417EŌłÆ2
28,347,0,185,ŌłÆ9,599EŌłÆ2
28,364,0,184,ŌłÆ9,834EŌłÆ2
28,380,0,183,-0,101
28,397,0,182,-0,103
28,414,0,181,-0,103
28,430,0,181,-0,101
28,447,0,181,ŌłÆ9,861EŌłÆ2
28,464,0,182,ŌłÆ9,180EŌłÆ2
28,480,0,186,ŌłÆ8,686EŌłÆ2
28,497,0,185,ŌłÆ8,509EŌłÆ2
28,514,0,185,ŌłÆ8,784EŌłÆ2
28,530,0,185,ŌłÆ9,258EŌłÆ2
28,547,0,185,ŌłÆ9,741EŌłÆ2
28,564,0,185,-0,101
28,581,0,184,-0,102
28,597,0,185,ŌłÆ9,864EŌłÆ2
28,614,0,187,ŌłÆ9,246EŌłÆ2
28,631,0,188,ŌłÆ8,379EŌłÆ2
28,647,0,188,ŌłÆ8,043EŌłÆ2
28,664,0,188,ŌłÆ7,977EŌłÆ2
28,681,0,187,ŌłÆ8,149EŌłÆ2
28,697,0,188,ŌłÆ8,584EŌłÆ2
28,714,0,188,ŌłÆ9,071EŌłÆ2
28,731,0,189,ŌłÆ9,433EŌłÆ2
28,748,0,189,ŌłÆ9,529EŌłÆ2
28,764,0,189,ŌłÆ9,452EŌłÆ2
28,781,0,189,ŌłÆ9,308EŌłÆ2
28,798,0,190,ŌłÆ9,155EŌłÆ2
28,814,0,191,ŌłÆ9,045EŌłÆ2
28,831,0,191,ŌłÆ9,105EŌłÆ2
28,848,0,192,ŌłÆ9,178EŌłÆ2
28,864,0,192,ŌłÆ9,303EŌłÆ2
28,881,0,192,ŌłÆ9,384EŌłÆ2
28,898,0,192,ŌłÆ9,382EŌłÆ2
28,914,0,192,ŌłÆ9,348EŌłÆ2
28,931,0,193,ŌłÆ9,272EŌłÆ2
28,948,0,193,ŌłÆ9,174EŌłÆ2
28,965,0,193,ŌłÆ9,207EŌłÆ2
28,981,0,192,ŌłÆ9,404EŌłÆ2
28,998,0,192,ŌłÆ9,653EŌłÆ2
29,015,0,191,ŌłÆ9,954EŌłÆ2
29,031,0,191,-0,103
29,048,0,190,-0,104
29,065,0,190,-0,104
29,081,0,190,-0,101
29,098,0,191,ŌłÆ9,810EŌłÆ2
29,115,0,191,ŌłÆ9,759EŌłÆ2
29,131,0,191,ŌłÆ9,815EŌłÆ2
29,148,0,191,ŌłÆ9,850EŌłÆ2
29,165,0,191,ŌłÆ9,784EŌłÆ2
29,182,0,191,ŌłÆ9,553EŌłÆ2
29,198,0,192,ŌłÆ9,273EŌłÆ2
29,215,0,192,ŌłÆ8,898EŌłÆ2
29,232,0,192,ŌłÆ8,693EŌłÆ2
29,248,0,192,ŌłÆ8,365EŌłÆ2
29,265,0,192,ŌłÆ8,291EŌłÆ2
29,282,0,192,ŌłÆ8,547EŌłÆ2
29,298,0,193,ŌłÆ8,644EŌłÆ2
29,315,0,193,ŌłÆ8,819EŌłÆ2
29,332,0,192,ŌłÆ8,886EŌłÆ2
29,349,0,192,ŌłÆ8,813EŌłÆ2
29,365,0,191,ŌłÆ8,803EŌłÆ2
29,382,0,191,ŌłÆ8,723EŌłÆ2
29,399,0,191,ŌłÆ8,683EŌłÆ2
29,415,0,191,ŌłÆ8,888EŌłÆ2
29,432,0,192,ŌłÆ9,139EŌłÆ2
29,449,0,192,ŌłÆ9,310EŌłÆ2
29,465,0,192,ŌłÆ9,370EŌłÆ2
29,482,0,192,ŌłÆ9,019EŌłÆ2
29,499,0,192,ŌłÆ8,812EŌłÆ2
29,515,0,193,ŌłÆ8,727EŌłÆ2
29,532,0,192,ŌłÆ8,597EŌłÆ2
29,549,0,192,ŌłÆ8,547EŌłÆ2
29,566,0,191,ŌłÆ8,529EŌłÆ2
29,582,0,190,ŌłÆ8,562EŌłÆ2
29,599,0,190,ŌłÆ8,635EŌłÆ2
29,616,0,190,ŌłÆ8,755EŌłÆ2
29,632,0,191,ŌłÆ9,025EŌłÆ2
29,649,0,192,ŌłÆ9,402EŌłÆ2
29,666,0,192,ŌłÆ9,636EŌłÆ2
29,682,0,192,ŌłÆ9,692EŌłÆ2
29,699,0,192,ŌłÆ9,645EŌłÆ2
29,716,0,193,ŌłÆ9,635EŌłÆ2
29,732,0,193,ŌłÆ9,623EŌłÆ2
29,749,0,193,ŌłÆ9,604EŌłÆ2
29,766,0,193,ŌłÆ9,593EŌłÆ2
29,783,0,193,ŌłÆ9,591EŌłÆ2
29,799,0,193,ŌłÆ9,573EŌłÆ2
29,816,0,192,ŌłÆ9,499EŌłÆ2
29,833,0,192,ŌłÆ9,359EŌłÆ2
29,849,0,191,ŌłÆ9,276EŌłÆ2
29,866,0,191,ŌłÆ9,181EŌłÆ2
29,883,0,190,ŌłÆ9,191EŌłÆ2
29,899,0,188,ŌłÆ9,227EŌłÆ2
29,916,0,186,ŌłÆ9,169EŌłÆ2
29,933,0,185,ŌłÆ9,157EŌłÆ2
29,950,0,184,ŌłÆ9,186EŌłÆ2
29,966,0,182,ŌłÆ9,169EŌłÆ2
29,983,0,181,ŌłÆ9,180EŌłÆ2
30,000,0,181,ŌłÆ9,207EŌłÆ2
30,016,0,181,ŌłÆ9,148EŌłÆ2
30,033,0,179,ŌłÆ8,969EŌłÆ2
30,050,0,179,ŌłÆ8,764EŌłÆ2
30,066,0,180,ŌłÆ8,374EŌłÆ2
30,083,0,178,ŌłÆ8,183EŌłÆ2
30,100,0,179,ŌłÆ8,243EŌłÆ2
30,116,0,179,ŌłÆ8,443EŌłÆ2
30,133,0,179,ŌłÆ8,756EŌłÆ2
30,150,0,179,ŌłÆ9,042EŌłÆ2
30,167,0,179,ŌłÆ9,458EŌłÆ2
30,183,0,180,ŌłÆ9,931EŌłÆ2
30,200,0,181,-0,105
30,217,0,181,-0,109
30,233,0,180,-0,112
30,250,0,180,-0,112
30,267,0,180,-0,109
30,283,0,182,-0,104
30,300,0,186,ŌłÆ9,763EŌłÆ2
30,317,0,187,ŌłÆ9,355EŌłÆ2
30,333,0,187,ŌłÆ9,286EŌłÆ2
30,350,0,186,ŌłÆ9,559EŌłÆ2
30,367,0,186,ŌłÆ9,835EŌłÆ2
30,384,0,186,ŌłÆ9,970EŌłÆ2
30,400,0,186,ŌłÆ9,964EŌłÆ2
30,417,0,186,ŌłÆ9,851EŌłÆ2
30,434,0,186,ŌłÆ9,623EŌłÆ2
30,450,0,186,ŌłÆ9,321EŌłÆ2
30,467,0,186,ŌłÆ9,044EŌłÆ2
30,484,0,187,ŌłÆ8,952EŌłÆ2
30,500,0,187,ŌłÆ9,057EŌłÆ2
30,517,0,187,ŌłÆ9,280EŌłÆ2
30,534,0,187,ŌłÆ9,587EŌłÆ2
30,550,0,186,ŌłÆ9,762EŌłÆ2
30,567,0,186,ŌłÆ9,824EŌłÆ2
30,584,0,185,ŌłÆ9,821EŌłÆ2
30,601,0,185,ŌłÆ9,659EŌłÆ2
30,617,0,185,ŌłÆ9,368EŌłÆ2
30,634,0,184,ŌłÆ9,216EŌłÆ2
30,651,0,183,ŌłÆ9,396EŌłÆ2
30,667,0,183,ŌłÆ9,803EŌłÆ2
30,684,0,183,-0,103
30,701,0,182,-0,107
30,717,0,182,-0,109
30,734,0,182,-0,110
30,751,0,182,-0,107
30,768,0,184,-0,104
30,784,0,184,ŌłÆ9,667EŌłÆ2
30,801,0,181,ŌłÆ8,849EŌłÆ2
30,818,0,185,ŌłÆ8,503EŌłÆ2
30,834,0,193,ŌłÆ8,320EŌłÆ2
30,851,0,190,ŌłÆ7,921EŌłÆ2
30,868,0,189,ŌłÆ7,986EŌłÆ2
30,884,0,189,ŌłÆ8,189EŌłÆ2
30,901,0,189,ŌłÆ8,477EŌłÆ2
30,918,0,190,ŌłÆ8,630EŌłÆ2
30,934,0,189,ŌłÆ8,770EŌłÆ2
30,951,0,189,ŌłÆ8,740EŌłÆ2
30,968,0,188,ŌłÆ8,604EŌłÆ2
30,985,0,188,ŌłÆ8,525EŌłÆ2
31,001,0,188,ŌłÆ8,450EŌłÆ2
31,018,0,187,ŌłÆ8,562EŌłÆ2
31,035,0,189,ŌłÆ9,049EŌłÆ2
31,051,0,189,ŌłÆ9,452EŌłÆ2
31,068,0,189,ŌłÆ9,751EŌłÆ2
31,085,0,190,-0,102
31,101,0,190,-0,104
31,118,0,190,-0,105
31,135,0,190,-0,104
31,151,0,189,-0,104
31,168,0,189,-0,100
31,185,0,190,ŌłÆ9,542EŌłÆ2
31,202,0,189,ŌłÆ9,315EŌłÆ2
31,218,0,188,ŌłÆ9,158EŌłÆ2
31,235,0,188,ŌłÆ9,298EŌłÆ2
31,252,0,188,ŌłÆ9,848EŌłÆ2
31,268,0,190,-0,103
31,285,0,190,-0,107
31,302,0,190,-0,107
31,318,0,191,-0,101
31,335,0,192,ŌłÆ9,595EŌłÆ2
31,352,0,193,ŌłÆ9,212EŌłÆ2
31,369,0,193,ŌłÆ8,829EŌłÆ2
31,385,0,191,ŌłÆ8,560EŌłÆ2
31,402,0,191,ŌłÆ8,291EŌłÆ2
31,419,0,191,ŌłÆ7,963EŌłÆ2
31,435,0,190,ŌłÆ7,964EŌłÆ2
31,452,0,189,ŌłÆ8,043EŌłÆ2
31,469,0,190,ŌłÆ8,127EŌłÆ2
31,485,0,189,ŌłÆ8,418EŌłÆ2
31,502,0,189,ŌłÆ8,622EŌłÆ2
31,519,0,189,ŌłÆ8,755EŌłÆ2
31,535,0,189,ŌłÆ8,903EŌłÆ2
31,552,0,189,ŌłÆ9,193EŌłÆ2
31,569,0,189,ŌłÆ9,363EŌłÆ2
31,586,0,189,ŌłÆ9,605EŌłÆ2
31,602,0,189,ŌłÆ9,933EŌłÆ2
31,619,0,188,-0,102
31,636,0,188,-0,103
31,652,0,187,-0,102
31,669,0,186,ŌłÆ9,871EŌłÆ2
31,686,0,188,ŌłÆ9,475EŌłÆ2
31,702,0,186,ŌłÆ9,069EŌłÆ2
31,719,0,185,ŌłÆ8,522EŌłÆ2
31,736,0,188,ŌłÆ8,166EŌłÆ2
31,752,0,188,ŌłÆ8,275EŌłÆ2
31,769,0,188,ŌłÆ8,352EŌłÆ2
31,786,0,188,ŌłÆ8,617EŌłÆ2
31,803,0,189,ŌłÆ8,964EŌłÆ2
31,819,0,189,ŌłÆ9,497EŌłÆ2
31,836,0,188,ŌłÆ9,619EŌłÆ2
31,853,0,188,ŌłÆ9,348EŌłÆ2
31,869,0,188,ŌłÆ8,736EŌłÆ2
31,886,0,189,ŌłÆ7,960EŌłÆ2
31,903,0,188,ŌłÆ7,449EŌłÆ2
31,919,0,186,ŌłÆ7,165EŌłÆ2
31,936,0,186,ŌłÆ7,140EŌłÆ2
31,953,0,185,ŌłÆ7,493EŌłÆ2
31,970,0,186,ŌłÆ7,782EŌłÆ2
31,986,0,187,ŌłÆ8,196EŌłÆ2
32,003,0,187,ŌłÆ8,745EŌłÆ2
32,020,0,188,ŌłÆ9,344EŌłÆ2
32,036,0,188,ŌłÆ9,767EŌłÆ2
32,053,0,187,-0,101
32,070,0,187,-0,103
32,086,0,186,-0,103
32,103,0,186,-0,102
32,120,0,185,-0,100
32,136,0,185,ŌłÆ9,781EŌłÆ2
32,153,0,185,ŌłÆ9,574EŌłÆ2
32,170,0,185,ŌłÆ9,419EŌłÆ2
32,187,0,185,ŌłÆ9,350EŌłÆ2
32,203,0,184,ŌłÆ9,251EŌłÆ2
32,220,0,183,ŌłÆ9,155EŌłÆ2
32,237,0,183,ŌłÆ9,154EŌłÆ2
32,253,0,183,ŌłÆ9,357EŌłÆ2
32,270,0,184,ŌłÆ9,761EŌłÆ2
32,287,0,183,-0,101
32,303,0,183,-0,101
32,320,0,183,ŌłÆ9,749EŌłÆ2
32,337,0,184,ŌłÆ9,332EŌłÆ2
32,353,0,184,ŌłÆ8,778EŌłÆ2
32,370,0,183,ŌłÆ8,172EŌłÆ2
32,387,0,182,ŌłÆ7,633EŌłÆ2
32,404,0,180,ŌłÆ7,466EŌłÆ2
32,420,0,178,ŌłÆ7,650EŌłÆ2
32,437,0,177,ŌłÆ7,992EŌłÆ2
32,454,0,177,ŌłÆ8,472EŌłÆ2
32,470,0,171,-0,105
32,487,0,184,-0,104
32,504,0,185,-0,113
32,520,0,185,-0,114
32,537,0,185,-0,112
32,554,0,186,-0,108
32,571,0,187,-0,104
32,587,0,187,ŌłÆ9,906EŌłÆ2
32,604,0,188,ŌłÆ9,545EŌłÆ2
32,621,0,189,ŌłÆ9,209EŌłÆ2
32,637,0,188,ŌłÆ8,942EŌłÆ2
32,654,0,187,ŌłÆ8,870EŌłÆ2
32,671,0,187,ŌłÆ8,860EŌłÆ2
32,687,0,186,ŌłÆ9,009EŌłÆ2
32,704,0,185,ŌłÆ8,946EŌłÆ2
32,721,0,184,ŌłÆ8,734EŌłÆ2
32,737,0,185,ŌłÆ8,317EŌłÆ2
32,754,0,184,ŌłÆ8,082EŌłÆ2
32,771,0,183,ŌłÆ8,102EŌłÆ2
32,788,0,183,ŌłÆ8,320EŌłÆ2
32,804,0,185,ŌłÆ8,899EŌłÆ2
32,821,0,188,ŌłÆ9,650EŌłÆ2
32,838,0,188,-0,101
32,854,0,188,-0,101
32,871,0,188,-0,100
32,888,0,188,ŌłÆ9,636EŌłÆ2
32,904,0,189,ŌłÆ9,070EŌłÆ2
32,921,0,191,ŌłÆ8,589EŌłÆ2
32,938,0,190,ŌłÆ8,186EŌłÆ2
32,954,0,190,ŌłÆ7,903EŌłÆ2
32,971,0,191,ŌłÆ7,898EŌłÆ2
32,988,0,190,ŌłÆ8,152EŌłÆ2
33,005,0,190,ŌłÆ8,377EŌłÆ2
33,021,0,190,ŌłÆ8,594EŌłÆ2
33,038,0,190,ŌłÆ8,803EŌłÆ2
33,055,0,190,ŌłÆ8,905EŌłÆ2
33,071,0,190,ŌłÆ8,828EŌłÆ2
33,088,0,190,ŌłÆ8,818EŌłÆ2
33,105,0,190,ŌłÆ8,894EŌłÆ2
33,121,0,190,ŌłÆ8,983EŌłÆ2
33,138,0,190,ŌłÆ9,023EŌłÆ2
33,155,0,190,ŌłÆ8,956EŌłÆ2
33,171,0,189,ŌłÆ8,975EŌłÆ2
33,188,0,190,ŌłÆ9,026EŌłÆ2
33,205,0,190,ŌłÆ9,068EŌłÆ2
33,222,0,189,ŌłÆ9,215EŌłÆ2
33,238,0,189,ŌłÆ9,231EŌłÆ2
33,255,0,189,ŌłÆ9,106EŌłÆ2
33,272,0,189,ŌłÆ9,014EŌłÆ2
33,288,0,189,ŌłÆ9,016EŌłÆ2
33,305,0,189,ŌłÆ9,280EŌłÆ2
33,322,0,189,ŌłÆ9,761EŌłÆ2
33,338,0,189,-0,102
33,355,0,189,-0,106
33,372,0,188,-0,108
33,389,0,188,-0,108
33,405,0,188,-0,107
33,422,0,189,-0,105
33,439,0,190,-0,102
33,455,0,191,ŌłÆ9,861EŌłÆ2
33,472,0,192,ŌłÆ9,563EŌłÆ2
33,489,0,193,ŌłÆ9,350EŌłÆ2
33,505,0,194,ŌłÆ9,210EŌłÆ2
33,522,0,194,ŌłÆ9,201EŌłÆ2
33,539,0,194,ŌłÆ9,315EŌłÆ2
33,555,0,194,ŌłÆ9,536EŌłÆ2
33,572,0,194,ŌłÆ9,820EŌłÆ2
33,589,0,194,ŌłÆ9,997EŌłÆ2
33,606,0,194,ŌłÆ9,969EŌłÆ2
33,622,0,194,ŌłÆ9,867EŌłÆ2
33,639,0,194,ŌłÆ9,832EŌłÆ2
33,656,0,194,ŌłÆ9,855EŌłÆ2
33,672,0,193,ŌłÆ9,857EŌłÆ2
33,689,0,193,ŌłÆ9,843EŌłÆ2
33,706,0,193,ŌłÆ9,762EŌłÆ2
33,722,0,193,ŌłÆ9,630EŌłÆ2
33,739,0,192,ŌłÆ9,478EŌłÆ2
33,756,0,191,ŌłÆ9,349EŌłÆ2
33,772,0,192,ŌłÆ9,124EŌłÆ2
33,789,0,192,ŌłÆ9,065EŌłÆ2
33,806,0,192,ŌłÆ9,032EŌłÆ2
33,823,0,191,ŌłÆ9,002EŌłÆ2
33,839,0,191,ŌłÆ8,977EŌłÆ2
33,856,0,191,ŌłÆ9,075EŌłÆ2
33,873,0,191,ŌłÆ9,156EŌłÆ2
33,889,0,191,ŌłÆ9,307EŌłÆ2
33,906,0,191,ŌłÆ9,478EŌłÆ2
33,923,0,191,ŌłÆ9,652EŌłÆ2
33,939,0,190,ŌłÆ9,718EŌłÆ2
33,956,0,190,ŌłÆ9,762EŌłÆ2
33,973,0,190,ŌłÆ9,796EŌłÆ2
33,990,0,190,ŌłÆ9,864EŌłÆ2
34,006,0,190,ŌłÆ9,934EŌłÆ2
34,023,0,190,ŌłÆ9,992EŌłÆ2
34,040,0,190,ŌłÆ9,909EŌłÆ2
34,056,0,191,ŌłÆ9,779EŌłÆ2
34,073,0,191,ŌłÆ9,655EŌłÆ2
34,090,0,191,ŌłÆ9,587EŌłÆ2
34,106,0,191,ŌłÆ9,606EŌłÆ2
34,123,0,191,ŌłÆ9,620EŌłÆ2
34,140,0,191,ŌłÆ9,661EŌłÆ2
34,156,0,191,ŌłÆ9,752EŌłÆ2
34,173,0,191,ŌłÆ9,925EŌłÆ2
34,190,0,190,-0,100
34,207,0,190,ŌłÆ9,828EŌłÆ2
34,223,0,190,ŌłÆ9,423EŌłÆ2
34,240,0,190,ŌłÆ9,273EŌłÆ2
34,257,0,190,ŌłÆ9,380EŌłÆ2
34,273,0,191,ŌłÆ9,616EŌłÆ2
34,290,0,190,ŌłÆ9,852EŌłÆ2
34,307,0,190,-0,100
34,323,0,189,-0,101
34,340,0,189,ŌłÆ9,892EŌłÆ2
34,357,0,189,ŌłÆ9,274EŌłÆ2
34,373,0,190,ŌłÆ8,791EŌłÆ2
34,390,0,188,ŌłÆ8,540EŌłÆ2
34,407,0,188,ŌłÆ8,408EŌłÆ2
34,424,0,188,ŌłÆ8,472EŌłÆ2
34,440,0,188,ŌłÆ8,644EŌłÆ2
34,457,0,189,ŌłÆ8,881EŌłÆ2
34,474,0,190,ŌłÆ8,906EŌłÆ2
34,490,0,190,ŌłÆ8,848EŌłÆ2
34,507,0,189,ŌłÆ8,762EŌłÆ2
34,524,0,188,ŌłÆ8,552EŌłÆ2
34,540,0,188,ŌłÆ8,456EŌłÆ2
34,557,0,187,ŌłÆ8,556EŌłÆ2
34,574,0,187,ŌłÆ8,835EŌłÆ2
34,591,0,189,ŌłÆ9,276EŌłÆ2
34,607,0,189,ŌłÆ9,620EŌłÆ2
34,624,0,189,-0,100
34,641,0,189,-0,102
34,657,0,189,-0,103
34,674,0,188,-0,104
34,691,0,189,-0,103
34,707,0,189,-0,100
34,724,0,188,ŌłÆ9,979EŌłÆ2
34,741,0,188,-0,103
34,757,0,187,-0,107
34,774,0,188,-0,110
34,791,0,188,-0,111
34,808,0,188,-0,110
34,824,0,188,-0,109
34,841,0,188,-0,107
34,858,0,189,-0,104
34,874,0,189,ŌłÆ9,943EŌłÆ2
34,891,0,191,ŌłÆ9,520EŌłÆ2
34,908,0,191,ŌłÆ8,978EŌłÆ2
34,924,0,193,ŌłÆ8,628EŌłÆ2
34,941,0,192,ŌłÆ8,483EŌłÆ2
34,958,0,192,ŌłÆ8,619EŌłÆ2
34,974,0,191,ŌłÆ8,994EŌłÆ2
34,991,0,191,ŌłÆ9,267EŌłÆ2
35,008,0,192,ŌłÆ9,389EŌłÆ2
35,025,0,191,ŌłÆ9,384EŌłÆ2
35,041,0,190,ŌłÆ9,184EŌłÆ2
35,058,0,191,ŌłÆ9,040EŌłÆ2
35,075,0,191,ŌłÆ8,888EŌłÆ2
35,091,0,191,ŌłÆ8,850EŌłÆ2
35,108,0,191,ŌłÆ8,840EŌłÆ2
35,125,0,190,ŌłÆ8,874EŌłÆ2
35,141,0,190,ŌłÆ8,876EŌłÆ2
35,158,0,189,ŌłÆ8,861EŌłÆ2
35,175,0,188,ŌłÆ9,023EŌłÆ2
35,192,0,188,ŌłÆ9,061EŌłÆ2
35,208,0,187,ŌłÆ9,108EŌłÆ2
35,225,0,187,ŌłÆ9,223EŌłÆ2
35,242,0,187,ŌłÆ9,300EŌłÆ2
35,258,0,186,ŌłÆ9,475EŌłÆ2
35,275,0,185,ŌłÆ9,729EŌłÆ2
35,292,0,186,-0,101
35,308,0,187,-0,108
35,325,0,186,-0,112
35,342,0,186,-0,113
35,358,0,185,-0,112
35,375,0,185,-0,109
35,392,0,187,-0,104
35,409,0,188,ŌłÆ9,836EŌłÆ2
35,425,0,190,ŌłÆ9,032EŌłÆ2
35,442,0,190,ŌłÆ8,480EŌłÆ2
35,459,0,190,ŌłÆ8,271EŌłÆ2
35,475,0,189,ŌłÆ8,156EŌłÆ2
35,492,0,187,ŌłÆ8,254EŌłÆ2
35,509,0,188,ŌłÆ8,216EŌłÆ2
35,525,0,187,ŌłÆ8,319EŌłÆ2
35,542,0,187,ŌłÆ8,725EŌłÆ2
35,559,0,188,ŌłÆ9,051EŌłÆ2
35,575,0,190,ŌłÆ9,458EŌłÆ2
35,592,0,191,ŌłÆ9,812EŌłÆ2
35,609,0,191,ŌłÆ9,844EŌłÆ2
35,626,0,191,ŌłÆ9,552EŌłÆ2
35,642,0,192,ŌłÆ9,400EŌłÆ2
35,659,0,192,ŌłÆ9,056EŌłÆ2
35,676,0,193,ŌłÆ8,698EŌłÆ2
35,692,0,193,ŌłÆ8,589EŌłÆ2
35,709,0,192,ŌłÆ8,602EŌłÆ2
35,726,0,191,ŌłÆ8,734EŌłÆ2
35,742,0,192,ŌłÆ8,944EŌłÆ2
35,759,0,192,ŌłÆ9,283EŌłÆ2
35,776,0,192,ŌłÆ9,635EŌłÆ2
35,792,0,191,ŌłÆ9,710EŌłÆ2
35,809,0,191,ŌłÆ9,562EŌłÆ2
35,826,0,191,ŌłÆ9,292EŌłÆ2
35,843,0,191,ŌłÆ8,980EŌłÆ2
35,859,0,192,ŌłÆ8,645EŌłÆ2
35,876,0,192,ŌłÆ8,427EŌłÆ2
35,893,0,192,ŌłÆ8,303EŌłÆ2
35,909,0,192,ŌłÆ8,133EŌłÆ2
35,926,0,192,ŌłÆ7,891EŌłÆ2
35,943,0,192,ŌłÆ7,594EŌłÆ2
35,959,0,191,ŌłÆ7,349EŌłÆ2
35,976,0,191,ŌłÆ7,178EŌłÆ2
35,993,0,191,ŌłÆ7,144EŌłÆ2
36,010,0,191,ŌłÆ7,311EŌłÆ2
36,026,0,192,ŌłÆ7,649EŌłÆ2
36,043,0,192,ŌłÆ7,959EŌłÆ2
36,060,0,193,ŌłÆ8,334EŌłÆ2
36,076,0,193,ŌłÆ8,541EŌłÆ2
36,093,0,193,ŌłÆ8,671EŌłÆ2
36,110,0,192,ŌłÆ8,785EŌłÆ2
36,126,0,192,ŌłÆ8,891EŌłÆ2
36,143,0,192,ŌłÆ9,035EŌłÆ2
36,160,0,192,ŌłÆ9,150EŌłÆ2
36,176,0,192,ŌłÆ9,035EŌłÆ2
36,193,0,192,ŌłÆ8,795EŌłÆ2
36,210,0,192,ŌłÆ8,697EŌłÆ2
36,227,0,192,ŌłÆ8,730EŌłÆ2
36,243,0,192,ŌłÆ8,804EŌłÆ2
36,260,0,192,ŌłÆ8,939EŌłÆ2
36,277,0,191,ŌłÆ9,111EŌłÆ2
36,293,0,191,ŌłÆ9,296EŌłÆ2
36,310,0,191,ŌłÆ9,431EŌłÆ2
36,327,0,191,ŌłÆ9,643EŌłÆ2
36,343,0,191,ŌłÆ9,922EŌłÆ2
36,360,0,190,-0,101
36,377,0,190,-0,102
36,393,0,190,-0,103
36,410,0,189,-0,103
36,427,0,189,-0,102
36,444,0,189,ŌłÆ9,917EŌłÆ2
36,460,0,191,ŌłÆ9,632EŌłÆ2
36,477,0,191,ŌłÆ9,150EŌłÆ2
36,494,0,193,ŌłÆ8,740EŌłÆ2
36,510,0,192,ŌłÆ8,612EŌłÆ2
36,527,0,192,ŌłÆ8,820EŌłÆ2
36,544,0,192,ŌłÆ9,057EŌłÆ2
36,560,0,192,ŌłÆ9,156EŌłÆ2
36,577,0,192,ŌłÆ9,149EŌłÆ2
36,594,0,192,ŌłÆ9,120EŌłÆ2
36,611,0,192,ŌłÆ9,120EŌłÆ2
36,627,0,192,ŌłÆ9,207EŌłÆ2
36,644,0,192,ŌłÆ9,306EŌłÆ2
36,661,0,191,ŌłÆ9,347EŌłÆ2
36,677,0,191,ŌłÆ9,406EŌłÆ2
36,694,0,190,ŌłÆ9,518EŌłÆ2
36,711,0,190,ŌłÆ9,658EŌłÆ2
36,727,0,189,ŌłÆ9,829EŌłÆ2
36,744,0,189,ŌłÆ9,994EŌłÆ2
36,761,0,190,-0,100
36,777,0,190,ŌłÆ9,969EŌłÆ2
36,794,0,191,ŌłÆ9,858EŌłÆ2
36,811,0,191,ŌłÆ9,748EŌłÆ2
36,828,0,191,ŌłÆ9,755EŌłÆ2
36,844,0,191,ŌłÆ9,794EŌłÆ2
36,861,0,191,ŌłÆ9,845EŌłÆ2
36,878,0,191,ŌłÆ9,830EŌłÆ2
36,894,0,191,ŌłÆ9,751EŌłÆ2
36,911,0,191,ŌłÆ9,658EŌłÆ2
36,928,0,191,ŌłÆ9,525EŌłÆ2
36,944,0,191,ŌłÆ9,444EŌłÆ2
36,961,0,190,ŌłÆ9,391EŌłÆ2
36,978,0,190,ŌłÆ9,347EŌłÆ2
36,994,0,190,ŌłÆ9,445EŌłÆ2
37,011,0,190,ŌłÆ9,589EŌłÆ2
37,028,0,190,ŌłÆ9,767EŌłÆ2
37,045,0,189,ŌłÆ9,730EŌłÆ2
37,061,0,189,ŌłÆ9,414EŌłÆ2
37,078,0,189,ŌłÆ9,112EŌłÆ2
37,095,0,189,ŌłÆ8,842EŌłÆ2
37,111,0,189,ŌłÆ8,593EŌłÆ2
37,128,0,188,ŌłÆ8,571EŌłÆ2
37,145,0,188,ŌłÆ8,647EŌłÆ2
37,161,0,188,ŌłÆ8,808EŌłÆ2
37,178,0,187,ŌłÆ8,948EŌłÆ2
37,195,0,188,ŌłÆ9,118EŌłÆ2
37,212,0,187,ŌłÆ9,114EŌłÆ2
37,228,0,188,ŌłÆ9,023EŌłÆ2
37,245,0,188,ŌłÆ9,015EŌłÆ2
37,262,0,187,ŌłÆ9,072EŌłÆ2
37,278,0,188,ŌłÆ9,211EŌłÆ2
37,295,0,188,ŌłÆ9,479EŌłÆ2
37,312,0,188,ŌłÆ9,755EŌłÆ2
37,328,0,188,ŌłÆ9,898EŌłÆ2
37,345,0,187,ŌłÆ9,902EŌłÆ2
37,362,0,187,ŌłÆ9,796EŌłÆ2
37,378,0,187,ŌłÆ9,700EŌłÆ2
37,395,0,187,ŌłÆ9,548EŌłÆ2
37,412,0,188,ŌłÆ9,302EŌłÆ2
37,429,0,189,ŌłÆ8,762EŌłÆ2
37,445,0,190,ŌłÆ8,624EŌłÆ2
37,462,0,189,ŌłÆ8,882EŌłÆ2
37,479,0,189,ŌłÆ9,359EŌłÆ2
37,495,0,190,ŌłÆ9,838EŌłÆ2
37,512,0,190,-0,102
37,529,0,190,-0,104
37,545,0,190,-0,104
37,562,0,190,-0,103
37,579,0,190,ŌłÆ9,977EŌłÆ2
37,595,0,191,ŌłÆ9,460EŌłÆ2
37,612,0,191,ŌłÆ9,083EŌłÆ2
37,629,0,192,ŌłÆ8,945EŌłÆ2
37,646,0,193,ŌłÆ8,995EŌłÆ2
37,662,0,193,ŌłÆ8,925EŌłÆ2
37,679,0,193,ŌłÆ8,927EŌłÆ2
37,696,0,192,ŌłÆ8,994EŌłÆ2
37,712,0,192,ŌłÆ9,074EŌłÆ2
37,729,0,191,ŌłÆ9,246EŌłÆ2
37,746,0,191,ŌłÆ9,484EŌłÆ2
37,762,0,191,ŌłÆ9,624EŌłÆ2
37,779,0,191,ŌłÆ9,623EŌłÆ2
37,796,0,190,ŌłÆ9,437EŌłÆ2
37,813,0,191,ŌłÆ9,231EŌłÆ2
37,829,0,192,ŌłÆ9,165EŌłÆ2
37,846,0,192,ŌłÆ9,300EŌłÆ2
37,863,0,191,ŌłÆ9,613EŌłÆ2
37,879,0,192,ŌłÆ9,535EŌłÆ2
37,896,0,192,ŌłÆ9,382EŌłÆ2
37,913,0,191,ŌłÆ9,106EŌłÆ2
37,929,0,192,ŌłÆ8,703EŌłÆ2
37,946,0,193,ŌłÆ8,558EŌłÆ2
37,963,0,192,ŌłÆ8,299EŌłÆ2
37,979,0,192,ŌłÆ8,130EŌłÆ2
37,996,0,192,ŌłÆ8,094EŌłÆ2
38,013,0,192,ŌłÆ8,121EŌłÆ2
38,030,0,192,ŌłÆ8,201EŌłÆ2
38,046,0,192,ŌłÆ8,336EŌłÆ2
38,063,0,192,ŌłÆ8,630EŌłÆ2
38,080,0,192,ŌłÆ8,843EŌłÆ2
38,096,0,193,ŌłÆ9,090EŌłÆ2
38,113,0,193,ŌłÆ9,168EŌłÆ2
38,130,0,193,ŌłÆ9,004EŌłÆ2
38,146,0,193,ŌłÆ8,901EŌłÆ2
38,163,0,192,ŌłÆ8,819EŌłÆ2
38,180,0,192,ŌłÆ8,735EŌłÆ2
38,196,0,192,ŌłÆ8,698EŌłÆ2
38,213,0,192,ŌłÆ8,682EŌłÆ2
38,230,0,191,ŌłÆ8,854EŌłÆ2
38,247,0,191,ŌłÆ8,911EŌłÆ2
38,263,0,192,ŌłÆ8,909EŌłÆ2
38,280,0,192,ŌłÆ8,903EŌłÆ2
38,297,0,192,ŌłÆ8,986EŌłÆ2
38,313,0,192,ŌłÆ9,024EŌłÆ2
38,330,0,193,ŌłÆ9,099EŌłÆ2
38,347,0,192,ŌłÆ9,222EŌłÆ2
38,363,0,192,ŌłÆ9,363EŌłÆ2
38,380,0,192,ŌłÆ9,503EŌłÆ2
38,397,0,191,ŌłÆ9,614EŌłÆ2
38,413,0,190,ŌłÆ9,675EŌłÆ2
38,430,0,189,ŌłÆ9,706EŌłÆ2
38,447,0,188,ŌłÆ9,642EŌłÆ2
38,464,0,188,ŌłÆ9,559EŌłÆ2
38,480,0,187,ŌłÆ9,443EŌłÆ2
38,497,0,186,ŌłÆ9,331EŌłÆ2
38,514,0,185,ŌłÆ9,296EŌłÆ2
38,530,0,184,ŌłÆ9,288EŌłÆ2
38,547,0,184,ŌłÆ9,419EŌłÆ2
38,564,0,184,ŌłÆ9,695EŌłÆ2
38,580,0,184,ŌłÆ9,858EŌłÆ2
38,597,0,184,-0,100
38,614,0,185,-0,101
38,631,0,185,-0,101
38,647,0,185,-0,101
38,664,0,185,-0,100
38,681,0,185,ŌłÆ9,882EŌłÆ2
38,697,0,185,ŌłÆ9,624EŌłÆ2
38,714,0,185,ŌłÆ9,340EŌłÆ2
38,731,0,185,ŌłÆ9,135EŌłÆ2
38,747,0,184,ŌłÆ9,062EŌłÆ2
38,764,0,182,ŌłÆ9,212EŌłÆ2
38,781,0,181,ŌłÆ9,692EŌłÆ2
38,797,0,182,-0,103
38,814,0,182,-0,111
38,831,0,181,-0,115
38,848,0,180,-0,115
38,864,0,179,-0,112
38,881,0,181,-0,107
38,898,0,182,-0,102
38,914,0,182,ŌłÆ9,885EŌłÆ2
38,931,0,183,ŌłÆ9,594EŌłÆ2
38,948,0,184,ŌłÆ9,148EŌłÆ2
38,964,0,184,ŌłÆ8,608EŌłÆ2
38,981,0,185,ŌłÆ8,230EŌłÆ2
38,998,0,184,ŌłÆ8,026EŌłÆ2
39,014,0,183,ŌłÆ8,182EŌłÆ2
39,031,0,182,ŌłÆ8,663EŌłÆ2
39,048,0,185,ŌłÆ9,021EŌłÆ2
39,065,0,184,ŌłÆ9,463EŌłÆ2
39,081,0,185,ŌłÆ9,978EŌłÆ2
39,098,0,185,-0,105
39,115,0,185,-0,108
39,131,0,185,-0,107
39,148,0,185,-0,108
39,165,0,185,-0,106
39,181,0,187,-0,101
39,198,0,187,ŌłÆ9,335EŌłÆ2
39,215,0,188,ŌłÆ8,616EŌłÆ2
39,232,0,191,ŌłÆ8,200EŌłÆ2
39,248,0,189,ŌłÆ8,136EŌłÆ2
39,265,0,189,ŌłÆ8,231EŌłÆ2
39,282,0,188,ŌłÆ8,477EŌłÆ2
39,298,0,188,ŌłÆ8,688EŌłÆ2
39,315,0,188,ŌłÆ8,971EŌłÆ2
39,332,0,187,ŌłÆ9,232EŌłÆ2
39,348,0,187,ŌłÆ9,432EŌłÆ2
39,365,0,188,ŌłÆ9,809EŌłÆ2
39,382,0,188,-0,102
39,398,0,188,-0,105
39,415,0,188,-0,104
39,432,0,188,-0,101
39,449,0,188,ŌłÆ9,822EŌłÆ2
39,465,0,190,ŌłÆ9,620EŌłÆ2
39,482,0,190,ŌłÆ9,643EŌłÆ2
39,499,0,190,ŌłÆ9,718EŌłÆ2
39,515,0,190,ŌłÆ9,629EŌłÆ2
39,532,0,189,ŌłÆ9,467EŌłÆ2
39,549,0,189,ŌłÆ9,154EŌłÆ2
39,565,0,189,ŌłÆ9,120EŌłÆ2
39,582,0,190,ŌłÆ9,412EŌłÆ2
39,599,0,190,ŌłÆ9,588EŌłÆ2
39,615,0,190,ŌłÆ9,521EŌłÆ2
39,632,0,190,ŌłÆ9,131EŌłÆ2
39,649,0,190,ŌłÆ8,854EŌłÆ2
39,666,0,190,ŌłÆ8,620EŌłÆ2
39,682,0,189,ŌłÆ8,415EŌłÆ2
39,699,0,189,ŌłÆ8,213EŌłÆ2
39,716,0,188,ŌłÆ8,072EŌłÆ2
39,732,0,188,ŌłÆ8,107EŌłÆ2
39,749,0,187,ŌłÆ8,023EŌłÆ2
39,766,0,186,ŌłÆ7,986EŌłÆ2
39,782,0,186,ŌłÆ7,880EŌłÆ2
39,799,0,185,ŌłÆ7,847EŌłÆ2
39,816,0,185,ŌłÆ8,014EŌłÆ2
39,833,0,185,ŌłÆ8,462EŌłÆ2
39,849,0,178,ŌłÆ9,571EŌłÆ2
39,866,0,179,-0,100
39,883,0,188,-0,100
39,899,0,189,-0,104
39,916,0,188,-0,105
39,933,0,189,-0,106
39,949,0,189,-0,104
39,966,0,191,-0,102
39,983,0,191,ŌłÆ9,830EŌłÆ2
39,999,0,192,ŌłÆ9,503EŌłÆ2
40,016,0,192,ŌłÆ9,159EŌłÆ2
40,033,0,192,ŌłÆ8,853EŌłÆ2
40,050,0,193,ŌłÆ8,716EŌłÆ2
40,066,0,192,ŌłÆ8,623EŌłÆ2
40,083,0,192,ŌłÆ8,470EŌłÆ2
40,100,0,192,ŌłÆ8,380EŌłÆ2
40,116,0,191,ŌłÆ8,472EŌłÆ2
40,133,0,191,ŌłÆ8,552EŌłÆ2
40,150,0,190,ŌłÆ8,648EŌłÆ2
40,166,0,187,ŌłÆ8,589EŌłÆ2
40,183,0,187,ŌłÆ8,434EŌłÆ2
40,200,0,185,ŌłÆ8,026EŌłÆ2
40,216,0,184,ŌłÆ7,620EŌłÆ2
40,233,0,182,ŌłÆ7,281EŌłÆ2
