,mass A,,
t,x,y,
0,000,6,471EŌłÆ2,-0,184
0,035,6,564EŌłÆ2,-0,187
0,070,6,636EŌłÆ2,-0,190
0,106,6,726EŌłÆ2,-0,193
0,141,6,817EŌłÆ2,-0,197
0,176,6,909EŌłÆ2,-0,200
0,211,7,016EŌłÆ2,-0,203
0,247,7,123EŌłÆ2,-0,206
0,282,7,248EŌłÆ2,-0,209
0,317,7,377EŌłÆ2,-0,212
0,352,7,504EŌłÆ2,-0,214
0,388,7,658EŌłÆ2,-0,217
0,423,7,811EŌłÆ2,-0,219
0,458,7,970EŌłÆ2,-0,221
0,493,8,110EŌłÆ2,-0,223
0,528,8,231EŌłÆ2,-0,225
0,564,8,349EŌłÆ2,-0,227
0,599,8,444EŌłÆ2,-0,229
0,634,8,427EŌłÆ2,-0,231
0,669,8,482EŌłÆ2,-0,233
0,705,8,514EŌłÆ2,-0,235
0,740,8,518EŌłÆ2,-0,238
0,775,8,534EŌłÆ2,-0,240
0,810,8,505EŌłÆ2,-0,241
0,845,8,476EŌłÆ2,-0,243
0,881,8,436EŌłÆ2,-0,244
0,916,8,378EŌłÆ2,-0,245
0,951,8,311EŌłÆ2,-0,246
0,986,8,247EŌłÆ2,-0,246
1,022,8,180EŌłÆ2,-0,246
1,057,8,111EŌłÆ2,-0,245
1,092,8,068EŌłÆ2,-0,245
1,127,8,023EŌłÆ2,-0,243
1,163,8,004EŌłÆ2,-0,242
1,198,7,999EŌłÆ2,-0,239
1,233,8,003EŌłÆ2,-0,237
1,268,8,029EŌłÆ2,-0,234
1,303,8,062EŌłÆ2,-0,231
1,339,8,106EŌłÆ2,-0,227
1,374,8,145EŌłÆ2,-0,224
1,409,8,183EŌłÆ2,-0,220
1,444,8,352EŌłÆ2,-0,216
1,480,8,409EŌłÆ2,-0,212
1,515,8,462EŌłÆ2,-0,208
1,550,8,504EŌłÆ2,-0,203
1,585,8,714EŌłÆ2,-0,198
1,621,8,797EŌłÆ2,-0,193
1,656,8,875EŌłÆ2,-0,188
1,691,8,996EŌłÆ2,-0,183
1,726,9,135EŌłÆ2,-0,178
1,761,9,248EŌłÆ2,-0,173
1,797,9,356EŌłÆ2,-0,168
1,832,9,492EŌłÆ2,-0,163
1,867,9,599EŌłÆ2,-0,159
1,902,9,704EŌłÆ2,-0,155
1,938,9,809EŌłÆ2,-0,151
1,973,9,913EŌłÆ2,-0,148
2,008,9,984EŌłÆ2,-0,145
2,043,9,924EŌłÆ2,-0,142
2,079,9,995EŌłÆ2,-0,139
2,114,0,101,-0,136
2,149,0,101,-0,133
2,184,0,101,-0,131
2,219,0,101,-0,130
2,255,0,101,-0,128
2,290,0,100,-0,127
2,325,9,969EŌłÆ2,-0,126
2,360,9,903EŌłÆ2,-0,125
2,396,9,834EŌłÆ2,-0,124
2,431,9,740EŌłÆ2,-0,124
2,466,9,615EŌłÆ2,-0,124
2,501,9,509EŌłÆ2,-0,124
2,536,9,380EŌłÆ2,-0,124
2,572,9,249EŌłÆ2,-0,125
2,607,9,113EŌłÆ2,-0,125
2,642,8,958EŌłÆ2,-0,126
2,677,8,798EŌłÆ2,-0,126
2,713,8,624EŌłÆ2,-0,127
2,748,8,459EŌłÆ2,-0,128
2,783,8,285EŌłÆ2,-0,129
2,818,8,092EŌłÆ2,-0,130
2,854,7,926EŌłÆ2,-0,131
2,889,7,733EŌłÆ2,-0,132
2,924,7,565EŌłÆ2,-0,133
2,959,7,422EŌłÆ2,-0,135
2,994,7,256EŌłÆ2,-0,136
3,030,7,093EŌłÆ2,-0,137
3,065,6,961EŌłÆ2,-0,138
3,100,6,829EŌłÆ2,-0,139
3,135,6,722EŌłÆ2,-0,141
3,171,6,621EŌłÆ2,-0,142
3,206,6,520EŌłÆ2,-0,143
3,241,6,421EŌłÆ2,-0,144
3,276,6,330EŌłÆ2,-0,146
3,312,6,246EŌłÆ2,-0,148
3,347,6,158EŌłÆ2,-0,149
3,382,6,078EŌłÆ2,-0,151
3,417,6,005EŌłÆ2,-0,153
3,452,5,921EŌłÆ2,-0,155
3,488,5,875EŌłÆ2,-0,157
3,523,5,814EŌłÆ2,-0,158
3,558,5,780EŌłÆ2,-0,159
3,593,5,748EŌłÆ2,-0,161
3,629,5,741EŌłÆ2,-0,162
3,664,5,760EŌłÆ2,-0,163
3,699,5,789EŌłÆ2,-0,164
3,734,5,833EŌłÆ2,-0,166
3,769,5,891EŌłÆ2,-0,167
3,805,5,952EŌłÆ2,-0,169
3,840,6,023EŌłÆ2,-0,171
3,875,6,106EŌłÆ2,-0,173
3,910,6,177EŌłÆ2,-0,176
3,946,6,257EŌłÆ2,-0,179
3,981,6,331EŌłÆ2,-0,183
4,016,6,408EŌłÆ2,-0,186
4,051,6,480EŌłÆ2,-0,190
4,087,6,544EŌłÆ2,-0,193
4,122,6,621EŌłÆ2,-0,197
4,157,6,709EŌłÆ2,-0,201
4,192,6,802EŌłÆ2,-0,204
4,227,6,896EŌłÆ2,-0,208
4,263,6,993EŌłÆ2,-0,210
4,298,7,062EŌłÆ2,-0,213
4,333,7,150EŌłÆ2,-0,215
4,368,7,239EŌłÆ2,-0,217
4,404,7,336EŌłÆ2,-0,220
4,439,7,430EŌłÆ2,-0,222
4,474,7,519EŌłÆ2,-0,224
4,509,7,589EŌłÆ2,-0,226
4,545,7,678EŌłÆ2,-0,229
4,580,7,740EŌłÆ2,-0,231
4,615,7,806EŌłÆ2,-0,233
4,650,7,860EŌłÆ2,-0,235
4,685,7,923EŌłÆ2,-0,238
4,721,7,959EŌłÆ2,-0,240
4,756,8,016EŌłÆ2,-0,243
4,791,8,016EŌłÆ2,-0,245
4,826,8,012EŌłÆ2,-0,247
4,862,8,009EŌłÆ2,-0,249
4,897,8,007EŌłÆ2,-0,251
4,932,7,999EŌłÆ2,-0,252
4,967,7,910EŌłÆ2,-0,251
5,002,7,876EŌłÆ2,-0,252
5,038,7,843EŌłÆ2,-0,252
5,073,7,808EŌłÆ2,-0,252
5,108,7,774EŌłÆ2,-0,252
5,143,7,732EŌłÆ2,-0,251
5,179,7,707EŌłÆ2,-0,250
5,214,7,692EŌłÆ2,-0,248
5,249,7,686EŌłÆ2,-0,246
5,284,7,688EŌłÆ2,-0,243
5,320,7,704EŌłÆ2,-0,240
5,355,7,737EŌłÆ2,-0,237
5,390,7,777EŌłÆ2,-0,233
5,425,7,849EŌłÆ2,-0,229
5,460,7,920EŌłÆ2,-0,225
5,496,7,999EŌłÆ2,-0,220
5,531,8,100EŌłÆ2,-0,215
5,566,8,179EŌłÆ2,-0,211
5,601,8,282EŌłÆ2,-0,206
5,637,8,388EŌłÆ2,-0,201
5,672,8,528EŌłÆ2,-0,196
5,707,8,639EŌłÆ2,-0,191
5,742,8,776EŌłÆ2,-0,186
5,778,8,917EŌłÆ2,-0,181
5,813,9,024EŌłÆ2,-0,176
5,848,9,163EŌłÆ2,-0,171
5,883,9,270EŌłÆ2,-0,166
5,918,9,377EŌłÆ2,-0,161
5,954,9,481EŌłÆ2,-0,157
5,989,9,586EŌłÆ2,-0,153
6,024,9,658EŌłÆ2,-0,149
6,059,0,108,-0,150
6,095,0,108,-0,146
6,130,0,108,-0,143
6,165,0,108,-0,140
6,200,0,107,-0,137
6,236,0,109,-0,135
6,271,0,111,-0,132
6,306,0,110,-0,130
6,341,0,108,-0,130
6,376,0,108,-0,128
6,412,0,108,-0,126
6,447,0,107,-0,126
6,482,0,106,-0,125
6,517,0,105,-0,125
6,553,0,102,-0,125
6,588,0,101,-0,125
6,623,9,996EŌłÆ2,-0,125
6,658,9,932EŌłÆ2,-0,125
6,693,9,727EŌłÆ2,-0,125
6,729,9,507EŌłÆ2,-0,126
6,764,9,344EŌłÆ2,-0,127
6,799,9,178EŌłÆ2,-0,128
6,834,9,008EŌłÆ2,-0,129
6,870,8,843EŌłÆ2,-0,130
6,905,8,653EŌłÆ2,-0,131
6,940,8,504EŌłÆ2,-0,132
6,975,8,326EŌłÆ2,-0,134
7,011,8,174EŌłÆ2,-0,135
7,046,8,010EŌłÆ2,-0,137
7,081,7,846EŌłÆ2,-0,139
7,116,7,683EŌłÆ2,-0,140
7,151,7,034EŌłÆ2,-0,143
7,187,6,900EŌłÆ2,-0,144
7,222,6,795EŌłÆ2,-0,145
7,257,6,671EŌłÆ2,-0,147
7,292,6,596EŌłÆ2,-0,148
7,328,6,503EŌłÆ2,-0,148
7,363,6,425EŌłÆ2,-0,150
7,398,6,331EŌłÆ2,-0,151
7,433,6,257EŌłÆ2,-0,152
7,469,6,195EŌłÆ2,-0,153
7,504,6,130EŌłÆ2,-0,155
7,539,6,067EŌłÆ2,-0,156
7,574,6,026EŌłÆ2,-0,157
7,609,5,983EŌłÆ2,-0,158
7,645,5,952EŌłÆ2,-0,159
7,680,5,923EŌłÆ2,-0,160
7,715,5,912EŌłÆ2,-0,161
7,750,5,917EŌłÆ2,-0,162
7,786,5,925EŌłÆ2,-0,164
7,821,5,952EŌłÆ2,-0,165
7,856,5,985EŌłÆ2,-0,167
7,891,6,033EŌłÆ2,-0,169
7,926,6,076EŌłÆ2,-0,171
7,962,6,127EŌłÆ2,-0,174
7,997,6,187EŌłÆ2,-0,177
8,032,6,251EŌłÆ2,-0,180
8,067,6,337EŌłÆ2,-0,183
8,103,6,429EŌłÆ2,-0,187
8,138,6,525EŌłÆ2,-0,190
8,173,6,619EŌłÆ2,-0,194
8,208,6,711EŌłÆ2,-0,197
8,244,6,797EŌłÆ2,-0,200
8,279,6,867EŌłÆ2,-0,202
8,314,6,956EŌłÆ2,-0,205
8,349,7,050EŌłÆ2,-0,208
8,384,7,138EŌłÆ2,-0,210
8,420,7,232EŌłÆ2,-0,213
8,455,7,326EŌłÆ2,-0,216
8,490,7,428EŌłÆ2,-0,218
8,525,7,521EŌłÆ2,-0,221
8,561,7,620EŌłÆ2,-0,223
8,596,7,716EŌłÆ2,-0,225
8,631,7,810EŌłÆ2,-0,227
8,666,7,896EŌłÆ2,-0,229
8,702,7,984EŌłÆ2,-0,231
8,737,8,053EŌłÆ2,-0,233
8,772,8,117EŌłÆ2,-0,235
8,807,8,175EŌłÆ2,-0,238
8,842,8,204EŌłÆ2,-0,240
8,878,8,205EŌłÆ2,-0,242
8,913,8,227EŌłÆ2,-0,245
8,948,8,192EŌłÆ2,-0,248
8,983,8,155EŌłÆ2,-0,250
9,019,8,129EŌłÆ2,-0,252
9,054,7,933EŌłÆ2,-0,253
9,089,7,829EŌłÆ2,-0,254
9,124,7,829EŌłÆ2,-0,254
9,160,7,829EŌłÆ2,-0,254
9,195,7,829EŌłÆ2,-0,254
9,230,7,829EŌłÆ2,-0,254
9,265,7,829EŌłÆ2,-0,254
9,300,7,538EŌłÆ2,-0,254
9,336,7,538EŌłÆ2,-0,254
9,371,7,538EŌłÆ2,-0,254
9,406,7,538EŌłÆ2,-0,254
9,441,7,538EŌłÆ2,-0,254
9,477,7,581EŌłÆ2,-0,254
9,512,7,193EŌłÆ2,-0,251
9,547,7,223EŌłÆ2,-0,248
9,582,7,265EŌłÆ2,-0,244
9,617,7,338EŌłÆ2,-0,240
9,653,7,416EŌłÆ2,-0,235
9,688,7,523EŌłÆ2,-0,230
9,723,7,663EŌłÆ2,-0,225
9,758,7,805EŌłÆ2,-0,219
9,794,7,945EŌłÆ2,-0,213
9,829,8,120EŌłÆ2,-0,207
9,864,8,327EŌłÆ2,-0,201
9,899,8,533EŌłÆ2,-0,195
9,935,8,709EŌłÆ2,-0,189
9,970,8,914EŌłÆ2,-0,183
10,005,9,088EŌłÆ2,-0,178
10,040,9,292EŌłÆ2,-0,173
10,075,9,465EŌłÆ2,-0,168
10,111,9,636EŌłÆ2,-0,163
10,146,9,687EŌłÆ2,-0,161
10,181,9,820EŌłÆ2,-0,157
10,216,9,902EŌłÆ2,-0,154
10,252,9,972EŌłÆ2,-0,150
10,287,0,100,-0,147
10,322,0,101,-0,141
10,357,0,102,-0,139
10,393,0,102,-0,136
10,428,0,102,-0,133
10,463,0,102,-0,131
10,498,0,102,-0,130
10,533,0,101,-0,128
10,569,0,100,-0,127
10,604,9,977EŌłÆ2,-0,126
10,639,9,904EŌłÆ2,-0,125
10,674,9,785EŌłÆ2,-0,125
10,710,9,687EŌłÆ2,-0,125
10,745,9,584EŌłÆ2,-0,125
10,780,9,456EŌłÆ2,-0,125
10,815,9,343EŌłÆ2,-0,125
10,850,9,219EŌłÆ2,-0,125
10,886,9,083EŌłÆ2,-0,125
10,921,8,926EŌłÆ2,-0,126
10,956,8,765EŌłÆ2,-0,126
10,991,8,605EŌłÆ2,-0,127
11,027,8,436EŌłÆ2,-0,128
11,062,8,271EŌłÆ2,-0,129
11,097,8,107EŌłÆ2,-0,130
11,132,7,941EŌłÆ2,-0,131
11,168,7,771EŌłÆ2,-0,132
11,203,7,605EŌłÆ2,-0,134
11,238,7,442EŌłÆ2,-0,138
11,273,7,277EŌłÆ2,-0,139
11,308,7,115EŌłÆ2,-0,140
11,344,6,976EŌłÆ2,-0,141
11,379,6,846EŌłÆ2,-0,142
11,414,6,715EŌłÆ2,-0,143
11,449,6,614EŌłÆ2,-0,143
11,485,6,483EŌłÆ2,-0,144
11,520,6,415EŌłÆ2,-0,145
11,555,6,316EŌłÆ2,-0,146
11,590,6,218EŌłÆ2,-0,147
11,626,6,149EŌłÆ2,-0,148
11,661,6,082EŌłÆ2,-0,149
11,696,6,041EŌłÆ2,-0,150
11,731,5,983EŌłÆ2,-0,151
11,766,5,945EŌłÆ2,-0,153
11,802,5,934EŌłÆ2,-0,154
11,837,5,910EŌłÆ2,-0,156
11,872,5,901EŌłÆ2,-0,158
11,907,5,900EŌłÆ2,-0,159
11,943,5,902EŌłÆ2,-0,161
11,978,5,923EŌłÆ2,-0,164
12,013,5,956EŌłÆ2,-0,166
12,048,6,012EŌłÆ2,-0,168
12,083,6,076EŌłÆ2,-0,170
12,119,6,145EŌłÆ2,-0,172
12,154,6,229EŌłÆ2,-0,175
12,189,6,315EŌłÆ2,-0,179
12,224,6,393EŌłÆ2,-0,182
12,260,6,477EŌłÆ2,-0,185
12,295,6,574EŌłÆ2,-0,189
12,330,6,659EŌłÆ2,-0,193
12,365,6,753EŌłÆ2,-0,197
12,401,6,842EŌłÆ2,-0,201
12,436,6,938EŌłÆ2,-0,205
12,471,7,049EŌłÆ2,-0,208
12,506,7,156EŌłÆ2,-0,212
12,541,7,266EŌłÆ2,-0,215
12,577,7,367EŌłÆ2,-0,219
12,612,7,460EŌłÆ2,-0,222
12,647,7,553EŌłÆ2,-0,225
12,682,7,649EŌłÆ2,-0,228
12,718,7,734EŌłÆ2,-0,231
12,753,7,826EŌłÆ2,-0,234
12,788,7,898EŌłÆ2,-0,236
12,823,7,981EŌłÆ2,-0,238
12,859,8,017EŌłÆ2,-0,241
12,894,8,044EŌłÆ2,-0,243
12,929,8,043EŌłÆ2,-0,245
12,964,8,066EŌłÆ2,-0,247
12,999,8,035EŌłÆ2,-0,249
13,035,8,026EŌłÆ2,-0,251
13,070,8,033EŌłÆ2,-0,252
13,105,8,023EŌłÆ2,-0,253
13,140,7,989EŌłÆ2,-0,253
13,176,8,028EŌłÆ2,-0,254
13,211,8,028EŌłÆ2,-0,254
13,246,8,020EŌłÆ2,-0,254
13,281,8,020EŌłÆ2,-0,254
13,317,8,020EŌłÆ2,-0,254
13,352,7,598EŌłÆ2,-0,252
13,387,7,559EŌłÆ2,-0,251
13,422,7,532EŌłÆ2,-0,249
13,457,7,507EŌłÆ2,-0,246
13,493,7,512EŌłÆ2,-0,243
13,528,7,521EŌłÆ2,-0,240
13,563,7,531EŌłÆ2,-0,236
13,598,7,569EŌłÆ2,-0,232
13,634,7,611EŌłÆ2,-0,227
13,669,7,685EŌłÆ2,-0,223
13,704,7,788EŌłÆ2,-0,218
13,739,7,894EŌłÆ2,-0,212
13,774,8,005EŌłÆ2,-0,207
13,810,8,145EŌłÆ2,-0,202
13,845,8,286EŌłÆ2,-0,196
13,880,8,458EŌłÆ2,-0,191
13,915,8,632EŌłÆ2,-0,185
13,951,8,771EŌłÆ2,-0,180
13,986,8,943EŌłÆ2,-0,175
14,021,9,081EŌłÆ2,-0,171
14,056,9,221EŌłÆ2,-0,166
14,092,9,329EŌłÆ2,-0,162
14,127,9,433EŌłÆ2,-0,158
14,162,9,569EŌłÆ2,-0,154
14,197,9,674EŌłÆ2,-0,150
14,232,9,744EŌłÆ2,-0,147
14,268,9,750EŌłÆ2,-0,144
14,303,9,880EŌłÆ2,-0,143
14,338,9,961EŌłÆ2,-0,138
14,373,0,100,-0,136
14,409,0,100,-0,133
14,444,0,100,-0,131
14,479,9,977EŌłÆ2,-0,130
14,514,9,915EŌłÆ2,-0,129
14,550,9,853EŌłÆ2,-0,128
14,585,9,786EŌłÆ2,-0,127
14,620,9,694EŌłÆ2,-0,127
14,655,9,596EŌłÆ2,-0,126
14,690,9,493EŌłÆ2,-0,126
14,726,9,360EŌłÆ2,-0,127
14,761,9,222EŌłÆ2,-0,127
14,796,9,064EŌłÆ2,-0,127
14,831,8,892EŌłÆ2,-0,128
14,867,8,710EŌłÆ2,-0,128
14,902,8,510EŌłÆ2,-0,129
14,937,8,336EŌłÆ2,-0,130
14,972,8,138EŌłÆ2,-0,131
15,007,7,942EŌłÆ2,-0,132
15,043,7,747EŌłÆ2,-0,133
15,078,7,551EŌłÆ2,-0,134
15,113,7,383EŌłÆ2,-0,135
15,148,7,217EŌłÆ2,-0,136
15,184,7,108EŌłÆ2,-0,139
15,219,6,949EŌłÆ2,-0,140
15,254,6,813EŌłÆ2,-0,141
15,289,6,704EŌłÆ2,-0,142
15,325,6,581EŌłÆ2,-0,143
15,360,6,476EŌłÆ2,-0,144
15,395,6,373EŌłÆ2,-0,146
15,430,6,247EŌłÆ2,-0,148
15,465,6,164EŌłÆ2,-0,150
15,501,6,072EŌłÆ2,-0,152
15,536,5,997EŌłÆ2,-0,154
15,571,5,938EŌłÆ2,-0,155
15,606,5,893EŌłÆ2,-0,157
15,642,5,868EŌłÆ2,-0,159
15,677,5,855EŌłÆ2,-0,160
15,712,5,861EŌłÆ2,-0,161
15,747,5,882EŌłÆ2,-0,162
15,783,5,920EŌłÆ2,-0,164
15,818,5,972EŌłÆ2,-0,165
15,853,6,018EŌłÆ2,-0,167
15,888,6,080EŌłÆ2,-0,168
15,923,6,133EŌłÆ2,-0,170
15,959,6,195EŌłÆ2,-0,172
15,994,6,257EŌłÆ2,-0,174
16,029,6,324EŌłÆ2,-0,177
16,064,6,386EŌłÆ2,-0,179
16,100,6,442EŌłÆ2,-0,183
16,135,6,506EŌłÆ2,-0,186
16,170,6,562EŌłÆ2,-0,189
16,205,6,628EŌłÆ2,-0,193
16,241,6,707EŌłÆ2,-0,196
16,276,6,780EŌłÆ2,-0,200
16,311,6,872EŌłÆ2,-0,203
16,346,6,985EŌłÆ2,-0,207
16,381,7,110EŌłÆ2,-0,210
16,417,7,232EŌłÆ2,-0,213
16,452,7,336EŌłÆ2,-0,216
16,487,7,456EŌłÆ2,-0,219
16,522,7,557EŌłÆ2,-0,222
16,558,7,679EŌłÆ2,-0,225
16,593,7,777EŌłÆ2,-0,227
16,628,7,871EŌłÆ2,-0,230
16,663,7,950EŌłÆ2,-0,233
16,698,7,991EŌłÆ2,-0,236
16,734,8,017EŌłÆ2,-0,239
16,769,8,035EŌłÆ2,-0,242
16,804,8,029EŌłÆ2,-0,246
16,839,7,993EŌłÆ2,-0,248
16,875,7,957EŌłÆ2,-0,251
16,910,7,952EŌłÆ2,-0,253
16,945,7,919EŌłÆ2,-0,254
16,980,7,919EŌłÆ2,-0,254
17,016,7,919EŌłÆ2,-0,254
17,051,7,919EŌłÆ2,-0,254
17,086,7,919EŌłÆ2,-0,254
17,121,7,919EŌłÆ2,-0,254
17,156,7,919EŌłÆ2,-0,254
17,192,7,919EŌłÆ2,-0,254
17,227,7,919EŌłÆ2,-0,254
17,262,7,919EŌłÆ2,-0,254
17,297,7,919EŌłÆ2,-0,254
17,333,7,919EŌłÆ2,-0,254
17,368,7,397EŌłÆ2,-0,252
17,403,7,411EŌłÆ2,-0,249
17,438,7,463EŌłÆ2,-0,246
17,474,7,536EŌłÆ2,-0,242
17,509,7,619EŌłÆ2,-0,238
17,544,7,725EŌłÆ2,-0,234
17,579,7,862EŌłÆ2,-0,229
17,614,7,999EŌłÆ2,-0,224
17,650,8,138EŌłÆ2,-0,219
17,685,8,281EŌłÆ2,-0,213
17,720,8,419EŌłÆ2,-0,208
17,755,8,532EŌłÆ2,-0,202
17,791,8,705EŌłÆ2,-0,196
17,826,8,846EŌłÆ2,-0,190
17,861,9,019EŌłÆ2,-0,185
17,896,9,158EŌłÆ2,-0,179
17,931,9,298EŌłÆ2,-0,174
17,967,9,439EŌłÆ2,-0,169
18,002,9,546EŌłÆ2,-0,164
18,037,9,427EŌłÆ2,-0,161
18,072,9,532EŌłÆ2,-0,157
18,108,9,631EŌłÆ2,-0,154
18,143,9,712EŌłÆ2,-0,150
18,178,9,777EŌłÆ2,-0,146
18,213,9,819EŌłÆ2,-0,143
18,249,9,886EŌłÆ2,-0,141
18,284,9,912EŌłÆ2,-0,137
18,319,9,926EŌłÆ2,-0,134
18,354,9,948EŌłÆ2,-0,132
18,389,9,922EŌłÆ2,-0,129
18,425,9,893EŌłÆ2,-0,128
18,460,9,866EŌłÆ2,-0,127
18,495,9,804EŌłÆ2,-0,126
18,530,9,741EŌłÆ2,-0,125
18,566,9,668EŌłÆ2,-0,124
18,601,9,604EŌłÆ2,-0,124
18,636,9,502EŌłÆ2,-0,124
18,671,9,409EŌłÆ2,-0,124
18,707,9,280EŌłÆ2,-0,124
18,742,9,161EŌłÆ2,-0,125
18,777,9,017EŌłÆ2,-0,125
18,812,8,884EŌłÆ2,-0,125
18,847,8,728EŌłÆ2,-0,126
18,883,8,577EŌłÆ2,-0,127
18,918,8,422EŌłÆ2,-0,128
18,953,8,252EŌłÆ2,-0,129
18,988,8,088EŌłÆ2,-0,130
19,024,7,926EŌłÆ2,-0,131
19,059,7,761EŌłÆ2,-0,132
19,094,7,594EŌłÆ2,-0,133
19,129,7,431EŌłÆ2,-0,134
19,164,7,265EŌłÆ2,-0,135
19,200,7,099EŌłÆ2,-0,136
19,235,7,082EŌłÆ2,-0,139
19,270,6,944EŌłÆ2,-0,141
19,305,6,819EŌłÆ2,-0,142
19,341,6,710EŌłÆ2,-0,143
19,376,6,582EŌłÆ2,-0,145
19,411,6,477EŌłÆ2,-0,146
19,446,6,349EŌłÆ2,-0,148
19,482,6,239EŌłÆ2,-0,149
19,517,6,139EŌłÆ2,-0,151
19,552,6,040EŌłÆ2,-0,152
19,587,5,955EŌłÆ2,-0,154
19,622,5,883EŌłÆ2,-0,156
19,658,5,830EŌłÆ2,-0,157
19,693,5,792EŌłÆ2,-0,159
19,728,5,771EŌłÆ2,-0,160
19,763,5,764EŌłÆ2,-0,162
19,799,5,771EŌłÆ2,-0,164
19,834,5,799EŌłÆ2,-0,166
19,869,5,832EŌłÆ2,-0,168
19,904,5,864EŌłÆ2,-0,170
19,940,5,909EŌłÆ2,-0,172
19,975,5,967EŌłÆ2,-0,174
20,010,6,013EŌłÆ2,-0,176
20,045,6,070EŌłÆ2,-0,179
20,080,6,131EŌłÆ2,-0,182
20,116,6,207EŌłÆ2,-0,185
20,151,6,280EŌłÆ2,-0,188
20,186,6,370EŌłÆ2,-0,192
20,221,6,461EŌłÆ2,-0,195
20,257,6,548EŌłÆ2,-0,199
20,292,6,639EŌłÆ2,-0,203
20,327,6,713EŌłÆ2,-0,206
20,362,6,822EŌłÆ2,-0,210
20,398,6,896EŌłÆ2,-0,213
20,433,7,007EŌłÆ2,-0,217
20,468,7,133EŌłÆ2,-0,220
20,503,7,260EŌłÆ2,-0,223
20,538,7,392EŌłÆ2,-0,226
20,574,7,517EŌłÆ2,-0,229
20,609,7,644EŌłÆ2,-0,231
20,644,7,767EŌłÆ2,-0,233
20,679,7,861EŌłÆ2,-0,236
20,715,7,928EŌłÆ2,-0,238
20,750,7,983EŌłÆ2,-0,241
20,785,8,009EŌłÆ2,-0,243
20,820,8,005EŌłÆ2,-0,246
20,855,7,973EŌłÆ2,-0,248
20,891,7,938EŌłÆ2,-0,251
20,926,7,899EŌłÆ2,-0,252
20,961,7,878EŌłÆ2,-0,253
20,996,7,760EŌłÆ2,-0,254
21,032,7,760EŌłÆ2,-0,254
21,067,7,745EŌłÆ2,-0,254
21,102,7,745EŌłÆ2,-0,254
21,137,7,745EŌłÆ2,-0,254
21,173,7,745EŌłÆ2,-0,254
21,208,7,745EŌłÆ2,-0,254
21,243,7,683EŌłÆ2,-0,252
21,278,7,666EŌłÆ2,-0,251
21,313,7,673EŌłÆ2,-0,248
21,349,7,677EŌłÆ2,-0,246
21,384,7,701EŌłÆ2,-0,243
21,419,7,743EŌłÆ2,-0,239
21,454,7,780EŌłÆ2,-0,236
21,490,7,850EŌłÆ2,-0,232
21,525,7,918EŌłÆ2,-0,227
21,560,7,997EŌłÆ2,-0,222
21,595,8,009EŌłÆ2,-0,218
21,631,8,150EŌłÆ2,-0,212
21,666,8,293EŌłÆ2,-0,205
21,701,8,471EŌłÆ2,-0,197
21,736,8,647EŌłÆ2,-0,190
21,771,8,822EŌłÆ2,-0,183
21,807,8,997EŌłÆ2,-0,177
21,842,9,140EŌłÆ2,-0,170
21,877,9,313EŌłÆ2,-0,165
21,912,9,387EŌłÆ2,-0,160
21,948,9,407EŌłÆ2,-0,158
21,983,9,514EŌłÆ2,-0,154
22,018,9,584EŌłÆ2,-0,150
22,053,9,654EŌłÆ2,-0,147
22,088,9,729EŌłÆ2,-0,144
22,124,9,796EŌłÆ2,-0,142
22,159,9,867EŌłÆ2,-0,138
22,194,9,912EŌłÆ2,-0,135
22,229,9,917EŌłÆ2,-0,133
22,265,9,912EŌłÆ2,-0,131
22,300,9,920EŌłÆ2,-0,130
22,335,9,889EŌłÆ2,-0,128
22,370,9,847EŌłÆ2,-0,128
22,406,9,789EŌłÆ2,-0,127
22,441,9,715EŌłÆ2,-0,127
22,476,9,625EŌłÆ2,-0,126
22,511,9,518EŌłÆ2,-0,126
22,546,9,394EŌłÆ2,-0,126
22,582,9,255EŌłÆ2,-0,126
22,617,9,107EŌłÆ2,-0,126
22,652,8,939EŌłÆ2,-0,127
22,687,8,776EŌłÆ2,-0,127
22,723,8,606EŌłÆ2,-0,128
22,758,8,434EŌłÆ2,-0,129
22,793,8,253EŌłÆ2,-0,130
22,828,8,078EŌłÆ2,-0,131
22,864,7,887EŌłÆ2,-0,132
22,899,7,720EŌłÆ2,-0,133
22,934,7,549EŌłÆ2,-0,134
22,969,7,384EŌłÆ2,-0,135
23,004,7,282EŌłÆ2,-0,138
23,040,7,120EŌłÆ2,-0,139
23,075,6,984EŌłÆ2,-0,140
23,110,6,822EŌłÆ2,-0,141
23,145,6,688EŌłÆ2,-0,142
23,181,6,584EŌłÆ2,-0,143
23,216,6,480EŌłÆ2,-0,145
23,251,6,381EŌłÆ2,-0,147
23,286,6,284EŌłÆ2,-0,148
23,322,6,212EŌłÆ2,-0,150
23,357,6,141EŌłÆ2,-0,151
23,392,6,082EŌłÆ2,-0,153
23,427,6,033EŌłÆ2,-0,155
23,462,6,003EŌłÆ2,-0,156
23,498,5,994EŌłÆ2,-0,158
23,533,5,998EŌłÆ2,-0,160
23,568,6,019EŌłÆ2,-0,161
23,603,6,059EŌłÆ2,-0,163
23,639,6,113EŌłÆ2,-0,165
23,674,6,158EŌłÆ2,-0,167
23,709,6,214EŌłÆ2,-0,169
23,744,6,272EŌłÆ2,-0,171
23,779,6,327EŌłÆ2,-0,174
23,815,6,400EŌłÆ2,-0,177
23,850,6,465EŌłÆ2,-0,179
23,885,6,548EŌłÆ2,-0,182
23,920,6,617EŌłÆ2,-0,186
23,956,6,706EŌłÆ2,-0,189
23,991,6,790EŌłÆ2,-0,192
24,026,6,865EŌłÆ2,-0,196
24,061,6,947EŌłÆ2,-0,199
24,097,7,030EŌłÆ2,-0,203
24,132,7,118EŌłÆ2,-0,207
24,167,7,215EŌłÆ2,-0,210
24,202,7,312EŌłÆ2,-0,213
24,237,7,415EŌłÆ2,-0,216
24,273,7,537EŌłÆ2,-0,219
24,308,7,660EŌłÆ2,-0,221
24,343,7,790EŌłÆ2,-0,223
24,378,7,923EŌłÆ2,-0,225
24,414,8,052EŌłÆ2,-0,227
24,449,8,172EŌłÆ2,-0,229
24,484,8,268EŌłÆ2,-0,231
24,519,8,354EŌłÆ2,-0,234
24,555,8,416EŌłÆ2,-0,236
24,590,8,445EŌłÆ2,-0,239
24,625,8,441EŌłÆ2,-0,241
24,660,8,405EŌłÆ2,-0,243
24,695,8,341EŌłÆ2,-0,246
24,731,8,298EŌłÆ2,-0,248
24,766,8,232EŌłÆ2,-0,249
24,801,8,166EŌłÆ2,-0,250
24,836,8,103EŌłÆ2,-0,251
24,872,8,061EŌłÆ2,-0,252
24,907,8,001EŌłÆ2,-0,251
24,942,7,939EŌłÆ2,-0,251
24,977,7,905EŌłÆ2,-0,250
25,012,7,872EŌłÆ2,-0,248
25,048,7,844EŌłÆ2,-0,246
25,083,7,820EŌłÆ2,-0,244
25,118,7,823EŌłÆ2,-0,240
25,153,7,834EŌłÆ2,-0,237
25,189,7,897EŌłÆ2,-0,232
25,224,7,972EŌłÆ2,-0,227
25,259,8,053EŌłÆ2,-0,222
25,294,8,194EŌłÆ2,-0,216
25,330,8,334EŌłÆ2,-0,210
25,365,8,413EŌłÆ2,-0,204
25,400,8,555EŌłÆ2,-0,197
25,435,8,699EŌłÆ2,-0,191
25,470,8,842EŌłÆ2,-0,184
25,506,9,012EŌłÆ2,-0,178
25,541,9,123EŌłÆ2,-0,172
25,576,9,264EŌłÆ2,-0,166
25,611,9,399EŌłÆ2,-0,161
25,647,9,440EŌłÆ2,-0,158
25,682,9,477EŌłÆ2,-0,155
25,717,9,529EŌłÆ2,-0,152
25,752,9,587EŌłÆ2,-0,149
25,788,9,624EŌłÆ2,-0,147
25,823,9,694EŌłÆ2,-0,143
25,858,9,714EŌłÆ2,-0,140
25,893,9,740EŌłÆ2,-0,138
25,928,9,717EŌłÆ2,-0,136
25,964,9,673EŌłÆ2,-0,135
25,999,9,657EŌłÆ2,-0,134
26,034,9,601EŌłÆ2,-0,133
26,069,9,555EŌłÆ2,-0,132
26,105,9,481EŌłÆ2,-0,132
26,140,9,380EŌłÆ2,-0,132
26,175,9,262EŌłÆ2,-0,132
26,210,9,140EŌłÆ2,-0,132
26,245,9,009EŌłÆ2,-0,132
26,281,8,855EŌłÆ2,-0,132
26,316,8,694EŌłÆ2,-0,133
26,351,8,520EŌłÆ2,-0,133
26,386,8,346EŌłÆ2,-0,134
26,422,8,169EŌłÆ2,-0,134
26,457,7,973EŌłÆ2,-0,135
26,492,7,779EŌłÆ2,-0,135
26,527,7,611EŌłÆ2,-0,136
26,563,7,416EŌłÆ2,-0,136
26,598,7,249EŌłÆ2,-0,137
26,633,7,051EŌłÆ2,-0,138
26,668,6,856EŌłÆ2,-0,140
26,703,6,656EŌłÆ2,-0,141
26,739,6,489EŌłÆ2,-0,142
26,774,6,468EŌłÆ2,-0,145
26,809,6,307EŌłÆ2,-0,147
26,844,6,175EŌłÆ2,-0,148
26,880,6,070EŌłÆ2,-0,149
26,915,5,971EŌłÆ2,-0,151
26,950,5,895EŌłÆ2,-0,152
26,985,5,832EŌłÆ2,-0,153
27,021,5,788EŌłÆ2,-0,154
27,056,5,759EŌłÆ2,-0,156
27,091,5,754EŌłÆ2,-0,157
27,126,5,755EŌłÆ2,-0,158
27,161,5,760EŌłÆ2,-0,160
27,197,5,778EŌłÆ2,-0,162
27,232,5,787EŌłÆ2,-0,163
27,267,5,808EŌłÆ2,-0,165
27,302,5,835EŌłÆ2,-0,167
27,338,5,844EŌłÆ2,-0,168
27,373,5,873EŌłÆ2,-0,170
27,408,5,906EŌłÆ2,-0,172
27,443,5,961EŌłÆ2,-0,174
27,479,6,022EŌłÆ2,-0,177
27,514,6,086EŌłÆ2,-0,179
27,549,6,168EŌłÆ2,-0,182
27,584,6,239EŌłÆ2,-0,185
27,619,6,327EŌłÆ2,-0,189
27,655,6,418EŌłÆ2,-0,192
27,690,6,514EŌłÆ2,-0,196
27,725,6,606EŌłÆ2,-0,200
27,760,6,694EŌłÆ2,-0,203
27,796,6,789EŌłÆ2,-0,207
27,831,6,889EŌłÆ2,-0,211
27,866,6,997EŌłÆ2,-0,215
27,901,7,101EŌłÆ2,-0,218
27,936,7,223EŌłÆ2,-0,221
27,972,7,349EŌłÆ2,-0,225
28,007,7,471EŌłÆ2,-0,228
28,042,7,592EŌłÆ2,-0,231
28,077,7,683EŌłÆ2,-0,234
28,113,7,772EŌłÆ2,-0,238
28,148,7,835EŌłÆ2,-0,241
28,183,7,869EŌłÆ2,-0,244
28,218,7,893EŌłÆ2,-0,247
28,254,7,889EŌłÆ2,-0,250
28,289,7,835EŌłÆ2,-0,253
28,324,8,012EŌłÆ2,-0,254
28,359,7,996EŌłÆ2,-0,254
28,394,7,996EŌłÆ2,-0,254
28,430,7,996EŌłÆ2,-0,254
28,465,7,996EŌłÆ2,-0,254
28,500,7,996EŌłÆ2,-0,254
28,535,7,996EŌłÆ2,-0,254
28,571,7,947EŌłÆ2,-0,254
28,606,7,947EŌłÆ2,-0,254
28,641,7,915EŌłÆ2,-0,254
28,676,7,915EŌłÆ2,-0,254
28,712,7,915EŌłÆ2,-0,253
28,747,7,915EŌłÆ2,-0,253
28,782,7,915EŌłÆ2,-0,253
28,817,7,272EŌłÆ2,-0,247
28,852,7,352EŌłÆ2,-0,242
28,888,7,484EŌłÆ2,-0,236
28,923,7,628EŌłÆ2,-0,230
28,958,7,776EŌłÆ2,-0,223
28,993,7,948EŌłÆ2,-0,216
29,029,8,188EŌłÆ2,-0,209
29,064,8,399EŌłÆ2,-0,201
29,099,8,641EŌłÆ2,-0,194
29,134,8,882EŌłÆ2,-0,186
29,169,9,091EŌłÆ2,-0,179
29,205,9,332EŌłÆ2,-0,173
29,240,9,570EŌłÆ2,-0,167
29,275,9,758EŌłÆ2,-0,163
29,310,9,897EŌłÆ2,-0,158
29,346,0,100,-0,154
29,381,0,101,-0,151
29,416,9,838EŌłÆ2,-0,145
29,451,9,869EŌłÆ2,-0,142
29,487,9,890EŌłÆ2,-0,139
29,522,9,879EŌłÆ2,-0,136
29,557,9,880EŌłÆ2,-0,135
29,592,9,852EŌłÆ2,-0,133
29,627,9,818EŌłÆ2,-0,132
29,663,9,773EŌłÆ2,-0,130
29,698,9,722EŌłÆ2,-0,130
29,733,9,655EŌłÆ2,-0,129
29,768,9,595EŌłÆ2,-0,129
29,804,9,476EŌłÆ2,-0,129
29,839,9,369EŌłÆ2,-0,129
29,874,9,224EŌłÆ2,-0,129
29,909,9,071EŌłÆ2,-0,129
29,945,8,914EŌłÆ2,-0,130
29,980,8,739EŌłÆ2,-0,130
30,015,8,560EŌłÆ2,-0,131
30,050,8,379EŌłÆ2,-0,131
30,085,8,194EŌłÆ2,-0,132
30,121,7,992EŌłÆ2,-0,132
30,156,7,802EŌłÆ2,-0,133
30,191,7,629EŌłÆ2,-0,134
30,226,7,467EŌłÆ2,-0,135
30,262,7,274EŌłÆ2,-0,136
30,297,7,106EŌłÆ2,-0,137
30,332,6,940EŌłÆ2,-0,138
30,367,6,773EŌłÆ2,-0,139
30,403,6,607EŌłÆ2,-0,141
30,438,6,698EŌłÆ2,-0,145
30,473,6,558EŌłÆ2,-0,147
30,508,6,430EŌłÆ2,-0,148
30,543,6,325EŌłÆ2,-0,149
30,579,6,226EŌłÆ2,-0,151
30,614,6,158EŌłÆ2,-0,152
30,649,6,092EŌłÆ2,-0,153
30,684,6,029EŌłÆ2,-0,155
30,720,5,982EŌłÆ2,-0,156
30,755,5,933EŌłÆ2,-0,157
30,790,5,895EŌłÆ2,-0,158
30,825,5,863EŌłÆ2,-0,159
30,860,5,855EŌłÆ2,-0,160
30,896,5,861EŌłÆ2,-0,161
30,931,5,875EŌłÆ2,-0,162
30,966,5,894EŌłÆ2,-0,163
31,001,5,913EŌłÆ2,-0,165
31,037,5,954EŌłÆ2,-0,166
31,072,6,006EŌłÆ2,-0,168
31,107,6,059EŌłÆ2,-0,170
31,142,6,125EŌłÆ2,-0,173
31,178,6,195EŌłÆ2,-0,175
31,213,6,258EŌłÆ2,-0,178
31,248,6,364EŌłÆ2,-0,182
31,283,6,461EŌłÆ2,-0,185
31,318,6,553EŌłÆ2,-0,188
31,354,6,649EŌłÆ2,-0,192
31,389,6,745EŌłÆ2,-0,195
31,424,6,864EŌłÆ2,-0,199
31,459,6,962EŌłÆ2,-0,203
31,495,7,055EŌłÆ2,-0,207
31,530,7,165EŌłÆ2,-0,210
31,565,7,269EŌłÆ2,-0,214
31,600,7,381EŌłÆ2,-0,217
31,636,7,485EŌłÆ2,-0,220
31,671,7,600EŌłÆ2,-0,223
31,706,7,727EŌłÆ2,-0,226
31,741,7,826EŌłÆ2,-0,229
31,776,7,925EŌłÆ2,-0,232
31,812,8,018EŌłÆ2,-0,234
31,847,8,079EŌłÆ2,-0,237
31,882,8,134EŌłÆ2,-0,240
31,917,8,159EŌłÆ2,-0,243
31,953,8,155EŌłÆ2,-0,246
31,988,8,123EŌłÆ2,-0,248
32,023,8,113EŌłÆ2,-0,251
32,058,8,030EŌłÆ2,-0,253
32,093,8,029EŌłÆ2,-0,253
32,129,8,029EŌłÆ2,-0,253
32,164,8,029EŌłÆ2,-0,253
32,199,8,029EŌłÆ2,-0,253
32,234,7,996EŌłÆ2,-0,254
32,270,7,996EŌłÆ2,-0,254
32,305,7,996EŌłÆ2,-0,254
32,340,7,997EŌłÆ2,-0,253
32,375,7,833EŌłÆ2,-0,253
32,411,7,527EŌłÆ2,-0,251
32,446,7,527EŌłÆ2,-0,248
32,481,7,547EŌłÆ2,-0,243
32,516,7,611EŌłÆ2,-0,239
32,551,7,689EŌłÆ2,-0,233
32,587,7,797EŌłÆ2,-0,228
32,622,7,905EŌłÆ2,-0,221
32,657,8,015EŌłÆ2,-0,215
32,692,8,127EŌłÆ2,-0,208
32,728,8,301EŌłÆ2,-0,201
32,763,8,504EŌłÆ2,-0,194
32,798,8,688EŌłÆ2,-0,186
32,833,8,895EŌłÆ2,-0,180
32,869,9,133EŌłÆ2,-0,174
32,904,9,372EŌłÆ2,-0,168
32,939,9,573EŌłÆ2,-0,166
32,974,9,711EŌłÆ2,-0,161
33,009,9,818EŌłÆ2,-0,158
33,045,9,922EŌłÆ2,-0,154
33,080,0,101,-0,150
33,115,0,100,-0,147
33,150,0,100,-0,141
33,186,0,101,-0,138
33,221,0,101,-0,136
33,256,0,101,-0,133
33,291,0,101,-0,132
33,326,0,101,-0,130
33,362,9,996EŌłÆ2,-0,129
33,397,9,931EŌłÆ2,-0,128
33,432,9,868EŌłÆ2,-0,128
33,467,9,773EŌłÆ2,-0,128
33,503,9,668EŌłÆ2,-0,127
33,538,9,540EŌłÆ2,-0,128
33,573,9,415EŌłÆ2,-0,128
33,608,9,252EŌłÆ2,-0,129
33,644,9,110EŌłÆ2,-0,129
33,679,8,946EŌłÆ2,-0,130
33,714,8,783EŌłÆ2,-0,131
33,749,8,618EŌłÆ2,-0,131
33,784,8,424EŌłÆ2,-0,132
33,820,8,256EŌłÆ2,-0,132
33,855,8,059EŌłÆ2,-0,133
33,890,7,862EŌłÆ2,-0,134
33,925,7,666EŌłÆ2,-0,134
33,961,7,469EŌłÆ2,-0,135
33,996,7,270EŌłÆ2,-0,136
34,031,7,070EŌłÆ2,-0,138
34,066,6,865EŌłÆ2,-0,140
34,102,6,675EŌłÆ2,-0,141
34,137,6,506EŌłÆ2,-0,142
34,172,6,370EŌłÆ2,-0,144
34,207,6,239EŌłÆ2,-0,145
34,242,6,134EŌłÆ2,-0,147
34,278,6,038EŌłÆ2,-0,149
34,313,5,966EŌłÆ2,-0,152
34,348,5,902EŌłÆ2,-0,154
34,383,5,857EŌłÆ2,-0,157
34,419,5,818EŌłÆ2,-0,159
34,454,5,792EŌłÆ2,-0,161
34,489,5,778EŌłÆ2,-0,163
34,524,5,782EŌłÆ2,-0,165
34,560,5,812EŌłÆ2,-0,167
34,595,5,852EŌłÆ2,-0,169
34,630,5,906EŌłÆ2,-0,170
34,665,5,969EŌłÆ2,-0,172
34,700,6,033EŌłÆ2,-0,175
34,736,6,086EŌłÆ2,-0,177
34,771,6,144EŌłÆ2,-0,179
34,806,6,209EŌłÆ2,-0,181
34,841,6,269EŌłÆ2,-0,184
34,877,6,332EŌłÆ2,-0,187
34,912,6,392EŌłÆ2,-0,190
34,947,6,460EŌłÆ2,-0,193
34,982,6,544EŌłÆ2,-0,196
35,017,6,635EŌłÆ2,-0,199
35,053,6,727EŌłÆ2,-0,202
35,088,6,828EŌłÆ2,-0,206
35,123,6,943EŌłÆ2,-0,209
35,158,7,042EŌłÆ2,-0,212
35,194,7,164EŌłÆ2,-0,215
35,229,7,291EŌłÆ2,-0,218
35,264,7,410EŌłÆ2,-0,221
35,299,7,565EŌłÆ2,-0,223
35,335,7,708EŌłÆ2,-0,225
35,370,7,867EŌłÆ2,-0,228
35,405,8,014EŌłÆ2,-0,230
35,440,8,153EŌłÆ2,-0,232
35,475,8,244EŌłÆ2,-0,234
35,511,8,333EŌłÆ2,-0,237
35,546,8,369EŌłÆ2,-0,239
35,581,8,397EŌłÆ2,-0,241
35,616,8,422EŌłÆ2,-0,243
35,652,8,418EŌłÆ2,-0,245
35,687,8,385EŌłÆ2,-0,247
35,722,8,349EŌłÆ2,-0,248
35,757,8,314EŌłÆ2,-0,250
35,793,8,250EŌłÆ2,-0,250
35,828,8,211EŌłÆ2,-0,251
35,863,8,145EŌłÆ2,-0,252
35,898,8,084EŌłÆ2,-0,251
35,933,8,022EŌłÆ2,-0,251
35,969,7,986EŌłÆ2,-0,250
36,004,7,926EŌłÆ2,-0,249
36,039,7,894EŌłÆ2,-0,247
36,074,7,838EŌłÆ2,-0,244
36,110,7,807EŌłÆ2,-0,240
36,145,7,810EŌłÆ2,-0,236
36,180,7,792EŌłÆ2,-0,231
36,215,7,803EŌłÆ2,-0,226
36,250,7,845EŌłÆ2,-0,220
36,286,7,948EŌłÆ2,-0,214
36,321,8,058EŌłÆ2,-0,208
36,356,8,201EŌłÆ2,-0,201
36,391,8,378EŌłÆ2,-0,194
36,427,8,584EŌłÆ2,-0,187
36,462,8,792EŌłÆ2,-0,181
36,497,9,002EŌłÆ2,-0,174
36,532,9,178EŌłÆ2,-0,168
36,568,9,285EŌłÆ2,-0,163
36,603,9,454EŌłÆ2,-0,159
36,638,9,561EŌłÆ2,-0,154
36,673,9,698EŌłÆ2,-0,150
36,708,9,835EŌłÆ2,-0,146
36,744,9,972EŌłÆ2,-0,143
36,779,0,101,-0,141
36,814,0,101,-0,138
36,849,0,101,-0,134
36,885,0,102,-0,132
36,920,0,102,-0,129
36,955,0,102,-0,128
36,990,0,102,-0,126
37,026,0,101,-0,125
37,061,0,100,-0,124
37,096,9,935EŌłÆ2,-0,124
37,131,9,840EŌłÆ2,-0,123
37,166,9,753EŌłÆ2,-0,124
37,202,9,638EŌłÆ2,-0,124
37,237,9,537EŌłÆ2,-0,124
37,272,9,405EŌłÆ2,-0,124
37,307,9,288EŌłÆ2,-0,125
37,343,9,126EŌłÆ2,-0,126
37,378,8,959EŌłÆ2,-0,127
37,413,8,814EŌłÆ2,-0,128
37,448,8,629EŌłÆ2,-0,129
37,484,8,456EŌłÆ2,-0,129
37,519,8,260EŌłÆ2,-0,130
37,554,8,065EŌłÆ2,-0,131
37,589,7,871EŌłÆ2,-0,133
37,624,7,697EŌłÆ2,-0,134
37,660,7,502EŌłÆ2,-0,135
37,695,7,252EŌłÆ2,-0,137
37,730,7,056EŌłÆ2,-0,138
37,765,6,888EŌłÆ2,-0,139
37,801,6,755EŌłÆ2,-0,140
37,836,6,624EŌłÆ2,-0,141
37,871,6,457EŌłÆ2,-0,143
37,906,6,355EŌłÆ2,-0,144
37,941,6,256EŌłÆ2,-0,145
37,977,6,156EŌłÆ2,-0,147
38,012,6,087EŌłÆ2,-0,148
38,047,6,164EŌłÆ2,-0,151
38,082,6,100EŌłÆ2,-0,152
38,118,6,041EŌłÆ2,-0,154
38,153,5,995EŌłÆ2,-0,155
38,188,5,957EŌłÆ2,-0,156
38,223,5,932EŌłÆ2,-0,157
38,259,5,910EŌłÆ2,-0,159
38,294,5,903EŌłÆ2,-0,160
38,329,5,908EŌłÆ2,-0,161
38,364,5,914EŌłÆ2,-0,162
38,399,5,924EŌłÆ2,-0,164
38,435,5,942EŌłÆ2,-0,165
38,470,5,976EŌłÆ2,-0,166
38,505,6,010EŌłÆ2,-0,168
38,540,6,058EŌłÆ2,-0,171
38,576,6,121EŌłÆ2,-0,173
38,611,6,186EŌłÆ2,-0,175
38,646,6,247EŌłÆ2,-0,178
38,681,6,340EŌłÆ2,-0,181
38,717,6,434EŌłÆ2,-0,184
38,752,6,556EŌłÆ2,-0,188
38,787,6,646EŌłÆ2,-0,191
38,822,6,743EŌłÆ2,-0,195
38,857,6,871EŌłÆ2,-0,198
38,893,7,026EŌłÆ2,-0,202
38,928,7,149EŌłÆ2,-0,205
38,963,7,274EŌłÆ2,-0,208
38,998,7,401EŌłÆ2,-0,211
39,034,7,556EŌłÆ2,-0,215
39,069,7,687EŌłÆ2,-0,218
39,104,7,813EŌłÆ2,-0,221
39,139,7,929EŌłÆ2,-0,224
39,174,8,026EŌłÆ2,-0,227
39,210,8,116EŌłÆ2,-0,230
39,245,8,186EŌłÆ2,-0,233
39,280,8,201EŌłÆ2,-0,236
39,315,8,201EŌłÆ2,-0,240
39,351,8,197EŌłÆ2,-0,243
39,386,8,186EŌłÆ2,-0,246
39,421,8,152EŌłÆ2,-0,249
39,456,8,050EŌłÆ2,-0,252
39,492,7,919EŌłÆ2,-0,254
39,527,7,888EŌłÆ2,-0,254
39,562,7,867EŌłÆ2,-0,254
39,597,7,930EŌłÆ2,-0,254
39,632,8,032EŌłÆ2,-0,254
39,668,7,939EŌłÆ2,-0,254
39,703,7,888EŌłÆ2,-0,254
39,738,7,857EŌłÆ2,-0,254
39,773,7,817EŌłÆ2,-0,254
