,mass A,,
t,x,y,
0,000,9,172EŌłÆ2,-0,124
0,044,9,130EŌłÆ2,-0,125
0,088,9,106EŌłÆ2,-0,126
0,132,9,108EŌłÆ2,-0,127
0,176,9,128EŌłÆ2,-0,128
0,220,9,165EŌłÆ2,-0,128
0,264,9,221EŌłÆ2,-0,129
0,308,9,279EŌłÆ2,-0,130
0,353,9,365EŌłÆ2,-0,131
0,397,9,443EŌłÆ2,-0,134
0,441,9,481EŌłÆ2,-0,137
0,485,9,543EŌłÆ2,-0,140
0,529,9,594EŌłÆ2,-0,142
0,573,9,684EŌłÆ2,-0,145
0,617,9,788EŌłÆ2,-0,147
0,661,9,917EŌłÆ2,-0,148
0,705,0,100,-0,150
0,749,0,102,-0,150
0,793,0,103,-0,151
0,837,0,105,-0,151
0,881,0,107,-0,151
0,925,0,108,-0,151
0,969,0,110,-0,151
1,014,0,111,-0,151
1,058,0,111,-0,153
1,102,0,111,-0,153
1,146,0,112,-0,153
1,190,0,112,-0,153
1,234,0,113,-0,152
1,278,0,113,-0,150
1,322,0,113,-0,148
1,366,0,114,-0,144
1,410,0,114,-0,140
1,454,0,115,-0,133
1,498,0,116,-0,127
1,542,0,117,-0,121
1,586,0,117,-0,117
1,630,0,116,-0,112
1,674,0,116,-0,109
1,719,0,116,-0,107
1,763,0,115,-0,105
1,807,0,115,-0,104
1,851,0,113,-0,102
1,895,0,113,-0,100
1,939,0,112,ŌłÆ9,912EŌłÆ2
1,983,0,111,ŌłÆ9,809EŌłÆ2
2,027,0,110,ŌłÆ9,775EŌłÆ2
2,071,0,109,ŌłÆ9,732EŌłÆ2
2,115,0,108,ŌłÆ9,686EŌłÆ2
2,159,0,107,ŌłÆ9,694EŌłÆ2
2,203,0,106,ŌłÆ9,803EŌłÆ2
2,247,0,106,ŌłÆ9,996EŌłÆ2
2,291,0,105,-0,102
2,335,0,104,-0,104
2,380,0,103,-0,107
2,424,0,102,-0,109
2,468,0,101,-0,112
2,512,0,100,-0,113
2,556,9,911EŌłÆ2,-0,113
2,600,9,843EŌłÆ2,-0,114
2,644,9,744EŌłÆ2,-0,114
2,688,9,627EŌłÆ2,-0,116
2,732,9,395EŌłÆ2,-0,117
2,776,9,394EŌłÆ2,-0,118
2,820,9,356EŌłÆ2,-0,119
2,864,9,321EŌłÆ2,-0,120
2,908,9,261EŌłÆ2,-0,122
2,952,9,183EŌłÆ2,-0,124
2,996,9,094EŌłÆ2,-0,125
3,041,9,059EŌłÆ2,-0,126
3,085,9,092EŌłÆ2,-0,126
3,129,9,184EŌłÆ2,-0,126
3,173,9,276EŌłÆ2,-0,128
3,217,9,376EŌłÆ2,-0,130
3,261,9,430EŌłÆ2,-0,132
3,305,9,474EŌłÆ2,-0,134
3,349,9,554EŌłÆ2,-0,136
3,393,9,656EŌłÆ2,-0,137
3,437,9,793EŌłÆ2,-0,138
3,481,9,975EŌłÆ2,-0,138
3,525,0,101,-0,139
3,569,0,103,-0,140
3,613,0,103,-0,142
3,657,0,105,-0,143
3,701,0,106,-0,144
3,746,0,108,-0,143
3,790,0,109,-0,144
3,834,0,110,-0,145
3,878,0,111,-0,148
3,922,0,111,-0,150
3,966,0,111,-0,152
4,010,0,112,-0,153
4,054,0,112,-0,153
4,098,0,113,-0,153
4,142,0,113,-0,152
4,186,0,114,-0,151
4,230,0,114,-0,148
4,274,0,115,-0,144
4,318,0,116,-0,139
4,362,0,116,-0,134
4,407,0,116,-0,130
4,451,0,116,-0,126
4,495,0,117,-0,121
4,539,0,117,-0,117
4,583,0,117,-0,113
4,627,0,116,-0,109
4,671,0,116,-0,106
4,715,0,115,-0,103
4,759,0,115,-0,102
4,803,0,114,-0,101
4,847,0,114,ŌłÆ9,978EŌłÆ2
4,891,0,112,ŌłÆ9,877EŌłÆ2
4,935,0,111,ŌłÆ9,787EŌłÆ2
4,979,0,111,ŌłÆ9,756EŌłÆ2
5,023,0,109,ŌłÆ9,732EŌłÆ2
5,068,0,109,ŌłÆ9,684EŌłÆ2
5,112,0,107,ŌłÆ9,700EŌłÆ2
5,156,0,107,ŌłÆ9,745EŌłÆ2
5,200,0,106,ŌłÆ9,870EŌłÆ2
5,244,0,105,ŌłÆ9,990EŌłÆ2
5,288,0,103,-0,101
5,332,0,102,-0,102
5,376,0,101,-0,104
5,420,9,978EŌłÆ2,-0,105
5,464,9,864EŌłÆ2,-0,106
5,508,9,775EŌłÆ2,-0,108
5,552,9,661EŌłÆ2,-0,109
5,596,9,573EŌłÆ2,-0,110
5,640,9,471EŌłÆ2,-0,111
5,684,9,501EŌłÆ2,-0,113
5,728,9,432EŌłÆ2,-0,115
5,773,9,364EŌłÆ2,-0,117
5,817,9,328EŌłÆ2,-0,119
5,861,9,295EŌłÆ2,-0,122
5,905,9,279EŌłÆ2,-0,125
5,949,9,219EŌłÆ2,-0,128
5,993,9,176EŌłÆ2,-0,130
6,037,9,174EŌłÆ2,-0,131
6,081,9,213EŌłÆ2,-0,132
6,125,9,303EŌłÆ2,-0,132
6,169,9,428EŌłÆ2,-0,133
6,213,9,540EŌłÆ2,-0,133
6,257,9,657EŌłÆ2,-0,135
6,301,9,745EŌłÆ2,-0,138
6,345,9,817EŌłÆ2,-0,141
6,389,9,972EŌłÆ2,-0,144
6,434,0,101,-0,146
6,478,0,102,-0,150
6,522,0,103,-0,153
6,566,0,104,-0,156
6,610,0,105,-0,159
6,654,0,107,-0,161
6,698,0,107,-0,163
6,742,0,108,-0,166
6,786,0,109,-0,168
6,830,0,109,-0,169
6,874,0,109,-0,169
6,918,0,110,-0,169
6,962,0,110,-0,168
7,006,0,111,-0,166
7,050,0,111,-0,163
7,095,0,112,-0,159
7,139,0,113,-0,153
7,183,0,115,-0,146
7,227,0,116,-0,139
7,271,0,117,-0,133
7,315,0,117,-0,129
7,359,0,116,-0,125
7,403,0,117,-0,120
7,447,0,117,-0,115
7,491,0,116,-0,110
7,535,0,116,-0,105
7,579,0,115,-0,101
7,623,0,113,ŌłÆ9,814EŌłÆ2
7,667,0,113,ŌłÆ9,584EŌłÆ2
7,711,0,112,ŌłÆ9,386EŌłÆ2
7,756,0,111,ŌłÆ9,288EŌłÆ2
7,800,0,110,ŌłÆ9,287EŌłÆ2
7,844,0,108,ŌłÆ9,349EŌłÆ2
7,888,0,107,ŌłÆ9,419EŌłÆ2
7,932,0,105,ŌłÆ9,480EŌłÆ2
7,976,0,104,ŌłÆ9,574EŌłÆ2
8,020,0,102,ŌłÆ9,704EŌłÆ2
8,064,0,100,ŌłÆ9,893EŌłÆ2
8,108,9,912EŌłÆ2,-0,101
8,152,9,787EŌłÆ2,-0,103
8,196,9,649EŌłÆ2,-0,105
8,240,9,537EŌłÆ2,-0,107
8,284,9,404EŌłÆ2,-0,109
8,328,9,274EŌłÆ2,-0,111
8,372,9,114EŌłÆ2,-0,112
8,416,8,977EŌłÆ2,-0,114
8,461,8,923EŌłÆ2,-0,116
8,505,8,785EŌłÆ2,-0,120
8,549,8,814EŌłÆ2,-0,123
8,593,8,709EŌłÆ2,-0,125
8,637,8,611EŌłÆ2,-0,126
8,681,8,577EŌłÆ2,-0,127
8,725,8,577EŌłÆ2,-0,127
8,769,8,573EŌłÆ2,-0,127
8,813,8,557EŌłÆ2,-0,129
8,857,8,565EŌłÆ2,-0,130
8,901,8,596EŌłÆ2,-0,132
8,945,8,666EŌłÆ2,-0,134
8,989,8,728EŌłÆ2,-0,137
9,033,8,819EŌłÆ2,-0,140
9,077,8,908EŌłÆ2,-0,143
9,122,9,038EŌłÆ2,-0,145
9,166,9,229EŌłÆ2,-0,147
9,210,9,456EŌłÆ2,-0,148
9,254,9,649EŌłÆ2,-0,149
9,298,9,747EŌłÆ2,-0,152
9,342,9,857EŌłÆ2,-0,156
9,386,9,985EŌłÆ2,-0,159
9,430,0,101,-0,162
9,474,0,102,-0,165
9,518,0,104,-0,168
9,562,0,105,-0,171
9,606,0,105,-0,173
9,650,0,105,-0,175
9,694,0,105,-0,176
9,738,0,106,-0,176
9,783,0,107,-0,175
9,827,0,107,-0,173
9,871,0,109,-0,170
9,915,0,110,-0,166
9,959,0,112,-0,161
10,003,0,114,-0,157
10,047,0,115,-0,153
10,091,0,116,-0,149
10,135,0,116,-0,146
10,179,0,116,-0,144
10,223,0,116,-0,141
10,267,0,115,-0,138
10,311,0,114,-0,135
10,355,0,114,-0,129
10,399,0,114,-0,123
10,443,0,114,-0,118
10,488,0,115,-0,112
10,532,0,115,-0,108
10,576,0,114,-0,105
10,620,0,114,-0,103
10,664,0,110,ŌłÆ9,923EŌłÆ2
10,708,0,109,ŌłÆ9,697EŌłÆ2
10,752,0,108,ŌłÆ9,560EŌłÆ2
10,796,0,107,ŌłÆ9,529EŌłÆ2
10,840,0,107,ŌłÆ9,603EŌłÆ2
10,884,0,106,ŌłÆ9,708EŌłÆ2
10,928,0,104,ŌłÆ9,811EŌłÆ2
10,972,0,103,ŌłÆ9,946EŌłÆ2
11,016,0,102,-0,101
11,060,0,101,-0,103
11,104,9,926EŌłÆ2,-0,105
11,149,9,763EŌłÆ2,-0,106
11,193,9,621EŌłÆ2,-0,107
11,237,9,491EŌłÆ2,-0,109
11,281,9,393EŌłÆ2,-0,109
11,325,9,283EŌłÆ2,-0,111
11,369,9,147EŌłÆ2,-0,112
11,413,9,010EŌłÆ2,-0,114
11,457,8,883EŌłÆ2,-0,116
11,501,8,785EŌłÆ2,-0,116
11,545,8,692EŌłÆ2,-0,117
11,589,8,560EŌłÆ2,-0,118
11,633,8,704EŌłÆ2,-0,120
11,677,8,598EŌłÆ2,-0,122
11,721,8,502EŌłÆ2,-0,123
11,765,8,468EŌłÆ2,-0,125
11,810,8,489EŌłÆ2,-0,127
11,854,8,526EŌłÆ2,-0,129
11,898,8,585EŌłÆ2,-0,131
11,942,8,679EŌłÆ2,-0,132
11,986,8,754EŌłÆ2,-0,133
12,030,8,847EŌłÆ2,-0,135
12,074,8,942EŌłÆ2,-0,137
12,118,9,054EŌłÆ2,-0,139
12,162,9,224EŌłÆ2,-0,142
12,206,9,410EŌłÆ2,-0,144
12,250,9,569EŌłÆ2,-0,146
12,294,9,667EŌłÆ2,-0,149
12,338,9,716EŌłÆ2,-0,153
12,382,9,792EŌłÆ2,-0,156
12,426,9,906EŌłÆ2,-0,159
12,470,0,100,-0,161
12,515,0,101,-0,164
12,559,0,102,-0,167
12,603,0,103,-0,169
12,647,0,104,-0,170
12,691,0,106,-0,169
12,735,0,108,-0,166
12,779,0,110,-0,164
12,823,0,112,-0,161
12,867,0,112,-0,160
12,911,0,113,-0,158
12,955,0,113,-0,157
12,999,0,113,-0,154
13,043,0,112,-0,149
13,087,0,112,-0,144
13,131,0,113,-0,138
13,176,0,114,-0,131
13,220,0,115,-0,124
13,264,0,115,-0,117
13,308,0,116,-0,112
13,352,0,116,-0,107
13,396,0,115,-0,104
13,440,0,115,-0,101
13,484,0,115,ŌłÆ9,914EŌłÆ2
13,528,0,114,ŌłÆ9,784EŌłÆ2
13,572,0,114,ŌłÆ9,715EŌłÆ2
13,616,0,112,ŌłÆ9,730EŌłÆ2
13,660,0,111,ŌłÆ9,712EŌłÆ2
13,704,0,110,ŌłÆ9,676EŌłÆ2
13,748,0,110,ŌłÆ9,687EŌłÆ2
13,792,0,109,ŌłÆ9,757EŌłÆ2
13,837,0,108,ŌłÆ9,891EŌłÆ2
13,881,0,107,-0,101
13,925,0,105,-0,103
13,969,0,104,-0,105
14,013,0,103,-0,106
14,057,0,102,-0,108
14,101,0,101,-0,110
14,145,9,992EŌłÆ2,-0,112
14,189,9,923EŌłÆ2,-0,114
14,233,9,821EŌłÆ2,-0,116
14,277,9,691EŌłÆ2,-0,117
14,321,9,623EŌłÆ2,-0,118
14,365,9,490EŌłÆ2,-0,119
14,409,9,375EŌłÆ2,-0,120
14,453,9,423EŌłÆ2,-0,120
14,498,9,411EŌłÆ2,-0,122
14,542,9,389EŌłÆ2,-0,124
14,586,9,344EŌłÆ2,-0,126
14,630,9,289EŌłÆ2,-0,127
14,674,9,276EŌłÆ2,-0,129
14,718,9,316EŌłÆ2,-0,129
14,762,9,372EŌłÆ2,-0,130
14,806,9,441EŌłÆ2,-0,131
14,850,9,504EŌłÆ2,-0,133
14,894,9,584EŌłÆ2,-0,135
14,938,9,660EŌłÆ2,-0,137
14,982,9,746EŌłÆ2,-0,139
15,026,9,826EŌłÆ2,-0,141
15,070,9,912EŌłÆ2,-0,142
15,114,0,101,-0,141
15,158,0,102,-0,141
15,203,0,103,-0,142
15,247,0,104,-0,144
15,291,0,105,-0,146
15,335,0,106,-0,148
15,379,0,106,-0,149
15,423,0,107,-0,150
15,467,0,108,-0,150
15,511,0,110,-0,150
15,555,0,111,-0,149
15,599,0,112,-0,149
15,643,0,112,-0,149
15,687,0,113,-0,148
15,731,0,113,-0,146
15,775,0,114,-0,143
15,819,0,114,-0,140
15,864,0,114,-0,137
15,908,0,114,-0,134
15,952,0,114,-0,130
15,996,0,114,-0,126
16,040,0,114,-0,121
16,084,0,114,-0,116
16,128,0,115,-0,112
16,172,0,114,-0,107
16,216,0,113,-0,101
16,260,0,111,ŌłÆ9,827EŌłÆ2
16,304,0,113,ŌłÆ9,535EŌłÆ2
16,348,0,112,ŌłÆ9,353EŌłÆ2
16,392,0,111,ŌłÆ9,219EŌłÆ2
16,436,0,111,ŌłÆ9,172EŌłÆ2
16,480,0,110,ŌłÆ9,204EŌłÆ2
16,525,0,109,ŌłÆ9,330EŌłÆ2
16,569,0,108,ŌłÆ9,495EŌłÆ2
16,613,0,108,ŌłÆ9,723EŌłÆ2
16,657,0,107,-0,100
16,701,0,107,-0,102
16,745,0,107,-0,104
16,789,0,106,-0,105
16,833,0,103,-0,107
16,877,0,103,-0,108
16,921,0,102,-0,109
16,965,0,101,-0,110
17,009,0,101,-0,111
17,053,9,954EŌłÆ2,-0,112
17,097,9,841EŌłÆ2,-0,113
17,141,9,713EŌłÆ2,-0,114
17,185,9,583EŌłÆ2,-0,114
17,230,9,762EŌłÆ2,-0,114
17,274,9,693EŌłÆ2,-0,114
17,318,9,626EŌłÆ2,-0,115
17,362,9,564EŌłÆ2,-0,117
17,406,9,522EŌłÆ2,-0,119
17,450,9,484EŌłÆ2,-0,120
17,494,9,423EŌłÆ2,-0,121
17,538,9,417EŌłÆ2,-0,122
17,582,9,448EŌłÆ2,-0,124
17,626,9,483EŌłÆ2,-0,125
17,670,9,535EŌłÆ2,-0,127
17,714,9,577EŌłÆ2,-0,128
17,758,9,662EŌłÆ2,-0,130
17,802,9,731EŌłÆ2,-0,131
17,846,9,832EŌłÆ2,-0,132
17,891,9,959EŌłÆ2,-0,133
17,935,0,101,-0,134
17,979,0,102,-0,136
18,023,0,103,-0,137
18,067,0,104,-0,140
18,111,0,104,-0,145
18,155,0,104,-0,148
18,199,0,105,-0,151
18,243,0,106,-0,153
18,287,0,106,-0,155
18,331,0,107,-0,156
18,375,0,109,-0,156
18,419,0,110,-0,157
18,463,0,111,-0,157
18,507,0,112,-0,156
18,552,0,113,-0,155
18,596,0,113,-0,154
18,640,0,114,-0,153
18,684,0,115,-0,151
18,728,0,115,-0,149
18,772,0,115,-0,146
18,816,0,115,-0,143
18,860,0,115,-0,139
18,904,0,115,-0,134
18,948,0,115,-0,129
18,992,0,114,-0,124
19,036,0,114,-0,118
19,080,0,114,-0,112
19,124,0,114,-0,108
19,168,0,111,-0,101
19,212,0,110,ŌłÆ9,791EŌłÆ2
19,257,0,109,ŌłÆ9,491EŌłÆ2
19,301,0,109,ŌłÆ9,210EŌłÆ2
19,345,0,108,ŌłÆ8,998EŌłÆ2
19,389,0,107,ŌłÆ8,804EŌłÆ2
19,433,0,106,ŌłÆ8,704EŌłÆ2
19,477,0,105,ŌłÆ8,709EŌłÆ2
19,521,0,104,ŌłÆ8,807EŌłÆ2
19,565,0,103,ŌłÆ8,968EŌłÆ2
19,609,0,102,ŌłÆ9,182EŌłÆ2
19,653,0,101,ŌłÆ9,448EŌłÆ2
19,697,0,100,ŌłÆ9,807EŌłÆ2
19,741,9,970EŌłÆ2,-0,102
19,785,9,863EŌłÆ2,-0,104
19,829,9,751EŌłÆ2,-0,107
19,873,9,629EŌłÆ2,-0,110
19,918,9,520EŌłÆ2,-0,113
19,962,9,415EŌłÆ2,-0,115
20,006,9,286EŌłÆ2,-0,117
20,050,9,159EŌłÆ2,-0,118
20,094,9,008EŌłÆ2,-0,118
20,138,8,825EŌłÆ2,-0,119
20,182,8,949EŌłÆ2,-0,120
20,226,8,787EŌłÆ2,-0,119
20,270,8,691EŌłÆ2,-0,119
20,314,8,608EŌłÆ2,-0,119
20,358,8,571EŌłÆ2,-0,120
20,402,8,566EŌłÆ2,-0,123
20,446,8,563EŌłÆ2,-0,126
20,490,8,594EŌłÆ2,-0,128
20,534,8,659EŌłÆ2,-0,130
20,579,8,744EŌłÆ2,-0,132
20,623,8,836EŌłÆ2,-0,133
20,667,8,899EŌłÆ2,-0,135
20,711,8,944EŌłÆ2,-0,137
20,755,8,991EŌłÆ2,-0,139
20,799,9,091EŌłÆ2,-0,141
20,843,9,228EŌłÆ2,-0,143
20,887,9,408EŌłÆ2,-0,144
20,931,9,576EŌłÆ2,-0,146
20,975,9,763EŌłÆ2,-0,148
21,019,9,918EŌłÆ2,-0,149
21,063,0,100,-0,151
21,107,0,102,-0,153
21,151,0,103,-0,155
21,195,0,104,-0,157
21,240,0,104,-0,158
21,284,0,106,-0,160
21,328,0,107,-0,161
21,372,0,107,-0,162
21,416,0,108,-0,164
21,460,0,109,-0,166
21,504,0,109,-0,168
21,548,0,110,-0,169
21,592,0,110,-0,171
21,636,0,110,-0,173
21,680,0,110,-0,176
21,724,0,110,-0,177
21,768,0,110,-0,178
21,812,0,109,-0,177
21,856,0,108,-0,175
21,900,0,107,-0,171
21,945,0,107,-0,166
21,989,0,108,-0,158
22,033,0,109,-0,151
22,077,0,110,-0,142
22,121,0,111,-0,132
22,165,0,112,-0,124
22,209,0,113,-0,116
22,253,0,113,-0,110
22,297,0,115,-0,105
22,341,0,113,ŌłÆ9,717EŌłÆ2
22,385,0,113,ŌłÆ9,331EŌłÆ2
22,429,0,112,ŌłÆ9,053EŌłÆ2
22,473,0,111,ŌłÆ8,868EŌłÆ2
22,517,0,110,ŌłÆ8,826EŌłÆ2
22,561,0,109,ŌłÆ8,921EŌłÆ2
22,606,0,109,ŌłÆ9,116EŌłÆ2
22,650,0,107,ŌłÆ9,377EŌłÆ2
22,694,0,106,ŌłÆ9,639EŌłÆ2
22,738,0,105,ŌłÆ9,896EŌłÆ2
22,782,0,104,-0,101
22,826,0,103,-0,103
22,870,0,102,-0,105
22,914,0,101,-0,107
22,958,0,100,-0,110
23,002,9,916EŌłÆ2,-0,112
23,046,9,809EŌłÆ2,-0,113
23,090,9,675EŌłÆ2,-0,115
23,134,9,512EŌłÆ2,-0,116
23,178,9,460EŌłÆ2,-0,118
23,222,9,328EŌłÆ2,-0,118
23,267,9,231EŌłÆ2,-0,119
23,311,9,112EŌłÆ2,-0,121
23,355,9,077EŌłÆ2,-0,123
23,399,9,000EŌłÆ2,-0,126
23,443,8,906EŌłÆ2,-0,128
23,487,8,837EŌłÆ2,-0,129
23,531,8,803EŌłÆ2,-0,130
23,575,8,833EŌłÆ2,-0,131
23,619,8,891EŌłÆ2,-0,132
23,663,8,931EŌłÆ2,-0,134
23,707,8,960EŌłÆ2,-0,136
23,751,9,050EŌłÆ2,-0,136
23,795,9,206EŌłÆ2,-0,137
23,839,9,350EŌłÆ2,-0,137
23,883,9,507EŌłÆ2,-0,138
23,927,9,664EŌłÆ2,-0,138
23,972,9,822EŌłÆ2,-0,139
24,016,9,955EŌłÆ2,-0,140
24,060,0,101,-0,142
24,104,0,102,-0,146
24,148,0,102,-0,150
24,192,0,103,-0,152
24,236,0,104,-0,153
24,280,0,105,-0,154
24,324,0,106,-0,153
24,368,0,108,-0,152
24,412,0,109,-0,151
24,456,0,111,-0,149
24,500,0,112,-0,147
24,544,0,113,-0,145
24,588,0,113,-0,143
24,633,0,114,-0,140
24,677,0,115,-0,138
24,721,0,115,-0,136
24,765,0,115,-0,134
24,809,0,115,-0,132
24,853,0,115,-0,129
24,897,0,114,-0,125
24,941,0,114,-0,121
24,985,0,113,-0,116
25,029,0,113,-0,112
25,073,0,113,-0,107
25,117,0,113,-0,103
25,161,0,114,-0,101
25,205,0,109,ŌłÆ9,677EŌłÆ2
25,249,0,109,ŌłÆ9,384EŌłÆ2
25,294,0,108,ŌłÆ9,180EŌłÆ2
25,338,0,107,ŌłÆ9,055EŌłÆ2
25,382,0,106,ŌłÆ9,048EŌłÆ2
25,426,0,105,ŌłÆ9,080EŌłÆ2
25,470,0,104,ŌłÆ9,150EŌłÆ2
25,514,0,104,ŌłÆ9,268EŌłÆ2
25,558,0,103,ŌłÆ9,439EŌłÆ2
25,602,0,102,ŌłÆ9,690EŌłÆ2
25,646,0,101,ŌłÆ9,954EŌłÆ2
25,690,0,100,-0,102
25,734,9,954EŌłÆ2,-0,104
25,778,9,834EŌłÆ2,-0,106
25,822,9,748EŌłÆ2,-0,108
25,866,9,655EŌłÆ2,-0,110
25,910,9,572EŌłÆ2,-0,111
25,954,9,477EŌłÆ2,-0,113
25,999,9,336EŌłÆ2,-0,113
26,043,9,678EŌłÆ2,-0,115
26,087,9,580EŌłÆ2,-0,116
26,131,9,510EŌłÆ2,-0,116
26,175,9,444EŌłÆ2,-0,117
26,219,9,404EŌłÆ2,-0,119
26,263,9,366EŌłÆ2,-0,122
26,307,9,295EŌłÆ2,-0,125
26,351,9,256EŌłÆ2,-0,128
26,395,9,228EŌłÆ2,-0,130
26,439,9,228EŌłÆ2,-0,131
26,483,9,249EŌłÆ2,-0,133
26,527,9,276EŌłÆ2,-0,134
26,571,9,318EŌłÆ2,-0,135
26,615,9,378EŌłÆ2,-0,137
26,660,9,480EŌłÆ2,-0,138
26,704,9,604EŌłÆ2,-0,139
26,748,9,766EŌłÆ2,-0,139
26,792,9,925EŌłÆ2,-0,139
26,836,0,101,-0,140
26,880,0,102,-0,140
26,924,0,104,-0,142
26,968,0,104,-0,144
27,012,0,105,-0,146
27,056,0,106,-0,148
27,100,0,107,-0,149
27,144,0,108,-0,150
27,188,0,110,-0,151
27,232,0,111,-0,151
27,276,0,112,-0,151
27,321,0,113,-0,151
27,365,0,114,-0,150
27,409,0,114,-0,150
27,453,0,115,-0,150
27,497,0,115,-0,149
27,541,0,115,-0,148
27,585,0,116,-0,146
27,629,0,116,-0,144
27,673,0,116,-0,142
27,717,0,117,-0,139
27,761,0,117,-0,136
27,805,0,117,-0,134
27,849,0,117,-0,131
27,893,0,117,-0,127
27,937,0,117,-0,124
27,982,0,117,-0,121
28,026,0,116,-0,118
28,070,0,115,-0,115
28,114,0,115,-0,112
28,158,0,115,-0,109
28,202,0,110,-0,108
28,246,0,109,-0,106
28,290,0,108,-0,104
28,334,0,107,-0,102
28,378,0,107,-0,101
28,422,0,106,-0,100
28,466,0,105,ŌłÆ9,986EŌłÆ2
28,510,0,104,-0,100
28,554,0,103,-0,101
28,598,0,102,-0,103
28,642,0,101,-0,105
28,687,9,953EŌłÆ2,-0,106
28,731,9,819EŌłÆ2,-0,107
28,775,9,689EŌłÆ2,-0,108
28,819,9,561EŌłÆ2,-0,109
28,863,9,470EŌłÆ2,-0,110
28,907,9,415EŌłÆ2,-0,111
28,951,9,322EŌłÆ2,-0,112
28,995,9,582EŌłÆ2,-0,114
29,039,9,475EŌłÆ2,-0,115
29,083,9,407EŌłÆ2,-0,117
29,127,9,343EŌłÆ2,-0,118
29,171,9,305EŌłÆ2,-0,119
29,215,9,278EŌłÆ2,-0,120
29,259,9,275EŌłÆ2,-0,122
29,303,9,292EŌłÆ2,-0,125
29,348,9,297EŌłÆ2,-0,127
29,392,9,333EŌłÆ2,-0,129
29,436,9,380EŌłÆ2,-0,131
29,480,9,394EŌłÆ2,-0,133
29,524,9,439EŌłÆ2,-0,135
29,568,9,489EŌłÆ2,-0,137
29,612,9,550EŌłÆ2,-0,139
29,656,9,600EŌłÆ2,-0,142
29,700,9,652EŌłÆ2,-0,145
29,744,9,745EŌłÆ2,-0,148
29,788,9,873EŌłÆ2,-0,150
29,832,9,973EŌłÆ2,-0,151
29,876,0,101,-0,152
29,920,0,102,-0,153
29,964,0,104,-0,153
30,009,0,105,-0,154
30,053,0,106,-0,156
30,097,0,107,-0,158
30,141,0,108,-0,160
30,185,0,109,-0,162
30,229,0,109,-0,164
30,273,0,109,-0,165
30,317,0,110,-0,165
30,361,0,111,-0,164
30,405,0,112,-0,163
30,449,0,113,-0,162
30,493,0,113,-0,161
30,537,0,113,-0,159
30,581,0,113,-0,156
30,625,0,113,-0,152
30,669,0,113,-0,148
30,714,0,113,-0,142
30,758,0,113,-0,136
30,802,0,114,-0,129
30,846,0,115,-0,122
30,890,0,115,-0,116
30,934,0,115,-0,111
30,978,0,116,-0,106
31,022,0,116,-0,102
31,066,0,115,ŌłÆ9,819EŌłÆ2
31,110,0,110,ŌłÆ9,515EŌłÆ2
31,154,0,110,ŌłÆ9,394EŌłÆ2
31,198,0,109,ŌłÆ9,353EŌłÆ2
31,242,0,108,ŌłÆ9,385EŌłÆ2
31,286,0,107,ŌłÆ9,472EŌłÆ2
31,330,0,106,ŌłÆ9,604EŌłÆ2
31,375,0,105,ŌłÆ9,759EŌłÆ2
31,419,0,103,ŌłÆ9,932EŌłÆ2
31,463,0,102,-0,101
31,507,0,101,-0,103
31,551,9,972EŌłÆ2,-0,105
31,595,9,831EŌłÆ2,-0,107
31,639,9,700EŌłÆ2,-0,109
31,683,9,579EŌłÆ2,-0,112
31,727,9,468EŌłÆ2,-0,113
31,771,9,366EŌłÆ2,-0,115
31,815,9,260EŌłÆ2,-0,116
31,859,9,128EŌłÆ2,-0,117
31,903,8,971EŌłÆ2,-0,119
31,947,8,803EŌłÆ2,-0,119
31,991,9,032EŌłÆ2,-0,119
32,036,8,930EŌłÆ2,-0,120
32,080,8,786EŌłÆ2,-0,120
32,124,8,722EŌłÆ2,-0,121
32,168,8,654EŌłÆ2,-0,122
32,212,8,617EŌłÆ2,-0,125
32,256,8,583EŌłÆ2,-0,127
32,300,8,612EŌłÆ2,-0,129
32,344,8,644EŌłÆ2,-0,131
32,388,8,703EŌłÆ2,-0,132
32,432,8,763EŌłÆ2,-0,134
32,476,8,854EŌłÆ2,-0,135
32,520,8,951EŌłÆ2,-0,137
32,564,9,052EŌłÆ2,-0,138
32,608,9,180EŌłÆ2,-0,139
32,652,9,377EŌłÆ2,-0,140
32,696,9,576EŌłÆ2,-0,141
32,741,9,763EŌłÆ2,-0,143
32,785,9,916EŌłÆ2,-0,146
32,829,0,100,-0,150
32,873,0,101,-0,153
32,917,0,102,-0,155
32,961,0,103,-0,156
33,005,0,105,-0,157
33,049,0,107,-0,158
33,093,0,108,-0,160
33,137,0,108,-0,163
33,181,0,108,-0,166
33,225,0,108,-0,169
33,269,0,108,-0,171
33,313,0,108,-0,172
33,357,0,109,-0,172
33,402,0,110,-0,172
33,446,0,110,-0,171
33,490,0,110,-0,170
33,534,0,110,-0,166
33,578,0,110,-0,162
33,622,0,111,-0,156
33,666,0,111,-0,150
33,710,0,112,-0,144
33,754,0,113,-0,137
33,798,0,114,-0,129
33,842,0,114,-0,122
33,886,0,114,-0,117
33,930,0,115,-0,111
33,974,0,116,-0,107
34,018,0,116,-0,103
34,063,0,115,ŌłÆ9,931EŌłÆ2
34,107,0,111,ŌłÆ9,598EŌłÆ2
34,151,0,110,ŌłÆ9,442EŌłÆ2
34,195,0,109,ŌłÆ9,389EŌłÆ2
34,239,0,108,ŌłÆ9,373EŌłÆ2
34,283,0,107,ŌłÆ9,390EŌłÆ2
34,327,0,107,ŌłÆ9,482EŌłÆ2
34,371,0,106,ŌłÆ9,643EŌłÆ2
34,415,0,105,ŌłÆ9,795EŌłÆ2
34,459,0,103,ŌłÆ9,926EŌłÆ2
34,503,0,102,-0,101
34,547,0,101,-0,103
34,591,9,950EŌłÆ2,-0,105
34,635,9,863EŌłÆ2,-0,107
34,679,9,780EŌłÆ2,-0,109
34,724,9,667EŌłÆ2,-0,110
34,768,9,552EŌłÆ2,-0,112
34,812,9,452EŌłÆ2,-0,114
34,856,9,347EŌłÆ2,-0,117
34,900,9,270EŌłÆ2,-0,119
34,944,9,184EŌłÆ2,-0,121
34,988,9,079EŌłÆ2,-0,123
35,032,9,253EŌłÆ2,-0,124
35,076,9,158EŌłÆ2,-0,124
35,120,9,089EŌłÆ2,-0,125
35,164,9,022EŌłÆ2,-0,126
35,208,8,986EŌłÆ2,-0,126
35,252,8,957EŌłÆ2,-0,126
35,296,8,983EŌłÆ2,-0,126
35,340,9,016EŌłÆ2,-0,127
35,384,9,055EŌłÆ2,-0,128
35,429,9,082EŌłÆ2,-0,130
35,473,9,167EŌłÆ2,-0,132
35,517,9,295EŌłÆ2,-0,133
35,561,9,429EŌłÆ2,-0,134
35,605,9,536EŌłÆ2,-0,135
35,649,9,657EŌłÆ2,-0,135
35,693,9,789EŌłÆ2,-0,136
35,737,9,891EŌłÆ2,-0,137
35,781,0,100,-0,141
35,825,0,101,-0,144
35,869,0,102,-0,148
35,913,0,103,-0,151
35,957,0,103,-0,154
36,001,0,104,-0,157
36,045,0,104,-0,160
36,090,0,105,-0,161
36,134,0,106,-0,163
36,178,0,107,-0,163
36,222,0,108,-0,164
36,266,0,109,-0,165
36,310,0,110,-0,166
36,354,0,111,-0,167
36,398,0,111,-0,169
36,442,0,111,-0,169
36,486,0,112,-0,169
36,530,0,112,-0,169
36,574,0,111,-0,169
36,618,0,111,-0,168
36,662,0,110,-0,165
36,706,0,111,-0,160
36,751,0,112,-0,154
36,795,0,112,-0,146
36,839,0,114,-0,138
36,883,0,115,-0,130
36,927,0,116,-0,121
36,971,0,117,-0,114
37,015,0,117,-0,108
37,059,0,117,-0,103
37,103,0,117,ŌłÆ9,924EŌłÆ2
37,147,0,117,ŌłÆ9,630EŌłÆ2
37,191,0,112,ŌłÆ9,406EŌłÆ2
37,235,0,111,ŌłÆ9,241EŌłÆ2
37,279,0,110,ŌłÆ9,168EŌłÆ2
37,323,0,108,ŌłÆ9,170EŌłÆ2
37,367,0,107,ŌłÆ9,196EŌłÆ2
37,411,0,106,ŌłÆ9,241EŌłÆ2
37,456,0,105,ŌłÆ9,315EŌłÆ2
37,500,0,104,ŌłÆ9,486EŌłÆ2
37,544,0,103,ŌłÆ9,676EŌłÆ2
37,588,0,102,ŌłÆ9,828EŌłÆ2
37,632,0,100,ŌłÆ9,943EŌłÆ2
37,676,9,929EŌłÆ2,-0,100
37,720,9,809EŌłÆ2,-0,102
37,764,9,678EŌłÆ2,-0,104
37,808,9,558EŌłÆ2,-0,105
37,852,9,434EŌłÆ2,-0,107
37,896,9,325EŌłÆ2,-0,109
37,940,9,205EŌłÆ2,-0,111
37,984,9,435EŌłÆ2,-0,114
38,028,9,334EŌłÆ2,-0,116
38,072,9,202EŌłÆ2,-0,117
38,117,9,132EŌłÆ2,-0,118
38,161,9,033EŌłÆ2,-0,119
38,205,8,965EŌłÆ2,-0,121
38,249,8,959EŌłÆ2,-0,124
38,293,8,959EŌłÆ2,-0,126
38,337,8,985EŌłÆ2,-0,129
38,381,9,006EŌłÆ2,-0,131
38,425,9,014EŌłÆ2,-0,132
38,469,9,047EŌłÆ2,-0,132
38,513,9,140EŌłÆ2,-0,132
38,557,9,241EŌłÆ2,-0,131
38,601,9,374EŌłÆ2,-0,132
38,645,9,505EŌłÆ2,-0,133
38,689,9,587EŌłÆ2,-0,135
38,733,9,648EŌłÆ2,-0,139
38,778,9,740EŌłÆ2,-0,141
38,822,9,845EŌłÆ2,-0,144
38,866,9,935EŌłÆ2,-0,146
38,910,0,101,-0,148
38,954,0,102,-0,149
38,998,0,103,-0,151
39,042,0,104,-0,153
39,086,0,105,-0,154
39,130,0,106,-0,153
39,174,0,108,-0,151
39,218,0,111,-0,148
39,262,0,113,-0,147
39,306,0,114,-0,148
39,350,0,114,-0,150
39,394,0,114,-0,152
39,438,0,114,-0,153
39,483,0,114,-0,153
39,527,0,114,-0,153
39,571,0,113,-0,151
39,615,0,113,-0,149
39,659,0,114,-0,145
39,703,0,115,-0,141
39,747,0,116,-0,136
39,791,0,117,-0,130
39,835,0,117,-0,125
39,879,0,117,-0,122
39,923,0,117,-0,118
39,967,0,117,-0,115
40,011,0,117,-0,113
40,055,0,117,-0,110
40,099,0,116,-0,108
40,144,0,116,-0,107
