,mass A,,
t,x,y,
0,000,0,110,ŌłÆ9,117EŌłÆ2
0,053,0,109,ŌłÆ8,851EŌłÆ2
0,107,0,108,ŌłÆ8,787EŌłÆ2
0,160,0,106,ŌłÆ8,911EŌłÆ2
0,214,0,104,ŌłÆ9,207EŌłÆ2
0,267,0,103,ŌłÆ9,526EŌłÆ2
0,321,0,102,ŌłÆ9,927EŌłÆ2
0,374,0,101,-0,103
0,428,9,908EŌłÆ2,-0,106
0,481,9,778EŌłÆ2,-0,109
0,534,9,626EŌłÆ2,-0,112
0,588,9,473EŌłÆ2,-0,114
0,641,9,324EŌłÆ2,-0,117
0,695,9,136EŌłÆ2,-0,118
0,748,8,959EŌłÆ2,-0,119
0,802,8,739EŌłÆ2,-0,120
0,855,8,537EŌłÆ2,-0,120
0,909,8,723EŌłÆ2,-0,120
0,962,8,618EŌłÆ2,-0,122
1,015,8,514EŌłÆ2,-0,123
1,069,8,441EŌłÆ2,-0,125
1,122,8,418EŌłÆ2,-0,127
1,176,8,448EŌłÆ2,-0,128
1,229,8,543EŌłÆ2,-0,129
1,283,8,634EŌłÆ2,-0,130
1,336,8,693EŌłÆ2,-0,131
1,390,8,757EŌłÆ2,-0,133
1,443,8,861EŌłÆ2,-0,135
1,496,9,026EŌłÆ2,-0,137
1,550,9,205EŌłÆ2,-0,140
1,603,9,335EŌłÆ2,-0,143
1,657,9,474EŌłÆ2,-0,146
1,710,9,624EŌłÆ2,-0,150
1,764,9,754EŌłÆ2,-0,154
1,817,9,870EŌłÆ2,-0,158
1,871,9,999EŌłÆ2,-0,161
1,924,0,102,-0,163
1,977,0,104,-0,165
2,031,0,106,-0,166
2,084,0,108,-0,167
2,138,0,109,-0,169
2,191,0,110,-0,172
2,245,0,110,-0,174
2,298,0,110,-0,176
2,352,0,109,-0,176
2,405,0,109,-0,176
2,458,0,109,-0,173
2,512,0,109,-0,170
2,565,0,110,-0,164
2,619,0,112,-0,157
2,672,0,113,-0,148
2,726,0,115,-0,139
2,779,0,115,-0,130
2,833,0,116,-0,123
2,886,0,116,-0,115
2,939,0,115,-0,108
2,993,0,111,-0,101
3,046,0,110,ŌłÆ9,657EŌłÆ2
3,100,0,109,ŌłÆ9,368EŌłÆ2
3,153,0,108,ŌłÆ9,171EŌłÆ2
3,207,0,106,ŌłÆ9,135EŌłÆ2
3,260,0,104,ŌłÆ9,195EŌłÆ2
3,314,0,103,ŌłÆ9,387EŌłÆ2
3,367,0,101,ŌłÆ9,642EŌłÆ2
3,421,9,913EŌłÆ2,ŌłÆ9,904EŌłÆ2
3,474,9,712EŌłÆ2,-0,102
3,527,9,543EŌłÆ2,-0,106
3,581,9,401EŌłÆ2,-0,109
3,634,9,262EŌłÆ2,-0,113
3,688,9,087EŌłÆ2,-0,116
3,741,8,836EŌłÆ2,-0,119
3,795,8,623EŌłÆ2,-0,121
3,848,8,459EŌłÆ2,-0,124
3,902,8,319EŌłÆ2,-0,126
3,955,8,059EŌłÆ2,-0,128
4,008,8,450EŌłÆ2,-0,131
4,062,8,349EŌłÆ2,-0,131
4,115,8,287EŌłÆ2,-0,132
4,169,8,288EŌłÆ2,-0,131
4,222,8,356EŌłÆ2,-0,130
4,276,8,484EŌłÆ2,-0,130
4,329,8,545EŌłÆ2,-0,131
4,383,8,570EŌłÆ2,-0,134
4,436,8,596EŌłÆ2,-0,138
4,489,8,655EŌłÆ2,-0,142
4,543,8,778EŌłÆ2,-0,147
4,596,8,940EŌłÆ2,-0,150
4,650,9,103EŌłÆ2,-0,154
4,703,9,221EŌłÆ2,-0,158
4,757,9,280EŌłÆ2,-0,162
4,810,9,405EŌłÆ2,-0,166
4,864,9,587EŌłÆ2,-0,170
4,917,9,782EŌłÆ2,-0,173
4,970,9,963EŌłÆ2,-0,176
5,024,0,100,-0,180
5,077,0,100,-0,185
5,131,9,986EŌłÆ2,-0,190
5,184,9,951EŌłÆ2,-0,195
5,238,9,944EŌłÆ2,-0,198
5,291,9,935EŌłÆ2,-0,200
5,345,9,917EŌłÆ2,-0,201
5,398,9,892EŌłÆ2,-0,201
5,451,9,940EŌłÆ2,-0,200
5,505,9,974EŌłÆ2,-0,198
5,558,0,100,-0,193
5,612,0,102,-0,189
5,665,0,104,-0,180
5,719,0,107,-0,169
5,772,0,110,-0,158
5,826,0,112,-0,147
5,879,0,113,-0,136
5,932,0,114,-0,127
5,986,0,115,-0,116
6,039,0,116,-0,107
6,093,0,116,-0,100
6,146,0,111,ŌłÆ9,455EŌłÆ2
6,200,0,110,ŌłÆ9,187EŌłÆ2
6,253,0,108,ŌłÆ9,088EŌłÆ2
6,307,0,106,ŌłÆ9,148EŌłÆ2
6,360,0,105,ŌłÆ9,286EŌłÆ2
6,413,0,103,ŌłÆ9,502EŌłÆ2
6,467,0,101,ŌłÆ9,757EŌłÆ2
6,520,9,919EŌłÆ2,-0,100
6,574,9,698EŌłÆ2,-0,103
6,627,9,485EŌłÆ2,-0,106
6,681,9,327EŌłÆ2,-0,109
6,734,9,207EŌłÆ2,-0,113
6,788,9,104EŌłÆ2,-0,117
6,841,8,975EŌłÆ2,-0,121
6,894,8,863EŌłÆ2,-0,124
6,948,8,701EŌłÆ2,-0,125
7,001,8,822EŌłÆ2,-0,124
7,055,8,695EŌłÆ2,-0,122
7,108,8,662EŌłÆ2,-0,121
7,162,8,622EŌłÆ2,-0,121
7,215,8,622EŌłÆ2,-0,123
7,269,8,625EŌłÆ2,-0,126
7,322,8,681EŌłÆ2,-0,129
7,375,8,768EŌłÆ2,-0,132
7,429,8,843EŌłÆ2,-0,134
7,482,8,955EŌłÆ2,-0,136
7,536,9,058EŌłÆ2,-0,139
7,589,9,181EŌłÆ2,-0,141
7,643,9,348EŌłÆ2,-0,143
7,696,9,526EŌłÆ2,-0,146
7,750,9,631EŌłÆ2,-0,149
7,803,9,759EŌłÆ2,-0,151
7,856,9,938EŌłÆ2,-0,153
7,910,0,102,-0,154
7,963,0,104,-0,155
8,017,0,105,-0,158
8,070,0,107,-0,160
8,124,0,108,-0,161
8,177,0,109,-0,161
8,231,0,110,-0,162
8,284,0,111,-0,162
8,337,0,112,-0,162
8,391,0,112,-0,162
8,444,0,112,-0,159
8,498,0,112,-0,155
8,551,0,113,-0,151
8,605,0,115,-0,144
8,658,0,116,-0,137
8,712,0,117,-0,131
8,765,0,117,-0,123
8,818,0,117,-0,116
8,872,0,117,-0,110
8,925,0,116,-0,104
8,979,0,115,ŌłÆ9,980EŌłÆ2
9,032,0,114,ŌłÆ9,809EŌłÆ2
9,086,0,108,ŌłÆ9,752EŌłÆ2
9,139,0,107,ŌłÆ9,655EŌłÆ2
9,193,0,106,ŌłÆ9,626EŌłÆ2
9,246,0,104,ŌłÆ9,649EŌłÆ2
9,299,0,103,ŌłÆ9,747EŌłÆ2
9,353,0,101,ŌłÆ9,968EŌłÆ2
9,406,9,930EŌłÆ2,-0,102
9,460,9,748EŌłÆ2,-0,105
9,513,9,552EŌłÆ2,-0,108
9,567,9,361EŌłÆ2,-0,110
9,620,9,216EŌłÆ2,-0,113
9,674,9,059EŌłÆ2,-0,115
9,727,8,916EŌłÆ2,-0,118
9,781,8,743EŌłÆ2,-0,121
9,834,8,578EŌłÆ2,-0,122
9,887,8,416EŌłÆ2,-0,122
9,941,8,621EŌłÆ2,-0,121
9,994,8,556EŌłÆ2,-0,120
10,048,8,460EŌłÆ2,-0,120
10,101,8,413EŌłÆ2,-0,122
10,155,8,394EŌłÆ2,-0,125
10,208,8,415EŌłÆ2,-0,126
10,262,8,464EŌłÆ2,-0,128
10,315,8,497EŌłÆ2,-0,131
10,368,8,557EŌłÆ2,-0,134
10,422,8,678EŌłÆ2,-0,137
10,475,8,837EŌłÆ2,-0,141
10,529,9,062EŌłÆ2,-0,144
10,582,9,251EŌłÆ2,-0,148
10,636,9,374EŌłÆ2,-0,152
10,689,9,463EŌłÆ2,-0,156
10,743,9,555EŌłÆ2,-0,161
10,796,9,687EŌłÆ2,-0,165
10,849,9,799EŌłÆ2,-0,168
10,903,9,922EŌłÆ2,-0,172
10,956,0,100,-0,175
11,010,0,102,-0,179
11,063,0,103,-0,181
11,117,0,104,-0,183
11,170,0,105,-0,184
11,224,0,105,-0,186
11,277,0,105,-0,187
11,330,0,105,-0,187
11,384,0,105,-0,186
11,437,0,105,-0,183
11,491,0,105,-0,179
11,544,0,107,-0,175
11,598,0,109,-0,166
11,651,0,111,-0,156
11,705,0,112,-0,146
11,758,0,113,-0,135
11,811,0,115,-0,126
11,865,0,115,-0,116
11,918,0,116,-0,109
11,972,0,116,-0,103
12,025,0,115,ŌłÆ9,903EŌłÆ2
12,079,0,109,ŌłÆ9,382EŌłÆ2
12,132,0,108,ŌłÆ9,119EŌłÆ2
12,186,0,107,ŌłÆ8,977EŌłÆ2
12,239,0,106,ŌłÆ8,888EŌłÆ2
12,292,0,104,ŌłÆ9,010EŌłÆ2
12,346,0,103,ŌłÆ9,267EŌłÆ2
12,399,0,101,ŌłÆ9,535EŌłÆ2
12,453,9,946EŌłÆ2,ŌłÆ9,823EŌłÆ2
12,506,9,780EŌłÆ2,-0,101
12,560,9,638EŌłÆ2,-0,104
12,613,9,459EŌłÆ2,-0,108
12,667,9,282EŌłÆ2,-0,110
12,720,9,100EŌłÆ2,-0,113
12,773,8,940EŌłÆ2,-0,115
12,827,8,767EŌłÆ2,-0,118
12,880,9,071EŌłÆ2,-0,123
12,934,8,904EŌłÆ2,-0,125
12,987,8,736EŌłÆ2,-0,127
13,041,8,603EŌłÆ2,-0,128
13,094,8,570EŌłÆ2,-0,129
13,148,8,570EŌłÆ2,-0,129
13,201,8,628EŌłÆ2,-0,131
13,254,8,666EŌłÆ2,-0,133
13,308,8,660EŌłÆ2,-0,135
13,361,8,683EŌłÆ2,-0,136
13,415,8,757EŌłÆ2,-0,137
13,468,8,949EŌłÆ2,-0,137
13,522,9,209EŌłÆ2,-0,137
13,575,9,377EŌłÆ2,-0,138
13,629,9,459EŌłÆ2,-0,144
13,682,9,453EŌłÆ2,-0,148
13,735,9,577EŌłÆ2,-0,152
13,789,9,804EŌłÆ2,-0,154
13,842,0,101,-0,155
13,896,0,103,-0,156
13,949,0,106,-0,157
14,003,0,107,-0,159
14,056,0,107,-0,164
14,110,0,108,-0,167
14,163,0,108,-0,169
14,216,0,108,-0,170
14,270,0,109,-0,171
14,323,0,109,-0,170
14,377,0,109,-0,169
14,430,0,110,-0,165
14,484,0,111,-0,158
14,537,0,113,-0,152
14,591,0,114,-0,144
14,644,0,116,-0,136
14,697,0,117,-0,128
14,751,0,117,-0,122
14,804,0,118,-0,117
14,858,0,118,-0,113
14,911,0,117,-0,110
14,965,0,116,-0,107
15,018,0,116,-0,105
15,072,0,113,-0,102
15,125,0,111,ŌłÆ9,968EŌłÆ2
15,178,0,110,ŌłÆ9,841EŌłÆ2
15,232,0,109,ŌłÆ9,774EŌłÆ2
15,285,0,108,ŌłÆ9,831EŌłÆ2
15,339,0,106,ŌłÆ9,994EŌłÆ2
15,392,0,105,-0,103
15,446,0,104,-0,105
15,499,0,102,-0,107
15,553,0,100,-0,109
15,606,9,855EŌłÆ2,-0,111
15,660,9,734EŌłÆ2,-0,113
15,713,9,626EŌłÆ2,-0,115
15,766,9,537EŌłÆ2,-0,116
15,820,9,402EŌłÆ2,-0,117
15,873,9,271EŌłÆ2,-0,119
15,927,9,117EŌłÆ2,-0,120
15,980,9,143EŌłÆ2,-0,122
16,034,9,137EŌłÆ2,-0,125
16,087,9,091EŌłÆ2,-0,126
16,141,9,040EŌłÆ2,-0,127
16,194,9,059EŌłÆ2,-0,128
16,247,9,126EŌłÆ2,-0,129
16,301,9,239EŌłÆ2,-0,130
16,354,9,316EŌłÆ2,-0,132
16,408,9,380EŌłÆ2,-0,134
16,461,9,423EŌłÆ2,-0,137
16,515,9,546EŌłÆ2,-0,139
16,568,9,741EŌłÆ2,-0,140
16,622,9,961EŌłÆ2,-0,140
16,675,0,101,-0,141
16,728,0,102,-0,142
16,782,0,103,-0,143
16,835,0,105,-0,144
16,889,0,107,-0,144
16,942,0,109,-0,143
16,996,0,111,-0,145
17,049,0,111,-0,149
17,103,0,111,-0,152
17,156,0,112,-0,153
17,209,0,113,-0,151
17,263,0,114,-0,149
17,316,0,115,-0,147
17,370,0,116,-0,144
17,423,0,116,-0,141
17,477,0,118,-0,137
17,530,0,118,-0,135
17,584,0,118,-0,135
17,637,0,117,-0,133
17,690,0,117,-0,129
17,744,0,117,-0,126
17,797,0,117,-0,122
17,851,0,116,-0,118
17,904,0,116,-0,113
17,958,0,116,-0,107
18,011,0,115,-0,104
18,065,0,114,-0,102
18,118,0,113,ŌłÆ9,999EŌłÆ2
18,171,0,112,ŌłÆ9,854EŌłÆ2
18,225,0,111,ŌłÆ9,838EŌłÆ2
18,278,0,110,ŌłÆ9,818EŌłÆ2
18,332,0,109,ŌłÆ9,888EŌłÆ2
18,385,0,108,-0,100
18,439,0,107,-0,102
18,492,0,106,-0,103
18,546,0,104,-0,104
18,599,0,103,-0,106
18,652,0,102,-0,107
18,706,0,100,-0,109
18,759,9,959EŌłÆ2,-0,110
18,813,9,858EŌłÆ2,-0,112
18,866,9,755EŌłÆ2,-0,114
18,920,9,626EŌłÆ2,-0,115
18,973,9,557EŌłÆ2,-0,115
19,027,9,461EŌłÆ2,-0,116
19,080,9,417EŌłÆ2,-0,120
19,133,9,352EŌłÆ2,-0,123
19,187,9,309EŌłÆ2,-0,127
19,240,9,306EŌłÆ2,-0,130
19,294,9,339EŌłÆ2,-0,131
19,347,9,397EŌłÆ2,-0,133
19,401,9,493EŌłÆ2,-0,135
19,454,9,711EŌłÆ2,-0,138
19,508,9,781EŌłÆ2,-0,139
19,561,9,872EŌłÆ2,-0,141
19,614,0,100,-0,142
19,668,0,102,-0,145
19,721,0,102,-0,149
19,775,0,103,-0,152
19,828,0,104,-0,155
19,882,0,105,-0,158
19,935,0,106,-0,160
19,989,0,108,-0,160
20,042,0,109,-0,161
20,095,0,111,-0,161
20,149,0,112,-0,160
20,202,0,113,-0,158
20,256,0,114,-0,156
20,309,0,116,-0,154
20,363,0,115,-0,152
20,416,0,114,-0,151
20,470,0,113,-0,148
20,523,0,113,-0,142
20,576,0,114,-0,136
20,630,0,114,-0,126
20,683,0,114,-0,117
20,737,0,115,-0,110
20,790,0,111,ŌłÆ9,941EŌłÆ2
20,844,0,110,ŌłÆ9,513EŌłÆ2
20,897,0,109,ŌłÆ9,219EŌłÆ2
20,951,0,108,ŌłÆ9,213EŌłÆ2
21,004,0,107,ŌłÆ9,281EŌłÆ2
21,057,0,106,ŌłÆ9,378EŌłÆ2
21,111,0,104,ŌłÆ9,505EŌłÆ2
21,164,0,103,ŌłÆ9,673EŌłÆ2
21,218,0,101,ŌłÆ9,862EŌłÆ2
21,271,9,986EŌłÆ2,-0,101
21,325,9,812EŌłÆ2,-0,104
21,378,9,656EŌłÆ2,-0,106
21,432,9,512EŌłÆ2,-0,108
21,485,9,380EŌłÆ2,-0,111
21,538,9,241EŌłÆ2,-0,114
21,592,9,099EŌłÆ2,-0,117
21,645,8,910EŌłÆ2,-0,119
21,699,8,712EŌłÆ2,-0,119
21,752,8,770EŌłÆ2,-0,118
21,806,8,608EŌłÆ2,-0,118
21,859,8,484EŌłÆ2,-0,117
21,913,8,445EŌłÆ2,-0,119
21,966,8,408EŌłÆ2,-0,122
22,020,8,402EŌłÆ2,-0,125
22,073,8,401EŌłÆ2,-0,127
22,126,8,459EŌłÆ2,-0,128
22,180,8,529EŌłÆ2,-0,129
22,233,8,652EŌłÆ2,-0,130
22,287,8,756EŌłÆ2,-0,131
22,340,8,912EŌłÆ2,-0,133
22,394,9,038EŌłÆ2,-0,136
22,447,9,131EŌłÆ2,-0,140
22,501,9,253EŌłÆ2,-0,145
22,554,9,378EŌłÆ2,-0,149
22,607,9,566EŌłÆ2,-0,152
22,661,9,696EŌłÆ2,-0,156
22,714,9,778EŌłÆ2,-0,159
22,768,9,841EŌłÆ2,-0,163
22,821,9,936EŌłÆ2,-0,166
22,875,0,101,-0,169
22,928,0,102,-0,171
22,982,0,104,-0,172
23,035,0,106,-0,173
23,088,0,107,-0,174
23,142,0,108,-0,176
23,195,0,108,-0,178
23,249,0,107,-0,180
23,302,0,107,-0,182
23,356,0,107,-0,182
23,409,0,106,-0,179
23,463,0,105,-0,175
23,516,0,107,-0,169
23,569,0,110,-0,160
23,623,0,112,-0,150
23,676,0,114,-0,141
23,730,0,115,-0,133
23,783,0,116,-0,126
23,837,0,117,-0,119
23,890,0,117,-0,113
23,944,0,116,-0,108
23,997,0,116,-0,103
24,050,0,111,ŌłÆ9,715EŌłÆ2
24,104,0,110,ŌłÆ9,552EŌłÆ2
24,157,0,109,ŌłÆ9,574EŌłÆ2
24,211,0,107,ŌłÆ9,644EŌłÆ2
24,264,0,106,ŌłÆ9,670EŌłÆ2
24,318,0,104,ŌłÆ9,736EŌłÆ2
24,371,0,103,ŌłÆ9,861EŌłÆ2
24,425,0,102,ŌłÆ9,988EŌłÆ2
24,478,0,100,-0,101
24,531,9,893EŌłÆ2,-0,101
24,585,9,707EŌłÆ2,-0,102
24,638,9,508EŌłÆ2,-0,103
24,692,9,311EŌłÆ2,-0,105
24,745,9,143EŌłÆ2,-0,107
24,799,8,999EŌłÆ2,-0,110
24,852,8,828EŌłÆ2,-0,114
24,906,8,724EŌłÆ2,-0,118
24,959,8,655EŌłÆ2,-0,120
25,012,8,950EŌłÆ2,-0,122
25,066,8,911EŌłÆ2,-0,123
25,119,8,846EŌłÆ2,-0,125
25,173,8,780EŌłÆ2,-0,126
25,226,8,774EŌłÆ2,-0,127
25,280,8,779EŌłÆ2,-0,128
25,333,8,779EŌłÆ2,-0,129
25,387,8,800EŌłÆ2,-0,130
25,440,8,893EŌłÆ2,-0,131
25,493,9,052EŌłÆ2,-0,132
25,547,9,221EŌłÆ2,-0,135
25,600,9,377EŌłÆ2,-0,139
25,654,9,497EŌłÆ2,-0,144
25,707,9,661EŌłÆ2,-0,147
25,761,9,918EŌłÆ2,-0,148
25,814,0,102,-0,148
25,868,0,104,-0,150
25,921,0,106,-0,152
25,974,0,107,-0,155
26,028,0,108,-0,159
26,081,0,108,-0,164
26,135,0,108,-0,166
26,188,0,108,-0,167
26,242,0,109,-0,165
26,295,0,109,-0,162
26,349,0,110,-0,158
26,402,0,111,-0,153
26,455,0,113,-0,147
26,509,0,116,-0,139
26,562,0,117,-0,130
26,616,0,118,-0,125
26,669,0,119,-0,122
26,723,0,118,-0,120
26,776,0,118,-0,117
26,830,0,117,-0,114
26,883,0,116,-0,111
26,936,0,115,-0,107
26,990,0,115,-0,104
27,043,0,113,-0,103
27,097,0,112,-0,101
27,150,0,111,ŌłÆ9,890EŌłÆ2
27,204,0,109,ŌłÆ9,727EŌłÆ2
27,257,0,107,ŌłÆ9,620EŌłÆ2
27,311,0,106,ŌłÆ9,588EŌłÆ2
27,364,0,104,ŌłÆ9,627EŌłÆ2
27,417,0,102,ŌłÆ9,781EŌłÆ2
27,471,0,101,-0,101
27,524,0,100,-0,106
27,578,9,874EŌłÆ2,-0,109
27,631,9,702EŌłÆ2,-0,112
27,685,9,565EŌłÆ2,-0,114
27,738,9,366EŌłÆ2,-0,117
27,792,9,166EŌłÆ2,-0,119
27,845,8,937EŌłÆ2,-0,120
27,898,8,788EŌłÆ2,-0,120
27,952,8,685EŌłÆ2,-0,120
28,005,8,555EŌłÆ2,-0,121
28,059,8,481EŌłÆ2,-0,122
28,112,8,479EŌłÆ2,-0,124
28,166,8,576EŌłÆ2,-0,126
28,219,8,668EŌłÆ2,-0,130
28,273,8,755EŌłÆ2,-0,135
28,326,8,851EŌłÆ2,-0,139
28,380,9,002EŌłÆ2,-0,143
28,433,9,122EŌłÆ2,-0,147
28,486,9,259EŌłÆ2,-0,149
28,540,9,489EŌłÆ2,-0,151
28,593,9,685EŌłÆ2,-0,153
28,647,9,799EŌłÆ2,-0,157
28,700,9,848EŌłÆ2,-0,162
28,754,9,916EŌłÆ2,-0,165
28,807,0,101,-0,168
28,861,0,103,-0,168
28,914,0,105,-0,168
28,967,0,107,-0,167
29,021,0,109,-0,166
29,074,0,110,-0,164
29,128,0,112,-0,162
29,181,0,112,-0,160
29,235,0,112,-0,156
29,288,0,112,-0,151
29,342,0,114,-0,145
29,395,0,115,-0,138
29,448,0,116,-0,131
29,502,0,116,-0,126
29,555,0,117,-0,119
29,609,0,117,-0,112
29,662,0,117,-0,106
29,716,0,115,-0,101
29,769,0,114,ŌłÆ9,659EŌłÆ2
29,823,0,112,ŌłÆ9,367EŌłÆ2
29,876,0,112,ŌłÆ9,139EŌłÆ2
29,929,0,110,ŌłÆ8,969EŌłÆ2
29,983,0,109,ŌłÆ8,873EŌłÆ2
30,036,0,107,ŌłÆ8,904EŌłÆ2
30,090,0,105,ŌłÆ9,027EŌłÆ2
30,143,0,104,ŌłÆ9,217EŌłÆ2
30,197,0,102,ŌłÆ9,545EŌłÆ2
30,250,9,990EŌłÆ2,ŌłÆ9,899EŌłÆ2
30,304,9,784EŌłÆ2,-0,103
30,357,9,616EŌłÆ2,-0,107
30,410,9,482EŌłÆ2,-0,111
30,464,9,309EŌłÆ2,-0,116
30,517,9,169EŌłÆ2,-0,119
30,571,8,978EŌłÆ2,-0,121
30,624,8,803EŌłÆ2,-0,124
30,678,8,605EŌłÆ2,-0,125
30,731,8,442EŌłÆ2,-0,125
30,785,8,368EŌłÆ2,-0,124
30,838,8,224EŌłÆ2,-0,124
30,891,8,152EŌłÆ2,-0,125
30,945,8,126EŌłÆ2,-0,126
30,998,8,162EŌłÆ2,-0,127
31,052,8,222EŌłÆ2,-0,128
31,105,8,286EŌłÆ2,-0,130
31,159,8,373EŌłÆ2,-0,132
31,212,8,470EŌłÆ2,-0,135
31,266,8,594EŌłÆ2,-0,139
31,319,8,747EŌłÆ2,-0,144
31,372,8,906EŌłÆ2,-0,149
31,426,9,028EŌłÆ2,-0,153
31,479,9,180EŌłÆ2,-0,156
31,533,9,374EŌłÆ2,-0,159
31,586,9,527EŌłÆ2,-0,162
31,640,9,615EŌłÆ2,-0,167
31,693,9,670EŌłÆ2,-0,173
31,747,9,703EŌłÆ2,-0,178
31,800,9,690EŌłÆ2,-0,183
31,853,9,651EŌłÆ2,-0,189
31,907,9,613EŌłÆ2,-0,193
31,960,9,606EŌłÆ2,-0,196
32,014,9,664EŌłÆ2,-0,199
32,067,9,756EŌłÆ2,-0,200
32,121,9,855EŌłÆ2,-0,200
32,174,9,926EŌłÆ2,-0,200
32,228,9,979EŌłÆ2,-0,200
32,281,9,999EŌłÆ2,-0,198
32,334,0,100,-0,195
32,388,0,102,-0,189
32,441,0,103,-0,185
32,495,0,106,-0,176
32,548,0,108,-0,164
32,602,0,110,-0,153
32,655,0,113,-0,141
32,709,0,115,-0,130
32,762,0,115,-0,121
32,815,0,114,-0,110
32,869,0,113,-0,102
32,922,0,110,ŌłÆ9,541EŌłÆ2
32,976,0,110,ŌłÆ9,247EŌłÆ2
33,029,0,108,ŌłÆ8,918EŌłÆ2
33,083,0,107,ŌłÆ8,685EŌłÆ2
33,136,0,105,ŌłÆ8,520EŌłÆ2
33,190,0,103,ŌłÆ8,518EŌłÆ2
33,243,0,101,ŌłÆ8,643EŌłÆ2
33,296,9,962EŌłÆ2,ŌłÆ8,864EŌłÆ2
33,350,9,823EŌłÆ2,ŌłÆ9,292EŌłÆ2
33,403,9,689EŌłÆ2,ŌłÆ9,844EŌłÆ2
33,457,9,545EŌłÆ2,-0,103
33,510,9,412EŌłÆ2,-0,108
33,564,9,295EŌłÆ2,-0,112
33,617,9,168EŌłÆ2,-0,117
33,671,9,024EŌłÆ2,-0,122
33,724,8,822EŌłÆ2,-0,124
33,777,8,625EŌłÆ2,-0,125
33,831,8,430EŌłÆ2,-0,124
33,884,8,637EŌłÆ2,-0,123
33,938,8,531EŌłÆ2,-0,123
33,991,8,437EŌłÆ2,-0,125
34,045,8,391EŌłÆ2,-0,128
34,098,8,353EŌłÆ2,-0,130
34,152,8,322EŌłÆ2,-0,131
34,205,8,356EŌłÆ2,-0,133
34,259,8,426EŌłÆ2,-0,134
34,312,8,513EŌłÆ2,-0,136
34,365,8,612EŌłÆ2,-0,138
34,419,8,735EŌłÆ2,-0,140
34,472,8,924EŌłÆ2,-0,142
34,526,9,150EŌłÆ2,-0,144
34,579,9,352EŌłÆ2,-0,147
34,633,9,509EŌłÆ2,-0,150
34,686,9,566EŌłÆ2,-0,155
34,740,9,655EŌłÆ2,-0,159
34,793,9,845EŌłÆ2,-0,161
34,846,0,100,-0,163
34,900,0,102,-0,166
34,953,0,103,-0,169
35,007,0,104,-0,172
35,060,0,104,-0,174
35,114,0,105,-0,175
35,167,0,107,-0,175
35,221,0,109,-0,175
35,274,0,110,-0,175
35,327,0,111,-0,176
35,381,0,112,-0,176
35,434,0,112,-0,177
35,488,0,112,-0,177
35,541,0,112,-0,176
35,595,0,111,-0,174
35,648,0,111,-0,169
35,702,0,113,-0,164
35,755,0,114,-0,156
35,808,0,115,-0,147
35,862,0,115,-0,137
35,915,0,115,-0,129
35,969,0,115,-0,121
36,022,0,116,-0,113
36,076,0,117,-0,107
36,129,0,116,-0,102
36,183,0,111,ŌłÆ9,699EŌłÆ2
36,236,0,109,ŌłÆ9,436EŌłÆ2
36,289,0,108,ŌłÆ9,302EŌłÆ2
36,343,0,106,ŌłÆ9,326EŌłÆ2
36,396,0,104,ŌłÆ9,484EŌłÆ2
36,450,0,102,ŌłÆ9,715EŌłÆ2
36,503,0,100,ŌłÆ9,984EŌłÆ2
36,557,9,916EŌłÆ2,-0,103
36,610,9,772EŌłÆ2,-0,106
36,664,9,600EŌłÆ2,-0,109
36,717,9,430EŌłÆ2,-0,112
36,770,9,235EŌłÆ2,-0,114
36,824,9,038EŌłÆ2,-0,115
36,877,8,838EŌłÆ2,-0,115
36,931,8,645EŌłÆ2,-0,115
36,984,8,703EŌłÆ2,-0,114
37,038,8,542EŌłÆ2,-0,118
37,091,8,437EŌłÆ2,-0,120
37,145,8,337EŌłÆ2,-0,122
37,198,8,267EŌłÆ2,-0,124
37,251,8,232EŌłÆ2,-0,125
37,305,8,230EŌłÆ2,-0,126
37,358,8,263EŌłÆ2,-0,127
37,412,8,334EŌłÆ2,-0,129
37,465,8,413EŌłÆ2,-0,130
37,519,8,514EŌłÆ2,-0,133
37,572,8,615EŌłÆ2,-0,136
37,626,8,727EŌłÆ2,-0,139
37,679,8,853EŌłÆ2,-0,142
37,732,9,050EŌłÆ2,-0,144
37,786,9,249EŌłÆ2,-0,147
37,839,9,465EŌłÆ2,-0,149
37,893,9,666EŌłÆ2,-0,152
37,946,9,943EŌłÆ2,-0,154
38,000,0,102,-0,156
38,053,0,103,-0,160
38,107,0,104,-0,166
38,160,0,104,-0,171
38,213,0,104,-0,175
38,267,0,104,-0,178
38,320,0,105,-0,180
38,374,0,105,-0,182
38,427,0,105,-0,183
38,481,0,105,-0,182
38,534,0,105,-0,180
38,588,0,105,-0,178
38,641,0,106,-0,173
38,694,0,108,-0,162
38,748,0,111,-0,153
38,801,0,113,-0,142
38,855,0,115,-0,132
38,908,0,117,-0,123
38,962,0,117,-0,116
39,015,0,117,-0,109
39,069,0,116,-0,103
39,122,0,111,ŌłÆ9,803EŌłÆ2
39,175,0,110,ŌłÆ9,537EŌłÆ2
39,229,0,108,ŌłÆ9,309EŌłÆ2
39,282,0,107,ŌłÆ9,270EŌłÆ2
39,336,0,106,ŌłÆ9,269EŌłÆ2
39,389,0,104,ŌłÆ9,332EŌłÆ2
39,443,0,103,ŌłÆ9,458EŌłÆ2
39,496,0,101,ŌłÆ9,593EŌłÆ2
39,550,9,973EŌłÆ2,ŌłÆ9,784EŌłÆ2
39,603,9,822EŌłÆ2,-0,100
39,656,9,706EŌłÆ2,-0,104
39,710,9,544EŌłÆ2,-0,107
39,763,9,343EŌłÆ2,-0,110
39,817,9,109EŌłÆ2,-0,112
39,870,8,972EŌłÆ2,-0,115
39,924,8,835EŌłÆ2,-0,118
39,977,8,731EŌłÆ2,-0,120
40,031,8,628EŌłÆ2,-0,122
40,084,8,532EŌłÆ2,-0,123
40,137,8,435EŌłÆ2,-0,124
40,191,8,370EŌłÆ2,-0,124
40,244,8,369EŌłÆ2,-0,124
40,298,8,371EŌłÆ2,-0,124
40,351,8,339EŌłÆ2,-0,125
40,405,8,324EŌłÆ2,-0,126
40,458,8,358EŌłÆ2,-0,127
40,512,8,427EŌłÆ2,-0,129
40,565,8,480EŌłÆ2,-0,131
40,619,8,543EŌłÆ2,-0,135
40,672,8,616EŌłÆ2,-0,138
