,mass A,,
t,x,y,
0,000,0,114,ŌłÆ9,924EŌłÆ2
0,053,0,115,-0,101
0,105,0,115,ŌłÆ9,894EŌłÆ2
0,158,0,114,ŌłÆ9,883EŌłÆ2
0,211,0,111,ŌłÆ9,460EŌłÆ2
0,263,0,111,ŌłÆ8,908EŌłÆ2
0,316,0,111,ŌłÆ8,762EŌłÆ2
0,369,0,112,ŌłÆ9,572EŌłÆ2
0,421,,
0,474,0,112,-0,105
0,527,0,112,-0,118
0,579,0,111,-0,117
0,632,0,112,-0,113
0,685,0,114,-0,108
0,737,0,115,-0,106
0,790,0,115,-0,104
0,842,0,115,-0,111
0,895,0,115,-0,112
0,948,0,113,-0,111
1,000,0,114,ŌłÆ9,888EŌłÆ2
1,053,0,116,ŌłÆ9,559EŌłÆ2
1,106,0,115,-0,101
1,158,0,115,ŌłÆ9,944EŌłÆ2
1,211,0,114,-0,101
1,264,0,116,-0,106
1,316,0,114,-0,109
1,369,0,115,-0,107
1,422,0,116,-0,103
1,474,0,115,-0,102
1,527,0,114,-0,101
1,580,0,116,ŌłÆ9,946EŌłÆ2
1,632,0,115,-0,104
1,685,0,115,-0,106
1,738,0,115,-0,106
1,790,0,115,-0,110
1,843,0,114,-0,113
1,896,0,113,-0,115
1,948,0,112,-0,111
2,001,0,112,-0,107
2,054,0,111,ŌłÆ9,479EŌłÆ2
2,106,0,111,ŌłÆ8,762EŌłÆ2
2,159,0,113,ŌłÆ8,600EŌłÆ2
2,211,0,114,-0,101
2,264,0,116,-0,110
2,317,0,115,-0,113
2,369,0,114,-0,112
2,422,0,114,-0,106
2,475,0,114,ŌłÆ9,574EŌłÆ2
2,527,0,114,ŌłÆ9,135EŌłÆ2
2,580,0,113,ŌłÆ9,610EŌłÆ2
2,633,0,113,ŌłÆ9,371EŌłÆ2
2,685,0,112,ŌłÆ9,443EŌłÆ2
2,738,0,111,ŌłÆ9,717EŌłÆ2
2,791,0,111,ŌłÆ9,166EŌłÆ2
2,843,0,111,ŌłÆ9,369EŌłÆ2
2,896,0,112,ŌłÆ9,718EŌłÆ2
2,949,0,112,ŌłÆ9,809EŌłÆ2
3,001,0,113,-0,104
3,054,0,113,-0,110
3,107,0,111,-0,109
3,159,0,111,-0,106
3,212,0,110,-0,112
3,265,0,107,-0,115
3,317,0,109,ŌłÆ9,824EŌłÆ2
3,370,0,113,ŌłÆ8,250EŌłÆ2
3,423,0,112,ŌłÆ8,194EŌłÆ2
3,475,0,112,ŌłÆ9,388EŌłÆ2
3,528,0,113,-0,100
3,581,0,112,ŌłÆ9,791EŌłÆ2
3,633,0,111,-0,102
3,686,0,112,-0,109
3,738,0,112,-0,106
3,791,0,112,-0,100
3,844,0,112,ŌłÆ9,645EŌłÆ2
3,896,0,111,ŌłÆ9,111EŌłÆ2
3,949,0,111,ŌłÆ9,203EŌłÆ2
4,002,0,111,ŌłÆ9,956EŌłÆ2
4,054,0,111,ŌłÆ9,459EŌłÆ2
4,107,0,111,-0,108
4,160,0,112,-0,109
4,212,0,111,-0,105
4,265,0,112,ŌłÆ9,626EŌłÆ2
4,318,0,115,ŌłÆ9,448EŌłÆ2
4,370,0,113,-0,103
4,423,0,113,-0,105
4,476,0,113,ŌłÆ9,720EŌłÆ2
4,528,0,113,ŌłÆ8,949EŌłÆ2
4,581,0,111,ŌłÆ9,424EŌłÆ2
4,634,0,114,-0,107
4,686,0,113,-0,113
4,739,0,111,-0,117
4,792,0,112,-0,113
4,844,0,113,ŌłÆ9,573EŌłÆ2
4,897,0,113,ŌłÆ8,711EŌłÆ2
4,950,0,115,ŌłÆ9,980EŌłÆ2
5,002,0,113,ŌłÆ9,225EŌłÆ2
5,055,0,114,ŌłÆ8,896EŌłÆ2
5,107,0,113,ŌłÆ9,426EŌłÆ2
5,160,0,115,ŌłÆ9,943EŌłÆ2
5,213,0,113,-0,103
5,265,0,113,-0,103
5,318,0,113,-0,112
5,371,0,113,-0,115
5,423,0,112,-0,113
5,476,0,112,-0,102
5,529,0,113,-0,107
5,581,0,111,-0,112
5,634,0,110,-0,107
5,687,0,113,ŌłÆ9,170EŌłÆ2
5,739,0,112,ŌłÆ8,175EŌłÆ2
5,792,0,113,ŌłÆ8,380EŌłÆ2
5,845,0,112,ŌłÆ8,511EŌłÆ2
5,897,0,111,ŌłÆ8,539EŌłÆ2
5,950,0,112,ŌłÆ9,627EŌłÆ2
6,003,0,112,-0,111
6,055,0,111,-0,113
6,108,0,112,-0,107
6,161,0,111,-0,104
6,213,0,110,-0,100
6,266,0,110,ŌłÆ8,797EŌłÆ2
6,319,0,110,ŌłÆ8,439EŌłÆ2
6,371,0,112,ŌłÆ9,901EŌłÆ2
6,424,0,114,-0,111
6,477,,
6,529,,
6,582,,
6,634,0,114,-0,103
6,687,0,115,-0,101
6,740,0,114,-0,101
6,792,0,113,ŌłÆ9,647EŌłÆ2
6,845,0,112,ŌłÆ9,002EŌłÆ2
6,898,0,111,ŌłÆ8,468EŌłÆ2
6,950,0,111,ŌłÆ8,836EŌłÆ2
7,003,0,114,ŌłÆ9,259EŌłÆ2
7,056,0,113,ŌłÆ9,617EŌłÆ2
7,108,0,113,ŌłÆ9,831EŌłÆ2
7,161,0,113,-0,101
7,214,0,113,-0,113
7,266,0,112,-0,116
7,319,0,111,-0,110
7,372,0,115,-0,101
7,424,0,114,-0,101
7,477,0,113,ŌłÆ9,187EŌłÆ2
7,530,0,114,ŌłÆ9,158EŌłÆ2
7,582,0,114,ŌłÆ9,814EŌłÆ2
7,635,0,113,-0,107
7,688,0,111,-0,111
7,740,0,111,ŌłÆ9,993EŌłÆ2
7,793,0,110,ŌłÆ8,889EŌłÆ2
7,846,0,110,ŌłÆ8,522EŌłÆ2
7,898,0,113,-0,107
7,951,0,115,-0,112
8,003,0,114,-0,112
8,056,0,114,-0,108
8,109,0,114,-0,106
8,161,0,114,-0,105
8,214,0,113,-0,103
8,267,0,112,ŌłÆ9,351EŌłÆ2
8,319,0,113,ŌłÆ9,206EŌłÆ2
8,372,0,113,ŌłÆ9,573EŌłÆ2
8,425,0,112,ŌłÆ9,571EŌłÆ2
8,477,0,111,ŌłÆ9,258EŌłÆ2
8,530,0,112,ŌłÆ9,590EŌłÆ2
8,583,0,112,ŌłÆ9,966EŌłÆ2
8,635,0,112,-0,106
8,688,0,112,-0,107
8,741,0,111,-0,105
8,793,0,112,-0,102
8,846,0,112,-0,101
8,899,0,112,-0,102
8,951,0,112,-0,103
9,004,0,112,-0,108
9,057,0,110,-0,112
9,109,0,110,-0,106
9,162,0,112,ŌłÆ9,718EŌłÆ2
9,215,0,112,-0,101
9,267,0,110,-0,105
9,320,0,110,ŌłÆ9,385EŌłÆ2
9,373,0,111,ŌłÆ8,965EŌłÆ2
9,425,0,112,ŌłÆ9,608EŌłÆ2
9,478,0,113,ŌłÆ9,812EŌłÆ2
9,530,0,113,-0,100
9,583,0,113,ŌłÆ9,842EŌłÆ2
9,636,0,112,ŌłÆ9,767EŌłÆ2
9,688,0,113,ŌłÆ9,978EŌłÆ2
9,741,0,112,-0,103
9,794,0,112,-0,101
9,846,0,113,-0,103
9,899,0,111,-0,105
9,952,0,111,-0,103
10,004,0,111,ŌłÆ9,805EŌłÆ2
10,057,0,110,ŌłÆ9,874EŌłÆ2
10,110,0,109,ŌłÆ9,383EŌłÆ2
10,162,0,110,-0,100
10,215,0,109,ŌłÆ9,842EŌłÆ2
10,268,0,111,-0,101
10,320,0,110,-0,107
10,373,0,110,-0,111
10,426,0,110,-0,115
10,478,0,110,-0,115
10,531,0,111,-0,109
10,584,0,112,-0,108
10,636,0,113,-0,108
10,689,0,113,-0,111
10,742,0,112,-0,111
10,794,0,111,-0,104
10,847,0,112,-0,101
10,899,0,112,-0,113
10,952,0,112,-0,116
11,005,0,111,-0,110
11,057,0,112,ŌłÆ9,444EŌłÆ2
11,110,0,114,ŌłÆ9,960EŌłÆ2
11,163,0,114,-0,114
11,215,0,114,-0,118
11,268,0,114,-0,115
11,321,0,114,-0,107
11,373,0,116,-0,110
11,426,0,115,-0,114
11,479,0,113,-0,115
11,531,0,115,-0,105
11,584,0,117,ŌłÆ9,286EŌłÆ2
11,637,0,116,ŌłÆ9,388EŌłÆ2
11,689,0,115,ŌłÆ9,568EŌłÆ2
11,742,0,116,ŌłÆ9,342EŌłÆ2
11,795,0,114,ŌłÆ9,864EŌłÆ2
11,847,0,113,ŌłÆ9,732EŌłÆ2
11,900,0,113,ŌłÆ8,857EŌłÆ2
11,953,0,112,ŌłÆ8,874EŌłÆ2
12,005,0,113,ŌłÆ9,436EŌłÆ2
12,058,0,112,ŌłÆ9,332EŌłÆ2
12,111,0,113,ŌłÆ9,271EŌłÆ2
12,163,0,113,ŌłÆ9,736EŌłÆ2
12,216,0,112,ŌłÆ9,860EŌłÆ2
12,269,0,113,-0,101
12,321,0,111,-0,103
12,374,0,112,-0,102
12,426,0,111,ŌłÆ9,722EŌłÆ2
12,479,0,111,-0,105
12,532,0,111,-0,107
12,584,0,110,-0,103
12,637,0,111,ŌłÆ9,990EŌłÆ2
12,690,0,111,-0,107
12,742,0,110,-0,104
12,795,0,112,ŌłÆ9,891EŌłÆ2
12,848,0,112,-0,108
12,900,0,111,-0,110
12,953,0,111,-0,109
13,006,0,111,-0,103
13,058,0,112,ŌłÆ9,761EŌłÆ2
13,111,0,113,ŌłÆ9,729EŌłÆ2
13,164,0,112,ŌłÆ9,987EŌłÆ2
13,216,0,112,ŌłÆ9,811EŌłÆ2
13,269,0,112,ŌłÆ9,277EŌłÆ2
13,322,0,113,ŌłÆ9,995EŌłÆ2
13,374,0,112,-0,105
13,427,0,113,-0,106
13,480,0,113,-0,104
13,532,0,114,-0,107
13,585,0,113,-0,111
13,638,0,113,-0,107
13,690,0,114,-0,101
13,743,0,115,ŌłÆ9,797EŌłÆ2
13,796,0,114,-0,100
13,848,0,115,-0,104
13,901,0,115,-0,107
13,953,0,114,-0,111
14,006,0,114,-0,110
14,059,0,114,-0,105
14,111,0,115,ŌłÆ9,960EŌłÆ2
14,164,0,115,ŌłÆ9,502EŌłÆ2
14,217,0,115,ŌłÆ9,179EŌłÆ2
14,269,0,115,ŌłÆ9,599EŌłÆ2
14,322,0,114,ŌłÆ9,762EŌłÆ2
14,375,0,113,ŌłÆ9,732EŌłÆ2
14,427,0,114,-0,105
14,480,0,113,-0,110
14,533,0,113,-0,110
14,585,0,114,ŌłÆ9,832EŌłÆ2
14,638,0,115,-0,104
14,691,0,114,-0,110
14,743,0,114,-0,114
14,796,0,113,-0,111
14,849,0,114,-0,108
14,901,0,114,-0,115
14,954,0,113,-0,113
15,007,0,113,-0,101
15,059,0,114,ŌłÆ9,190EŌłÆ2
15,112,0,112,ŌłÆ9,902EŌłÆ2
15,165,0,114,-0,107
15,217,0,113,-0,104
15,270,0,112,ŌłÆ8,892EŌłÆ2
15,322,0,110,ŌłÆ8,081EŌłÆ2
15,375,0,110,ŌłÆ8,191EŌłÆ2
15,428,0,114,ŌłÆ9,943EŌłÆ2
15,480,0,112,-0,105
15,533,0,113,-0,114
15,586,0,112,-0,118
15,638,0,111,-0,115
15,691,0,114,-0,105
15,744,0,113,-0,107
15,796,0,111,-0,100
15,849,0,112,ŌłÆ9,113EŌłÆ2
15,902,0,114,ŌłÆ9,437EŌłÆ2
15,954,0,112,ŌłÆ9,792EŌłÆ2
16,007,0,112,ŌłÆ9,628EŌłÆ2
16,060,0,110,ŌłÆ8,925EŌłÆ2
16,112,0,113,ŌłÆ9,010EŌłÆ2
16,165,0,112,-0,102
16,218,0,110,ŌłÆ9,807EŌłÆ2
16,270,0,110,ŌłÆ9,789EŌłÆ2
16,323,0,112,-0,100
16,376,0,113,ŌłÆ9,857EŌłÆ2
16,428,0,112,ŌłÆ9,143EŌłÆ2
16,481,0,110,ŌłÆ9,165EŌłÆ2
16,534,0,112,ŌłÆ8,939EŌłÆ2
16,586,0,112,ŌłÆ9,790EŌłÆ2
16,639,0,110,ŌłÆ9,858EŌłÆ2
16,692,0,109,ŌłÆ9,199EŌłÆ2
16,744,0,110,ŌłÆ9,182EŌłÆ2
16,797,0,108,ŌłÆ9,547EŌłÆ2
16,849,0,110,ŌłÆ9,331EŌłÆ2
16,902,0,109,ŌłÆ9,364EŌłÆ2
16,955,0,108,ŌłÆ8,941EŌłÆ2
17,007,0,108,ŌłÆ8,978EŌłÆ2
17,060,0,112,-0,103
17,113,0,111,-0,107
17,165,0,112,-0,106
17,218,0,112,-0,112
17,271,0,112,-0,112
17,323,0,112,-0,107
17,376,0,115,-0,102
17,429,0,115,-0,102
17,481,0,114,-0,105
17,534,0,111,-0,100
17,587,0,110,ŌłÆ8,907EŌłÆ2
17,639,0,111,ŌłÆ8,211EŌłÆ2
17,692,0,111,ŌłÆ8,467EŌłÆ2
17,745,0,112,ŌłÆ9,370EŌłÆ2
17,797,0,110,ŌłÆ9,403EŌłÆ2
17,850,0,109,ŌłÆ8,961EŌłÆ2
17,903,0,111,ŌłÆ8,927EŌłÆ2
17,955,0,111,ŌłÆ9,275EŌłÆ2
18,008,0,110,-0,103
18,061,0,110,-0,105
18,113,0,110,-0,104
18,166,0,111,-0,104
18,218,0,111,-0,106
18,271,0,110,-0,105
18,324,0,110,-0,103
18,376,0,110,-0,101
18,429,0,109,ŌłÆ9,437EŌłÆ2
18,482,0,111,ŌłÆ9,790EŌłÆ2
18,534,0,110,-0,102
18,587,0,111,-0,109
18,640,0,110,-0,112
18,692,0,111,-0,111
18,745,0,111,-0,104
18,798,0,111,-0,103
18,850,0,112,-0,102
18,903,0,111,-0,100
18,956,0,112,-0,106
19,008,0,111,-0,102
19,061,0,111,ŌłÆ9,239EŌłÆ2
19,114,0,111,ŌłÆ9,275EŌłÆ2
19,166,0,110,ŌłÆ9,256EŌłÆ2
19,219,0,111,ŌłÆ9,497EŌłÆ2
19,272,0,111,-0,105
19,324,0,110,-0,107
19,377,0,109,ŌłÆ9,988EŌłÆ2
19,430,0,110,ŌłÆ9,330EŌłÆ2
19,482,0,112,ŌłÆ9,436EŌłÆ2
19,535,0,114,-0,107
19,588,0,112,-0,116
19,640,0,112,-0,115
19,693,0,113,-0,113
19,745,0,113,-0,113
19,798,0,113,-0,109
19,851,0,112,ŌłÆ9,719EŌłÆ2
19,903,0,112,ŌłÆ9,223EŌłÆ2
19,956,0,113,ŌłÆ9,568EŌłÆ2
20,009,0,112,ŌłÆ9,607EŌłÆ2
20,061,0,112,ŌłÆ9,223EŌłÆ2
20,114,0,115,ŌłÆ9,907EŌłÆ2
20,167,0,113,-0,106
20,219,0,112,-0,104
20,272,0,112,-0,105
20,325,0,113,-0,115
20,377,0,112,-0,124
20,430,0,112,-0,126
20,483,0,112,-0,124
20,535,0,113,-0,118
20,588,0,113,-0,115
20,641,0,114,-0,105
20,693,0,114,ŌłÆ9,869EŌłÆ2
20,746,0,115,ŌłÆ9,870EŌłÆ2
20,799,0,114,ŌłÆ9,778EŌłÆ2
20,851,0,113,ŌłÆ9,742EŌłÆ2
20,904,0,112,ŌłÆ9,646EŌłÆ2
20,957,0,111,ŌłÆ8,210EŌłÆ2
21,009,0,110,ŌłÆ8,283EŌłÆ2
21,062,0,112,-0,103
21,114,0,112,-0,109
21,167,0,110,-0,111
21,220,0,110,ŌłÆ9,898EŌłÆ2
21,272,0,110,ŌłÆ8,430EŌłÆ2
21,325,0,111,ŌłÆ8,009EŌłÆ2
21,378,0,112,ŌłÆ8,690EŌłÆ2
21,430,0,114,ŌłÆ9,503EŌłÆ2
21,483,0,113,ŌłÆ9,527EŌłÆ2
21,536,0,112,-0,101
21,588,0,113,-0,105
21,641,0,113,ŌłÆ9,794EŌłÆ2
21,694,0,112,ŌłÆ9,131EŌłÆ2
21,746,0,113,ŌłÆ9,537EŌłÆ2
21,799,0,112,ŌłÆ9,482EŌłÆ2
21,852,0,111,-0,101
21,904,0,111,ŌłÆ9,588EŌłÆ2
21,957,0,113,ŌłÆ9,224EŌłÆ2
22,010,0,112,-0,100
22,062,0,112,-0,105
22,115,0,114,-0,111
22,168,0,113,-0,114
22,220,0,113,-0,113
22,273,0,114,-0,105
22,326,0,112,-0,103
22,378,0,112,ŌłÆ9,903EŌłÆ2
22,431,0,113,ŌłÆ8,728EŌłÆ2
22,484,0,114,ŌłÆ8,546EŌłÆ2
22,536,0,112,ŌłÆ8,745EŌłÆ2
22,589,0,113,ŌłÆ9,297EŌłÆ2
22,641,0,116,-0,104
22,694,0,115,-0,109
22,747,0,115,-0,110
22,799,0,114,-0,112
22,852,0,114,-0,110
22,905,0,113,ŌłÆ9,885EŌłÆ2
22,957,0,113,ŌłÆ9,775EŌłÆ2
23,010,0,110,-0,101
23,063,0,111,ŌłÆ9,496EŌłÆ2
23,115,0,110,ŌłÆ8,980EŌłÆ2
23,168,0,109,ŌłÆ8,997EŌłÆ2
23,221,0,109,ŌłÆ9,052EŌłÆ2
23,273,0,108,ŌłÆ9,235EŌłÆ2
23,326,0,107,ŌłÆ9,949EŌłÆ2
23,379,0,108,-0,112
23,431,0,110,-0,117
23,484,0,111,-0,117
23,537,0,111,-0,117
23,589,0,111,-0,119
23,642,0,111,-0,121
23,695,0,110,-0,122
23,747,0,110,-0,114
23,800,0,111,-0,104
23,853,0,112,-0,108
23,905,0,112,-0,116
23,958,0,113,-0,113
24,010,0,113,-0,107
24,063,0,115,-0,105
24,116,0,115,-0,100
24,168,0,114,ŌłÆ9,723EŌłÆ2
24,221,0,115,ŌłÆ9,724EŌłÆ2
24,274,0,114,-0,104
24,326,0,112,ŌłÆ9,958EŌłÆ2
24,379,0,113,ŌłÆ9,389EŌłÆ2
24,432,0,114,ŌłÆ9,758EŌłÆ2
24,484,0,114,ŌłÆ9,410EŌłÆ2
24,537,0,113,ŌłÆ9,115EŌłÆ2
24,590,0,113,ŌłÆ8,856EŌłÆ2
24,642,0,113,ŌłÆ8,987EŌłÆ2
24,695,0,113,ŌłÆ9,885EŌłÆ2
24,748,0,113,-0,103
24,800,0,113,-0,110
24,853,0,113,-0,113
24,906,0,111,-0,112
24,958,0,112,-0,109
25,011,0,112,-0,116
25,064,0,111,-0,114
25,116,0,113,-0,104
25,169,0,114,ŌłÆ9,373EŌłÆ2
25,222,0,115,ŌłÆ9,301EŌłÆ2
25,274,0,112,ŌłÆ9,278EŌłÆ2
25,327,0,112,ŌłÆ9,131EŌłÆ2
25,380,0,112,ŌłÆ9,462EŌłÆ2
25,432,0,113,ŌłÆ9,610EŌłÆ2
25,485,0,111,ŌłÆ9,681EŌłÆ2
25,537,0,112,-0,106
25,590,0,110,-0,106
25,643,0,112,ŌłÆ9,627EŌłÆ2
25,695,0,112,ŌłÆ9,535EŌłÆ2
25,748,0,111,-0,100
25,801,0,112,-0,107
25,853,0,111,-0,105
25,906,0,110,ŌłÆ9,881EŌłÆ2
25,959,0,110,ŌłÆ9,641EŌłÆ2
26,011,0,110,ŌłÆ9,440EŌłÆ2
26,064,0,111,-0,106
26,117,0,110,-0,115
26,169,0,110,-0,113
26,222,0,110,-0,103
26,275,0,110,ŌłÆ9,862EŌłÆ2
26,327,0,111,ŌłÆ9,643EŌłÆ2
26,380,0,111,-0,101
26,433,0,111,ŌłÆ9,644EŌłÆ2
26,485,0,110,ŌłÆ9,182EŌłÆ2
26,538,0,110,-0,109
26,591,0,110,-0,114
26,643,0,108,-0,109
26,696,0,110,ŌłÆ9,752EŌłÆ2
26,749,0,111,ŌłÆ8,890EŌłÆ2
26,801,0,112,ŌłÆ9,645EŌłÆ2
26,854,0,112,-0,103
26,906,0,111,-0,105
26,959,0,112,ŌłÆ9,608EŌłÆ2
27,012,0,112,ŌłÆ9,149EŌłÆ2
27,064,0,112,-0,103
27,117,0,112,ŌłÆ9,681EŌłÆ2
27,170,0,110,ŌłÆ8,338EŌłÆ2
27,222,0,110,ŌłÆ8,063EŌłÆ2
27,275,0,112,ŌłÆ8,414EŌłÆ2
27,328,0,112,ŌłÆ9,167EŌłÆ2
27,380,0,111,ŌłÆ9,993EŌłÆ2
27,433,0,112,ŌłÆ9,846EŌłÆ2
27,486,0,113,ŌłÆ9,866EŌłÆ2
27,538,0,113,ŌłÆ9,842EŌłÆ2
27,591,0,113,-0,101
27,644,0,113,-0,103
27,696,0,114,-0,104
27,749,0,114,-0,102
27,802,0,114,-0,103
27,854,0,114,-0,102
27,907,0,115,-0,103
27,960,0,115,-0,109
28,012,0,114,-0,110
28,065,0,113,-0,111
28,118,0,113,-0,105
28,170,0,113,ŌłÆ9,225EŌłÆ2
28,223,0,113,ŌłÆ8,637EŌłÆ2
28,276,0,112,ŌłÆ8,065EŌłÆ2
28,328,0,111,ŌłÆ8,061EŌłÆ2
28,381,0,113,ŌłÆ8,728EŌłÆ2
28,433,0,115,-0,103
28,486,0,114,-0,103
28,539,0,114,-0,101
28,591,0,114,-0,102
28,644,0,115,-0,112
28,697,0,115,-0,119
28,749,0,114,-0,120
28,802,0,114,-0,116
28,855,0,115,-0,106
28,907,0,117,ŌłÆ9,827EŌłÆ2
28,960,0,116,-0,102
29,013,0,116,ŌłÆ9,726EŌłÆ2
29,065,0,116,ŌłÆ8,898EŌłÆ2
29,118,0,116,ŌłÆ9,008EŌłÆ2
29,171,0,114,ŌłÆ9,164EŌłÆ2
29,223,0,113,ŌłÆ8,380EŌłÆ2
29,276,0,114,ŌłÆ8,197EŌłÆ2
29,329,0,113,ŌłÆ9,044EŌłÆ2
29,381,0,112,ŌłÆ8,471EŌłÆ2
29,434,0,112,ŌłÆ8,213EŌłÆ2
29,487,0,114,ŌłÆ8,895EŌłÆ2
29,539,0,113,ŌłÆ9,959EŌłÆ2
29,592,0,113,ŌłÆ9,794EŌłÆ2
29,645,0,112,ŌłÆ9,333EŌłÆ2
29,697,0,111,ŌłÆ9,276EŌłÆ2
29,750,0,111,ŌłÆ9,111EŌłÆ2
29,802,0,112,ŌłÆ8,836EŌłÆ2
29,855,0,112,ŌłÆ9,406EŌłÆ2
29,908,0,112,ŌłÆ9,682EŌłÆ2
29,960,0,112,ŌłÆ9,654EŌłÆ2
30,013,0,113,ŌłÆ9,848EŌłÆ2
30,066,0,112,ŌłÆ9,878EŌłÆ2
30,118,0,112,ŌłÆ9,980EŌłÆ2
30,171,0,113,-0,107
30,224,0,112,-0,112
30,276,0,111,-0,112
30,329,0,112,-0,104
30,382,0,113,ŌłÆ9,945EŌłÆ2
30,434,0,113,ŌłÆ9,815EŌłÆ2
30,487,0,114,ŌłÆ9,719EŌłÆ2
30,540,0,113,ŌłÆ9,778EŌłÆ2
30,592,0,114,ŌłÆ9,453EŌłÆ2
30,645,0,115,ŌłÆ9,885EŌłÆ2
30,698,0,114,-0,102
30,750,0,115,-0,107
30,803,0,114,-0,109
30,856,0,114,-0,106
30,908,0,114,-0,100
30,961,0,115,ŌłÆ9,884EŌłÆ2
31,014,0,115,-0,106
31,066,0,114,-0,111
31,119,0,114,-0,105
31,172,0,115,ŌłÆ9,448EŌłÆ2
31,224,0,114,ŌłÆ9,721EŌłÆ2
31,277,0,114,ŌłÆ9,813EŌłÆ2
31,329,0,113,ŌłÆ9,847EŌłÆ2
31,382,0,113,ŌłÆ9,518EŌłÆ2
31,435,0,113,ŌłÆ9,909EŌłÆ2
31,487,0,113,ŌłÆ9,873EŌłÆ2
31,540,0,112,ŌłÆ9,908EŌłÆ2
31,593,0,111,-0,106
31,645,0,110,-0,105
31,698,0,111,-0,105
31,751,0,109,-0,107
31,803,0,110,ŌłÆ9,679EŌłÆ2
31,856,0,111,ŌłÆ9,249EŌłÆ2
31,909,0,112,ŌłÆ9,646EŌłÆ2
31,961,0,112,-0,103
32,014,0,112,-0,107
32,067,0,112,-0,106
32,119,0,113,-0,110
32,172,0,113,-0,110
32,225,0,113,-0,110
32,277,0,113,-0,111
32,330,0,113,-0,103
32,383,0,113,ŌłÆ9,591EŌłÆ2
32,435,0,114,ŌłÆ9,373EŌłÆ2
32,488,0,113,ŌłÆ9,188EŌłÆ2
32,541,0,113,ŌłÆ9,390EŌłÆ2
32,593,0,112,ŌłÆ9,113EŌłÆ2
32,646,0,111,ŌłÆ9,184EŌłÆ2
32,698,0,112,-0,102
32,751,0,111,ŌłÆ9,790EŌłÆ2
32,804,0,111,ŌłÆ9,551EŌłÆ2
32,856,0,110,ŌłÆ9,752EŌłÆ2
32,909,0,110,ŌłÆ9,550EŌłÆ2
32,962,0,109,ŌłÆ9,236EŌłÆ2
33,014,0,109,ŌłÆ8,979EŌłÆ2
33,067,0,109,-0,104
33,120,0,109,-0,111
33,172,0,109,-0,120
33,225,0,109,-0,122
33,278,0,111,-0,118
33,330,0,111,-0,110
33,383,0,113,-0,105
33,436,0,114,-0,106
33,488,0,114,-0,110
33,541,0,113,-0,116
33,594,0,114,-0,111
33,646,0,114,-0,100
33,699,0,113,ŌłÆ9,078EŌłÆ2
33,752,0,115,ŌłÆ9,301EŌłÆ2
33,804,0,114,ŌłÆ9,612EŌłÆ2
33,857,0,114,-0,102
33,910,0,115,-0,105
33,962,0,116,-0,104
34,015,0,115,-0,104
34,068,0,115,-0,106
34,120,0,114,-0,109
34,173,0,114,-0,106
34,225,0,114,-0,100
34,278,0,114,ŌłÆ9,661EŌłÆ2
34,331,0,114,ŌłÆ9,409EŌłÆ2
34,383,0,113,ŌłÆ8,545EŌłÆ2
34,436,0,114,ŌłÆ9,153EŌłÆ2
34,489,0,114,-0,101
34,541,0,112,ŌłÆ9,773EŌłÆ2
34,594,0,113,ŌłÆ9,367EŌłÆ2
34,647,0,112,ŌłÆ9,212EŌłÆ2
34,699,0,111,ŌłÆ9,018EŌłÆ2
34,752,0,111,ŌłÆ9,734EŌłÆ2
34,805,0,111,-0,100
34,857,0,110,ŌłÆ9,623EŌłÆ2
34,910,0,111,ŌłÆ9,937EŌłÆ2
34,963,0,111,-0,102
35,015,0,111,-0,101
35,068,0,111,-0,101
35,121,0,112,-0,107
35,173,0,111,-0,114
35,226,0,111,-0,111
35,279,0,113,-0,104
35,331,0,112,-0,104
35,384,0,111,ŌłÆ9,938EŌłÆ2
35,437,0,113,ŌłÆ8,508EŌłÆ2
35,489,0,111,ŌłÆ8,045EŌłÆ2
35,542,0,111,ŌłÆ8,394EŌłÆ2
35,595,0,111,ŌłÆ9,240EŌłÆ2
35,647,0,112,ŌłÆ9,466EŌłÆ2
35,700,0,112,-0,109
35,752,0,112,-0,112
35,805,0,112,-0,108
35,858,0,113,-0,101
35,910,0,113,-0,103
35,963,0,112,-0,104
36,016,0,112,-0,103
36,068,0,112,-0,104
36,121,0,111,-0,106
36,174,0,111,-0,104
36,226,0,112,-0,103
36,279,0,112,-0,108
36,332,0,113,-0,107
36,384,0,113,-0,106
36,437,0,114,-0,112
36,490,0,114,-0,115
36,542,0,114,-0,119
36,595,0,113,-0,120
36,648,0,113,-0,115
36,700,0,114,-0,108
36,753,0,113,-0,110
36,806,0,112,-0,108
36,858,0,112,ŌłÆ9,608EŌłÆ2
36,911,0,114,ŌłÆ8,987EŌłÆ2
36,964,0,112,ŌłÆ8,728EŌłÆ2
37,016,0,112,ŌłÆ8,690EŌłÆ2
37,069,0,111,ŌłÆ8,671EŌłÆ2
37,121,0,113,ŌłÆ9,610EŌłÆ2
37,174,0,114,-0,111
37,227,0,112,-0,114
37,279,0,112,ŌłÆ9,296EŌłÆ2
37,332,0,113,ŌłÆ8,692EŌłÆ2
37,385,0,111,ŌłÆ8,981EŌłÆ2
37,437,0,111,ŌłÆ7,202EŌłÆ2
37,490,0,113,ŌłÆ7,425EŌłÆ2
37,543,0,113,ŌłÆ8,545EŌłÆ2
37,595,0,112,ŌłÆ8,544EŌłÆ2
37,648,0,110,ŌłÆ8,870EŌłÆ2
37,701,0,109,ŌłÆ8,337EŌłÆ2
37,753,0,110,ŌłÆ8,484EŌłÆ2
37,806,0,112,ŌłÆ9,994EŌłÆ2
37,859,0,112,-0,101
37,911,0,112,ŌłÆ9,966EŌłÆ2
37,964,0,112,-0,103
38,017,0,112,-0,104
38,069,0,112,-0,108
38,122,0,112,-0,109
38,175,0,113,ŌłÆ9,763EŌłÆ2
38,227,0,113,ŌłÆ9,831EŌłÆ2
38,280,0,113,ŌłÆ9,536EŌłÆ2
38,333,0,113,ŌłÆ9,405EŌłÆ2
38,385,0,114,-0,102
38,438,0,113,-0,104
38,491,0,113,ŌłÆ9,848EŌłÆ2
38,543,0,114,ŌłÆ9,722EŌłÆ2
38,596,0,115,-0,110
38,648,0,107,-0,110
38,701,0,108,-0,110
38,754,0,115,-0,110
38,806,0,116,-0,109
38,859,0,116,-0,107
38,912,0,116,-0,107
38,964,0,116,-0,110
39,017,0,115,-0,105
39,070,0,115,ŌłÆ9,540EŌłÆ2
39,122,0,116,ŌłÆ9,836EŌłÆ2
39,175,0,115,-0,110
39,228,0,114,-0,109
39,280,0,114,-0,103
39,333,0,116,ŌłÆ9,670EŌłÆ2
39,386,0,114,ŌłÆ9,631EŌłÆ2
39,438,0,115,ŌłÆ9,742EŌłÆ2
39,491,0,116,ŌłÆ9,688EŌłÆ2
39,544,0,115,ŌłÆ9,741EŌłÆ2
39,596,0,112,ŌłÆ9,443EŌłÆ2
39,649,0,113,ŌłÆ8,563EŌłÆ2
39,702,0,113,ŌłÆ8,526EŌłÆ2
39,754,0,113,ŌłÆ9,408EŌłÆ2
39,807,0,113,ŌłÆ9,573EŌłÆ2
39,860,0,113,ŌłÆ9,728EŌłÆ2
39,912,0,113,ŌłÆ9,998EŌłÆ2
39,965,0,113,-0,106
40,017,0,113,-0,107
40,070,0,113,-0,103
40,123,0,114,-0,102
40,175,0,114,-0,102
40,228,0,114,-0,107
40,281,0,114,-0,107
40,333,0,113,-0,103
40,386,0,113,-0,102
40,439,0,113,ŌłÆ9,930EŌłÆ2
40,491,0,112,ŌłÆ9,666EŌłÆ2
