,mass A,,
t,x,y,
0,000,0,109,-0,126
0,044,0,110,-0,121
0,089,0,110,-0,118
0,133,0,109,-0,110
0,178,0,109,-0,107
0,222,0,109,-0,104
0,267,0,108,-0,101
0,311,0,108,ŌłÆ9,899EŌłÆ2
0,356,0,108,ŌłÆ9,769EŌłÆ2
0,400,0,107,ŌłÆ9,680EŌłÆ2
0,445,0,107,ŌłÆ9,632EŌłÆ2
0,489,0,106,ŌłÆ9,629EŌłÆ2
0,533,0,105,ŌłÆ9,686EŌłÆ2
0,578,0,103,ŌłÆ9,785EŌłÆ2
0,622,0,102,ŌłÆ9,923EŌłÆ2
0,667,0,100,-0,101
0,711,9,836EŌłÆ2,-0,103
0,756,9,657EŌłÆ2,-0,105
0,800,9,489EŌłÆ2,-0,108
0,845,9,325EŌłÆ2,-0,111
0,889,9,161EŌłÆ2,-0,114
0,934,9,015EŌłÆ2,-0,117
0,978,8,855EŌłÆ2,-0,120
1,022,8,689EŌłÆ2,-0,123
1,067,8,514EŌłÆ2,-0,127
1,111,8,330EŌłÆ2,-0,130
1,156,8,138EŌłÆ2,-0,133
1,200,7,907EŌłÆ2,-0,136
1,245,7,673EŌłÆ2,-0,137
1,289,7,480EŌłÆ2,-0,138
1,334,7,318EŌłÆ2,-0,138
1,378,7,188EŌłÆ2,-0,139
1,423,7,186EŌłÆ2,-0,140
1,467,7,154EŌłÆ2,-0,142
1,511,7,153EŌłÆ2,-0,143
1,556,7,179EŌłÆ2,-0,144
1,600,7,237EŌłÆ2,-0,145
1,645,7,305EŌłÆ2,-0,146
1,689,7,343EŌłÆ2,-0,147
1,734,7,403EŌłÆ2,-0,149
1,778,7,463EŌłÆ2,-0,150
1,823,7,556EŌłÆ2,-0,152
1,867,7,656EŌłÆ2,-0,154
1,912,7,784EŌłÆ2,-0,156
1,956,7,970EŌłÆ2,-0,159
2,000,8,160EŌłÆ2,-0,163
2,045,8,344EŌłÆ2,-0,166
2,089,8,510EŌłÆ2,-0,171
2,134,8,695EŌłÆ2,-0,175
2,178,8,886EŌłÆ2,-0,178
2,223,9,075EŌłÆ2,-0,182
2,267,9,267EŌłÆ2,-0,184
2,312,9,458EŌłÆ2,-0,187
2,356,9,591EŌłÆ2,-0,188
2,401,9,721EŌłÆ2,-0,190
2,445,9,842EŌłÆ2,-0,191
2,489,9,914EŌłÆ2,-0,192
2,534,9,976EŌłÆ2,-0,193
2,578,0,100,-0,194
2,623,0,100,-0,194
2,667,0,101,-0,193
2,712,0,101,-0,192
2,756,0,101,-0,190
2,801,0,102,-0,187
2,845,0,102,-0,184
2,890,0,103,-0,181
2,934,0,103,-0,176
2,978,0,103,-0,171
3,023,0,103,-0,165
3,067,0,103,-0,160
3,112,0,103,-0,154
3,156,0,104,-0,148
3,201,0,104,-0,142
3,245,0,105,-0,136
3,290,0,105,-0,130
3,334,0,106,-0,125
3,379,0,107,-0,120
3,423,0,108,-0,115
3,467,0,109,-0,111
3,512,0,110,-0,109
3,556,0,108,-0,102
3,601,0,108,ŌłÆ9,962EŌłÆ2
3,645,0,108,ŌłÆ9,769EŌłÆ2
3,690,0,107,ŌłÆ9,608EŌłÆ2
3,734,0,106,ŌłÆ9,504EŌłÆ2
3,779,0,105,ŌłÆ9,442EŌłÆ2
3,823,0,104,ŌłÆ9,469EŌłÆ2
3,868,0,103,ŌłÆ9,507EŌłÆ2
3,912,0,102,ŌłÆ9,605EŌłÆ2
3,956,0,101,ŌłÆ9,723EŌłÆ2
4,001,0,101,ŌłÆ9,886EŌłÆ2
4,045,9,974EŌłÆ2,-0,101
4,090,9,843EŌłÆ2,-0,103
4,134,9,662EŌłÆ2,-0,105
4,179,9,454EŌłÆ2,-0,108
4,223,9,222EŌłÆ2,-0,110
4,268,8,991EŌłÆ2,-0,114
4,312,8,796EŌłÆ2,-0,117
4,357,8,627EŌłÆ2,-0,121
4,401,8,511EŌłÆ2,-0,125
4,445,8,402EŌłÆ2,-0,129
4,490,8,315EŌłÆ2,-0,133
4,534,8,242EŌłÆ2,-0,136
4,579,8,165EŌłÆ2,-0,139
4,623,8,071EŌłÆ2,-0,140
4,668,7,966EŌłÆ2,-0,140
4,712,7,928EŌłÆ2,-0,142
4,757,7,849EŌłÆ2,-0,143
4,801,7,811EŌłÆ2,-0,143
4,846,7,790EŌłÆ2,-0,142
4,890,7,848EŌłÆ2,-0,141
4,934,7,928EŌłÆ2,-0,140
4,979,8,022EŌłÆ2,-0,140
5,023,8,145EŌłÆ2,-0,140
5,068,8,309EŌłÆ2,-0,142
5,112,8,462EŌłÆ2,-0,145
5,157,8,563EŌłÆ2,-0,147
5,201,8,686EŌłÆ2,-0,151
5,246,8,804EŌłÆ2,-0,155
5,290,8,928EŌłÆ2,-0,158
5,335,9,063EŌłÆ2,-0,161
5,379,9,248EŌłÆ2,-0,164
5,423,9,441EŌłÆ2,-0,166
5,468,9,641EŌłÆ2,-0,167
5,512,9,837EŌłÆ2,-0,168
5,557,0,100,-0,169
5,601,0,102,-0,170
5,646,0,103,-0,170
5,690,0,104,-0,170
5,735,0,105,-0,170
5,779,0,105,-0,171
5,824,0,106,-0,171
5,868,0,106,-0,171
5,912,0,106,-0,172
5,957,0,106,-0,172
6,001,0,106,-0,171
6,046,0,106,-0,169
6,090,0,106,-0,166
6,135,0,106,-0,163
6,179,0,107,-0,158
6,224,0,108,-0,153
6,268,0,108,-0,147
6,313,0,109,-0,141
6,357,0,109,-0,135
6,401,0,110,-0,131
6,446,0,110,-0,126
6,490,0,111,-0,122
6,535,0,111,-0,119
6,579,0,110,-0,116
6,624,0,109,-0,113
6,668,0,109,-0,110
6,713,0,108,-0,107
6,757,0,108,-0,105
6,802,0,108,-0,103
6,846,0,108,-0,101
6,890,0,108,ŌłÆ9,978EŌłÆ2
6,935,0,107,ŌłÆ9,911EŌłÆ2
6,979,0,107,ŌłÆ9,872EŌłÆ2
7,024,0,106,ŌłÆ9,852EŌłÆ2
7,068,0,105,ŌłÆ9,847EŌłÆ2
7,113,0,104,ŌłÆ9,841EŌłÆ2
7,157,0,103,ŌłÆ9,872EŌłÆ2
7,202,0,101,ŌłÆ9,938EŌłÆ2
7,246,9,938EŌłÆ2,-0,101
7,291,9,770EŌłÆ2,-0,102
7,335,9,600EŌłÆ2,-0,104
7,379,9,438EŌłÆ2,-0,106
7,424,9,270EŌłÆ2,-0,109
7,468,9,126EŌłÆ2,-0,112
7,513,9,003EŌłÆ2,-0,115
7,557,8,919EŌłÆ2,-0,118
7,602,8,825EŌłÆ2,-0,121
7,646,8,749EŌłÆ2,-0,124
7,691,8,654EŌłÆ2,-0,127
7,735,8,548EŌłÆ2,-0,131
7,780,8,409EŌłÆ2,-0,134
7,824,8,268EŌłÆ2,-0,136
7,868,8,102EŌłÆ2,-0,137
7,913,7,939EŌłÆ2,-0,138
7,957,7,804EŌłÆ2,-0,138
8,002,7,673EŌłÆ2,-0,139
8,046,7,605EŌłÆ2,-0,139
8,091,7,574EŌłÆ2,-0,140
8,135,7,572EŌłÆ2,-0,141
8,180,7,628EŌłÆ2,-0,142
8,224,7,730EŌłÆ2,-0,143
8,269,7,835EŌłÆ2,-0,144
8,313,7,984EŌłÆ2,-0,146
8,357,8,143EŌłÆ2,-0,149
8,402,8,301EŌłÆ2,-0,152
8,446,8,435EŌłÆ2,-0,155
8,491,8,589EŌłÆ2,-0,158
8,535,8,747EŌłÆ2,-0,161
8,580,8,906EŌłÆ2,-0,164
8,624,9,068EŌłÆ2,-0,167
8,669,9,253EŌłÆ2,-0,169
8,713,9,386EŌłÆ2,-0,172
8,757,9,540EŌłÆ2,-0,175
8,802,9,638EŌłÆ2,-0,179
8,846,9,730EŌłÆ2,-0,182
8,891,9,788EŌłÆ2,-0,184
8,935,9,820EŌłÆ2,-0,185
8,980,9,878EŌłÆ2,-0,186
9,024,9,917EŌłÆ2,-0,185
9,069,9,955EŌłÆ2,-0,184
9,113,9,996EŌłÆ2,-0,182
9,158,0,101,-0,179
9,202,0,101,-0,175
9,246,0,102,-0,170
9,291,0,102,-0,165
9,335,0,103,-0,159
9,380,0,104,-0,152
9,424,0,104,-0,145
9,469,0,105,-0,138
9,513,0,106,-0,132
9,558,0,107,-0,127
9,602,0,108,-0,123
9,647,0,110,-0,113
9,691,0,110,-0,108
9,735,0,110,-0,104
9,780,0,110,-0,101
9,824,0,110,ŌłÆ9,877EŌłÆ2
9,869,0,109,ŌłÆ9,684EŌłÆ2
9,913,0,109,ŌłÆ9,549EŌłÆ2
9,958,0,108,ŌłÆ9,460EŌłÆ2
10,002,0,107,ŌłÆ9,415EŌłÆ2
10,047,0,107,ŌłÆ9,412EŌłÆ2
10,091,0,106,ŌłÆ9,444EŌłÆ2
10,136,0,104,ŌłÆ9,537EŌłÆ2
10,180,0,103,ŌłÆ9,644EŌłÆ2
10,224,0,102,ŌłÆ9,772EŌłÆ2
10,269,0,101,ŌłÆ9,951EŌłÆ2
10,313,0,100,-0,101
10,358,9,858EŌłÆ2,-0,103
10,402,9,664EŌłÆ2,-0,106
10,447,9,468EŌłÆ2,-0,108
10,491,9,264EŌłÆ2,-0,111
10,536,9,054EŌłÆ2,-0,113
10,580,8,865EŌłÆ2,-0,117
10,625,8,689EŌłÆ2,-0,120
10,669,8,586EŌłÆ2,-0,123
10,713,8,384EŌłÆ2,-0,126
10,758,8,246EŌłÆ2,-0,129
10,802,8,137EŌłÆ2,-0,131
10,847,8,041EŌłÆ2,-0,133
10,891,7,943EŌłÆ2,-0,135
10,936,7,872EŌłÆ2,-0,136
10,980,7,776EŌłÆ2,-0,137
11,025,7,646EŌłÆ2,-0,142
11,069,7,613EŌłÆ2,-0,142
11,114,7,611EŌłÆ2,-0,142
11,158,7,648EŌłÆ2,-0,142
11,202,7,706EŌłÆ2,-0,143
11,247,7,773EŌłÆ2,-0,144
11,291,7,865EŌłÆ2,-0,146
11,336,7,932EŌłÆ2,-0,149
11,380,8,018EŌłÆ2,-0,152
11,425,8,112EŌłÆ2,-0,155
11,469,8,207EŌłÆ2,-0,158
11,514,8,329EŌłÆ2,-0,162
11,558,8,447EŌłÆ2,-0,166
11,603,8,550EŌłÆ2,-0,171
11,647,8,673EŌłÆ2,-0,175
11,691,8,825EŌłÆ2,-0,179
11,736,8,988EŌłÆ2,-0,181
11,780,9,175EŌłÆ2,-0,183
11,825,9,338EŌłÆ2,-0,185
11,869,9,529EŌłÆ2,-0,187
11,914,9,688EŌłÆ2,-0,189
11,958,9,822EŌłÆ2,-0,190
12,003,9,949EŌłÆ2,-0,191
12,047,0,100,-0,192
12,092,0,100,-0,192
12,136,0,101,-0,193
12,180,0,101,-0,193
12,225,0,101,-0,193
12,269,0,101,-0,192
12,314,0,101,-0,190
12,358,0,101,-0,188
12,403,0,101,-0,184
12,447,0,101,-0,179
12,492,0,101,-0,172
12,536,0,103,-0,165
12,581,0,104,-0,158
12,625,0,104,-0,150
12,669,0,105,-0,143
12,714,0,106,-0,136
12,758,0,106,-0,130
12,803,0,107,-0,124
12,847,0,107,-0,120
12,892,0,107,-0,112
12,936,0,108,-0,108
12,981,0,108,-0,104
13,025,0,108,-0,101
13,070,0,108,ŌłÆ9,791EŌłÆ2
13,114,0,107,ŌłÆ9,598EŌłÆ2
13,158,0,107,ŌłÆ9,495EŌłÆ2
13,203,0,106,ŌłÆ9,400EŌłÆ2
13,247,0,106,ŌłÆ9,338EŌłÆ2
13,292,0,105,ŌłÆ9,328EŌłÆ2
13,336,0,104,ŌłÆ9,362EŌłÆ2
13,381,0,103,ŌłÆ9,459EŌłÆ2
13,425,0,102,ŌłÆ9,595EŌłÆ2
13,470,0,100,ŌłÆ9,784EŌłÆ2
13,514,9,871EŌłÆ2,-0,100
13,559,9,693EŌłÆ2,-0,103
13,603,9,527EŌłÆ2,-0,105
13,647,9,394EŌłÆ2,-0,108
13,692,9,255EŌłÆ2,-0,110
13,736,9,090EŌłÆ2,-0,113
13,781,8,955EŌłÆ2,-0,116
13,825,8,828EŌłÆ2,-0,119
13,870,8,716EŌłÆ2,-0,121
13,914,8,613EŌłÆ2,-0,124
13,959,8,507EŌłÆ2,-0,126
14,003,8,390EŌłÆ2,-0,129
14,048,8,281EŌłÆ2,-0,131
14,092,8,147EŌłÆ2,-0,133
14,136,8,009EŌłÆ2,-0,135
14,181,7,872EŌłÆ2,-0,135
14,225,7,759EŌłÆ2,-0,138
14,270,7,776EŌłÆ2,-0,138
14,314,7,769EŌłÆ2,-0,139
14,359,7,783EŌłÆ2,-0,139
14,403,7,805EŌłÆ2,-0,140
14,448,7,867EŌłÆ2,-0,142
14,492,7,899EŌłÆ2,-0,145
14,537,7,962EŌłÆ2,-0,147
14,581,8,022EŌłÆ2,-0,150
14,625,8,110EŌłÆ2,-0,153
14,670,8,204EŌłÆ2,-0,156
14,714,8,333EŌłÆ2,-0,158
14,759,8,491EŌłÆ2,-0,161
14,803,8,649EŌłÆ2,-0,164
14,848,8,834EŌłÆ2,-0,168
14,892,8,994EŌłÆ2,-0,171
14,937,9,153EŌłÆ2,-0,175
14,981,9,306EŌłÆ2,-0,178
15,026,9,436EŌłÆ2,-0,182
15,070,9,561EŌłÆ2,-0,184
15,114,9,692EŌłÆ2,-0,187
15,159,9,813EŌłÆ2,-0,189
15,203,9,913EŌłÆ2,-0,191
15,248,0,100,-0,192
15,292,0,101,-0,192
15,337,0,101,-0,191
15,381,0,102,-0,190
15,426,0,102,-0,188
15,470,0,102,-0,185
15,515,0,103,-0,181
15,559,0,103,-0,176
15,603,0,104,-0,170
15,648,0,105,-0,163
15,692,0,106,-0,155
15,737,0,108,-0,147
15,781,0,109,-0,139
15,826,0,109,-0,132
15,870,0,110,-0,127
15,915,0,110,-0,122
15,959,0,110,-0,114
16,004,0,110,-0,110
16,048,0,110,-0,106
16,092,0,110,-0,102
16,137,0,109,ŌłÆ9,971EŌłÆ2
16,181,0,109,ŌłÆ9,780EŌłÆ2
16,226,0,108,ŌłÆ9,644EŌłÆ2
16,270,0,108,ŌłÆ9,539EŌłÆ2
16,315,0,107,ŌłÆ9,473EŌłÆ2
16,359,0,106,ŌłÆ9,434EŌłÆ2
16,404,0,105,ŌłÆ9,446EŌłÆ2
16,448,0,104,ŌłÆ9,506EŌłÆ2
16,493,0,103,ŌłÆ9,586EŌłÆ2
16,537,0,102,ŌłÆ9,712EŌłÆ2
16,581,0,101,ŌłÆ9,829EŌłÆ2
16,626,9,956EŌłÆ2,ŌłÆ9,983EŌłÆ2
16,670,9,791EŌłÆ2,-0,102
16,715,9,601EŌłÆ2,-0,104
16,759,9,432EŌłÆ2,-0,107
16,804,9,257EŌłÆ2,-0,110
16,848,9,063EŌłÆ2,-0,113
16,893,8,866EŌłÆ2,-0,117
16,937,8,711EŌłÆ2,-0,120
16,982,8,551EŌłÆ2,-0,124
17,026,8,410EŌłÆ2,-0,128
17,070,8,275EŌłÆ2,-0,131
17,115,8,142EŌłÆ2,-0,133
17,159,8,032EŌłÆ2,-0,135
17,204,7,910EŌłÆ2,-0,138
17,248,7,774EŌłÆ2,-0,141
17,293,7,631EŌłÆ2,-0,143
17,337,7,437EŌłÆ2,-0,144
17,382,7,221EŌłÆ2,-0,145
17,426,7,128EŌłÆ2,-0,146
17,471,7,063EŌłÆ2,-0,145
17,515,7,083EŌłÆ2,-0,145
17,559,7,106EŌłÆ2,-0,145
17,604,7,142EŌłÆ2,-0,146
17,648,7,228EŌłÆ2,-0,146
17,693,7,303EŌłÆ2,-0,147
17,737,7,393EŌłÆ2,-0,149
17,782,7,493EŌłÆ2,-0,151
17,826,7,612EŌłÆ2,-0,154
17,871,7,770EŌłÆ2,-0,158
17,915,7,928EŌłÆ2,-0,160
17,960,8,092EŌłÆ2,-0,163
18,004,8,306EŌłÆ2,-0,167
18,048,8,470EŌłÆ2,-0,171
18,093,8,623EŌłÆ2,-0,175
18,137,8,750EŌłÆ2,-0,179
18,182,8,872EŌłÆ2,-0,184
18,226,8,995EŌłÆ2,-0,189
18,271,9,087EŌłÆ2,-0,193
18,315,9,169EŌłÆ2,-0,197
18,360,9,199EŌłÆ2,-0,202
18,404,9,228EŌłÆ2,-0,206
18,449,9,254EŌłÆ2,-0,209
18,493,9,277EŌłÆ2,-0,212
18,537,9,245EŌłÆ2,-0,215
18,582,9,237EŌłÆ2,-0,218
18,626,9,202EŌłÆ2,-0,220
18,671,9,164EŌłÆ2,-0,222
18,715,9,126EŌłÆ2,-0,223
18,760,9,067EŌłÆ2,-0,222
18,804,9,038EŌłÆ2,-0,221
18,849,9,042EŌłÆ2,-0,218
18,893,9,110EŌłÆ2,-0,214
18,938,9,184EŌłÆ2,-0,209
18,982,9,291EŌłÆ2,-0,205
19,026,9,439EŌłÆ2,-0,197
19,071,9,612EŌłÆ2,-0,189
19,115,9,760EŌłÆ2,-0,180
19,160,9,938EŌłÆ2,-0,171
19,204,0,101,-0,162
19,249,0,103,-0,152
19,293,0,105,-0,144
19,338,0,106,-0,135
19,382,0,108,-0,128
19,427,0,108,-0,123
19,471,0,108,-0,114
19,515,0,109,-0,109
19,560,0,109,-0,105
19,604,0,109,-0,102
19,649,0,109,ŌłÆ9,883EŌłÆ2
19,693,0,109,ŌłÆ9,670EŌłÆ2
19,738,0,108,ŌłÆ9,492EŌłÆ2
19,782,0,107,ŌłÆ9,381EŌłÆ2
19,827,0,107,ŌłÆ9,322EŌłÆ2
19,871,0,106,ŌłÆ9,311EŌłÆ2
19,916,0,104,ŌłÆ9,356EŌłÆ2
19,960,0,103,ŌłÆ9,416EŌłÆ2
20,004,0,101,ŌłÆ9,522EŌłÆ2
20,049,9,951EŌłÆ2,ŌłÆ9,710EŌłÆ2
20,093,9,785EŌłÆ2,ŌłÆ9,911EŌłÆ2
20,138,9,640EŌłÆ2,-0,101
20,182,9,509EŌłÆ2,-0,104
20,227,9,381EŌłÆ2,-0,107
20,271,9,267EŌłÆ2,-0,110
20,316,9,149EŌłÆ2,-0,113
20,360,9,049EŌłÆ2,-0,116
20,405,8,945EŌłÆ2,-0,120
20,449,8,848EŌłÆ2,-0,123
20,493,8,744EŌłÆ2,-0,127
20,538,8,615EŌłÆ2,-0,130
20,582,8,496EŌłÆ2,-0,133
20,627,8,371EŌłÆ2,-0,135
20,671,8,215EŌłÆ2,-0,137
20,716,8,057EŌłÆ2,-0,137
20,760,7,922EŌłÆ2,-0,138
20,805,7,743EŌłÆ2,-0,138
20,849,7,743EŌłÆ2,-0,138
20,894,7,710EŌłÆ2,-0,138
20,938,7,711EŌłÆ2,-0,139
20,982,7,770EŌłÆ2,-0,139
21,027,7,840EŌłÆ2,-0,140
21,071,7,964EŌłÆ2,-0,142
21,116,8,062EŌłÆ2,-0,144
21,160,8,188EŌłÆ2,-0,146
21,205,8,316EŌłÆ2,-0,148
21,249,8,445EŌłÆ2,-0,151
21,294,8,599EŌłÆ2,-0,153
21,338,8,731EŌłÆ2,-0,155
21,383,8,887EŌłÆ2,-0,158
21,427,9,040EŌłÆ2,-0,161
21,471,9,166EŌłÆ2,-0,165
21,516,9,289EŌłÆ2,-0,169
21,560,9,387EŌłÆ2,-0,174
21,605,9,503EŌłÆ2,-0,178
21,649,9,590EŌłÆ2,-0,182
21,694,9,661EŌłÆ2,-0,185
21,738,9,743EŌłÆ2,-0,188
21,783,9,808EŌłÆ2,-0,190
21,827,9,872EŌłÆ2,-0,191
21,872,9,906EŌłÆ2,-0,191
21,916,9,940EŌłÆ2,-0,192
21,960,9,965EŌłÆ2,-0,191
22,005,9,980EŌłÆ2,-0,190
22,049,0,100,-0,187
22,094,0,100,-0,183
22,138,0,101,-0,178
22,183,0,102,-0,172
22,227,0,102,-0,166
22,272,0,103,-0,158
22,316,0,103,-0,150
22,361,0,104,-0,142
22,405,0,104,-0,134
22,449,0,104,-0,127
22,494,0,105,-0,123
22,538,0,106,-0,119
22,583,0,106,-0,110
22,627,0,107,-0,106
22,672,0,107,-0,103
22,716,0,108,ŌłÆ9,971EŌłÆ2
22,761,0,107,ŌłÆ9,646EŌłÆ2
22,805,0,106,ŌłÆ9,413EŌłÆ2
22,850,0,106,ŌłÆ9,224EŌłÆ2
22,894,0,105,ŌłÆ9,052EŌłÆ2
22,938,0,104,ŌłÆ8,954EŌłÆ2
22,983,0,102,ŌłÆ8,944EŌłÆ2
23,027,0,101,ŌłÆ9,007EŌłÆ2
23,072,9,951EŌłÆ2,ŌłÆ9,072EŌłÆ2
23,116,9,816EŌłÆ2,ŌłÆ9,176EŌłÆ2
23,161,9,715EŌłÆ2,ŌłÆ9,331EŌłÆ2
23,205,9,590EŌłÆ2,ŌłÆ9,523EŌłÆ2
23,250,9,483EŌłÆ2,ŌłÆ9,780EŌłÆ2
23,294,9,353EŌłÆ2,-0,101
23,339,9,240EŌłÆ2,-0,104
23,383,9,107EŌłÆ2,-0,107
23,427,8,996EŌłÆ2,-0,110
23,472,8,877EŌłÆ2,-0,114
23,516,8,754EŌłÆ2,-0,117
23,561,8,631EŌłÆ2,-0,121
23,605,8,542EŌłÆ2,-0,125
23,650,8,437EŌłÆ2,-0,128
23,694,8,342EŌłÆ2,-0,130
23,739,8,219EŌłÆ2,-0,133
23,783,8,116EŌłÆ2,-0,134
23,828,7,937EŌłÆ2,-0,138
23,872,8,016EŌłÆ2,-0,139
23,916,8,012EŌłÆ2,-0,140
23,961,8,014EŌłÆ2,-0,141
24,005,8,009EŌłÆ2,-0,142
24,050,8,015EŌłÆ2,-0,143
24,094,8,045EŌłÆ2,-0,144
24,139,8,110EŌłÆ2,-0,145
24,183,8,204EŌłÆ2,-0,147
24,228,8,354EŌłÆ2,-0,150
24,272,8,514EŌłÆ2,-0,153
24,317,8,641EŌłÆ2,-0,156
24,361,8,769EŌłÆ2,-0,160
24,405,8,890EŌłÆ2,-0,163
24,450,9,013EŌłÆ2,-0,166
24,494,9,139EŌłÆ2,-0,168
24,539,9,266EŌłÆ2,-0,170
24,583,9,395EŌłÆ2,-0,172
24,628,9,499EŌłÆ2,-0,173
24,672,9,618EŌłÆ2,-0,174
24,717,9,715EŌłÆ2,-0,175
24,761,9,791EŌłÆ2,-0,175
24,806,9,877EŌłÆ2,-0,175
24,850,9,960EŌłÆ2,-0,174
24,894,0,100,-0,172
24,939,0,102,-0,169
24,983,0,103,-0,166
25,028,0,104,-0,162
25,072,0,105,-0,158
25,117,0,106,-0,153
25,161,0,106,-0,148
25,206,0,107,-0,143
25,250,0,108,-0,139
25,295,0,108,-0,135
25,339,0,109,-0,131
25,383,0,109,-0,126
25,428,0,109,-0,123
25,472,0,109,-0,119
25,517,0,109,-0,115
25,561,0,108,-0,111
25,606,0,108,-0,108
25,650,0,108,-0,105
25,695,0,107,-0,103
25,739,0,107,-0,100
25,783,0,106,ŌłÆ9,834EŌłÆ2
25,828,0,105,ŌłÆ9,694EŌłÆ2
25,872,0,105,ŌłÆ9,581EŌłÆ2
25,917,0,104,ŌłÆ9,511EŌłÆ2
25,961,0,103,ŌłÆ9,473EŌłÆ2
26,006,0,102,ŌłÆ9,473EŌłÆ2
26,050,0,102,ŌłÆ9,524EŌłÆ2
26,095,0,101,ŌłÆ9,609EŌłÆ2
26,139,0,100,ŌłÆ9,713EŌłÆ2
26,184,9,945EŌłÆ2,ŌłÆ9,826EŌłÆ2
26,228,9,831EŌłÆ2,ŌłÆ9,959EŌłÆ2
26,272,9,695EŌłÆ2,-0,101
26,317,9,548EŌłÆ2,-0,104
26,361,9,408EŌłÆ2,-0,106
26,406,9,290EŌłÆ2,-0,108
26,450,9,176EŌłÆ2,-0,110
26,495,9,073EŌłÆ2,-0,113
26,539,8,975EŌłÆ2,-0,116
26,584,8,893EŌłÆ2,-0,120
26,628,8,804EŌłÆ2,-0,123
26,673,8,702EŌłÆ2,-0,126
26,717,8,610EŌłÆ2,-0,129
26,761,8,487EŌłÆ2,-0,133
26,806,8,353EŌłÆ2,-0,135
26,850,8,222EŌłÆ2,-0,137
26,895,8,114EŌłÆ2,-0,138
26,939,7,937EŌłÆ2,-0,138
26,984,8,003EŌłÆ2,-0,138
27,028,7,998EŌłÆ2,-0,137
27,073,8,033EŌłÆ2,-0,137
27,117,8,096EŌłÆ2,-0,137
27,162,8,202EŌłÆ2,-0,138
27,206,8,356EŌłÆ2,-0,140
27,250,8,519EŌłÆ2,-0,142
27,295,8,677EŌłÆ2,-0,145
27,339,8,831EŌłÆ2,-0,148
27,384,8,932EŌłÆ2,-0,151
27,428,9,051EŌłÆ2,-0,153
27,473,9,119EŌłÆ2,-0,155
27,517,9,212EŌłÆ2,-0,158
27,562,9,338EŌłÆ2,-0,160
27,606,9,467EŌłÆ2,-0,162
27,651,9,587EŌłÆ2,-0,164
27,695,9,691EŌłÆ2,-0,165
27,739,9,822EŌłÆ2,-0,166
27,784,9,973EŌłÆ2,-0,167
27,828,0,101,-0,166
27,873,0,103,-0,165
27,917,0,104,-0,164
27,962,0,106,-0,163
28,006,0,107,-0,161
28,051,0,108,-0,159
28,095,0,108,-0,158
28,140,0,109,-0,156
28,184,0,109,-0,154
28,228,0,109,-0,152
28,273,0,109,-0,150
28,317,0,109,-0,148
28,362,0,109,-0,146
28,406,0,109,-0,143
28,451,0,109,-0,140
28,495,0,109,-0,137
28,540,0,109,-0,133
28,584,0,109,-0,129
28,629,0,108,-0,124
28,673,0,108,-0,120
28,717,0,108,-0,116
28,762,0,109,-0,112
28,806,0,109,-0,108
28,851,0,109,-0,106
28,895,0,110,-0,104
28,940,0,109,-0,102
28,984,0,108,-0,101
29,029,0,107,ŌłÆ9,977EŌłÆ2
29,073,0,107,ŌłÆ9,898EŌłÆ2
29,118,0,106,ŌłÆ9,838EŌłÆ2
29,162,0,105,ŌłÆ9,781EŌłÆ2
29,206,0,104,ŌłÆ9,775EŌłÆ2
29,251,0,103,ŌłÆ9,812EŌłÆ2
29,295,0,102,ŌłÆ9,864EŌłÆ2
29,340,0,101,ŌłÆ9,968EŌłÆ2
29,384,9,954EŌłÆ2,-0,101
29,429,9,850EŌłÆ2,-0,103
29,473,9,747EŌłÆ2,-0,105
29,518,9,613EŌłÆ2,-0,107
29,562,9,485EŌłÆ2,-0,110
29,607,9,351EŌłÆ2,-0,113
29,651,9,206EŌłÆ2,-0,115
29,695,9,067EŌłÆ2,-0,118
29,740,8,913EŌłÆ2,-0,121
29,784,8,769EŌłÆ2,-0,124
29,829,8,631EŌłÆ2,-0,127
29,873,8,505EŌłÆ2,-0,130
29,918,8,394EŌłÆ2,-0,133
29,962,8,265EŌłÆ2,-0,135
30,007,8,126EŌłÆ2,-0,137
30,051,7,992EŌłÆ2,-0,138
30,096,7,862EŌłÆ2,-0,138
30,140,7,755EŌłÆ2,-0,138
30,184,7,683EŌłÆ2,-0,138
30,229,7,649EŌłÆ2,-0,138
30,273,7,647EŌłÆ2,-0,139
30,318,7,681EŌłÆ2,-0,140
30,362,7,772EŌłÆ2,-0,142
30,407,7,871EŌłÆ2,-0,144
30,451,8,030EŌłÆ2,-0,146
30,496,8,157EŌłÆ2,-0,148
30,540,8,284EŌłÆ2,-0,151
30,585,8,409EŌłÆ2,-0,154
30,629,8,534EŌłÆ2,-0,157
30,673,8,657EŌłÆ2,-0,160
30,718,8,780EŌłÆ2,-0,164
30,762,8,936EŌłÆ2,-0,168
30,807,9,099EŌłÆ2,-0,171
30,851,9,257EŌłÆ2,-0,174
30,896,9,414EŌłÆ2,-0,177
30,940,9,544EŌłÆ2,-0,180
30,985,9,658EŌłÆ2,-0,182
31,029,9,727EŌłÆ2,-0,185
31,074,9,780EŌłÆ2,-0,187
31,118,9,809EŌłÆ2,-0,189
31,162,9,838EŌłÆ2,-0,190
31,207,9,841EŌłÆ2,-0,191
31,251,9,854EŌłÆ2,-0,191
31,296,9,880EŌłÆ2,-0,190
31,340,9,915EŌłÆ2,-0,189
31,385,9,958EŌłÆ2,-0,186
31,429,0,100,-0,182
31,474,0,101,-0,178
31,518,0,102,-0,172
31,563,0,104,-0,167
31,607,0,105,-0,160
31,651,0,105,-0,154
31,696,0,106,-0,148
31,740,0,107,-0,141
31,785,0,107,-0,136
31,829,0,107,-0,130
31,874,0,107,-0,126
31,918,0,107,-0,122
31,963,0,107,-0,119
32,007,0,107,-0,116
32,052,0,107,-0,113
32,096,0,109,-0,111
32,140,0,108,-0,108
32,185,0,108,-0,106
32,229,0,107,-0,104
32,274,0,106,-0,103
32,318,0,105,-0,101
32,363,0,104,ŌłÆ9,999EŌłÆ2
32,407,0,103,ŌłÆ9,963EŌłÆ2
32,452,0,102,ŌłÆ9,966EŌłÆ2
32,496,0,101,ŌłÆ9,993EŌłÆ2
32,541,9,960EŌłÆ2,-0,101
32,585,9,825EŌłÆ2,-0,102
32,629,9,671EŌłÆ2,-0,103
32,674,9,527EŌłÆ2,-0,105
32,718,9,394EŌłÆ2,-0,107
32,763,9,259EŌłÆ2,-0,109
32,807,9,122EŌłÆ2,-0,111
32,852,8,968EŌłÆ2,-0,114
32,896,8,798EŌłÆ2,-0,117
32,941,8,622EŌłÆ2,-0,120
32,985,8,450EŌłÆ2,-0,123
33,030,8,286EŌłÆ2,-0,126
33,074,8,146EŌłÆ2,-0,129
33,118,8,021EŌłÆ2,-0,131
33,163,7,916EŌłÆ2,-0,133
33,207,7,812EŌłÆ2,-0,136
33,252,7,773EŌłÆ2,-0,138
33,296,7,736EŌłÆ2,-0,140
33,341,7,673EŌłÆ2,-0,142
33,385,7,571EŌłÆ2,-0,143
33,430,7,508EŌłÆ2,-0,144
33,474,7,448EŌłÆ2,-0,145
33,519,7,412EŌłÆ2,-0,145
33,563,7,408EŌłÆ2,-0,145
33,607,7,449EŌłÆ2,-0,145
33,652,7,542EŌłÆ2,-0,146
33,696,7,671EŌłÆ2,-0,147
33,741,7,832EŌłÆ2,-0,149
33,785,8,014EŌłÆ2,-0,152
33,830,8,179EŌłÆ2,-0,155
33,874,8,334EŌłÆ2,-0,159
33,919,8,459EŌłÆ2,-0,162
33,963,8,615EŌłÆ2,-0,165
34,008,8,776EŌłÆ2,-0,169
34,052,8,929EŌłÆ2,-0,171
34,096,9,096EŌłÆ2,-0,174
34,141,9,248EŌłÆ2,-0,176
34,185,9,414EŌłÆ2,-0,178
34,230,9,569EŌłÆ2,-0,180
34,274,9,693EŌłÆ2,-0,182
34,319,9,820EŌłÆ2,-0,183
34,363,9,903EŌłÆ2,-0,184
34,408,9,965EŌłÆ2,-0,185
34,452,0,100,-0,185
34,497,0,101,-0,184
34,541,0,101,-0,184
34,585,0,101,-0,182
34,630,0,101,-0,180
34,674,0,101,-0,176
34,719,0,101,-0,171
34,763,0,102,-0,165
34,808,0,102,-0,159
34,852,0,102,-0,153
34,897,0,103,-0,146
34,941,0,103,-0,139
34,986,0,103,-0,132
35,030,0,104,-0,125
35,074,0,105,-0,118
35,119,0,106,-0,113
35,163,0,108,-0,108
35,208,0,108,-0,104
35,252,0,108,-0,101
35,297,0,107,ŌłÆ9,773EŌłÆ2
35,341,0,107,ŌłÆ9,506EŌłÆ2
35,386,0,106,ŌłÆ9,342EŌłÆ2
35,430,0,106,ŌłÆ9,207EŌłÆ2
35,475,0,105,ŌłÆ9,144EŌłÆ2
35,519,0,104,ŌłÆ9,142EŌłÆ2
35,563,0,104,ŌłÆ9,177EŌłÆ2
35,608,0,103,ŌłÆ9,245EŌłÆ2
35,652,0,101,ŌłÆ9,347EŌłÆ2
35,697,9,988EŌłÆ2,ŌłÆ9,489EŌłÆ2
35,741,9,848EŌłÆ2,ŌłÆ9,673EŌłÆ2
35,786,9,694EŌłÆ2,ŌłÆ9,884EŌłÆ2
35,830,9,554EŌłÆ2,-0,101
35,875,9,416EŌłÆ2,-0,104
35,919,9,275EŌłÆ2,-0,107
35,964,9,114EŌłÆ2,-0,110
36,008,8,929EŌłÆ2,-0,113
36,052,8,727EŌłÆ2,-0,117
36,097,8,505EŌłÆ2,-0,120
36,141,8,305EŌłÆ2,-0,125
36,186,8,136EŌłÆ2,-0,129
36,230,8,005EŌłÆ2,-0,133
36,275,7,891EŌłÆ2,-0,137
36,319,7,770EŌłÆ2,-0,140
36,364,7,647EŌłÆ2,-0,142
36,408,7,548EŌłÆ2,-0,143
36,453,7,481EŌłÆ2,-0,143
36,497,7,417EŌłÆ2,-0,142
36,541,7,384EŌłÆ2,-0,142
36,586,7,389EŌłÆ2,-0,142
36,630,7,414EŌłÆ2,-0,141
36,675,7,453EŌłÆ2,-0,142
36,719,7,520EŌłÆ2,-0,142
36,764,7,641EŌłÆ2,-0,144
36,808,7,766EŌłÆ2,-0,145
36,853,7,893EŌłÆ2,-0,148
36,897,8,020EŌłÆ2,-0,151
36,942,8,148EŌłÆ2,-0,155
36,986,8,301EŌłÆ2,-0,159
37,030,8,454EŌłÆ2,-0,164
37,075,8,613EŌłÆ2,-0,169
37,119,8,799EŌłÆ2,-0,173
37,164,8,962EŌłÆ2,-0,177
37,208,9,119EŌłÆ2,-0,181
37,253,9,303EŌłÆ2,-0,184
37,297,9,466EŌłÆ2,-0,187
37,342,9,623EŌłÆ2,-0,189
37,386,9,751EŌłÆ2,-0,191
37,431,9,842EŌłÆ2,-0,192
37,475,9,882EŌłÆ2,-0,193
37,519,9,910EŌłÆ2,-0,194
37,564,9,938EŌłÆ2,-0,194
37,608,9,951EŌłÆ2,-0,192
37,653,9,984EŌłÆ2,-0,191
37,697,0,100,-0,187
37,742,0,101,-0,183
37,786,0,101,-0,178
37,831,0,102,-0,173
37,875,0,103,-0,167
37,920,0,104,-0,160
37,964,0,105,-0,153
38,008,0,106,-0,145
38,053,0,107,-0,138
38,097,0,108,-0,131
38,142,0,109,-0,124
38,186,0,110,-0,118
38,231,0,111,-0,113
38,275,0,111,-0,109
38,320,0,111,-0,106
38,364,0,111,-0,104
38,409,0,111,-0,102
38,453,0,111,ŌłÆ9,950EŌłÆ2
38,497,0,110,ŌłÆ9,814EŌłÆ2
38,542,0,109,ŌłÆ9,684EŌłÆ2
38,586,0,108,ŌłÆ9,584EŌłÆ2
38,631,0,107,ŌłÆ9,519EŌłÆ2
38,675,0,106,ŌłÆ9,546EŌłÆ2
38,720,0,105,ŌłÆ9,578EŌłÆ2
38,764,0,104,ŌłÆ9,637EŌłÆ2
38,809,0,103,ŌłÆ9,701EŌłÆ2
38,853,0,102,ŌłÆ9,773EŌłÆ2
38,898,0,100,ŌłÆ9,870EŌłÆ2
38,942,9,861EŌłÆ2,ŌłÆ9,997EŌłÆ2
38,986,9,693EŌłÆ2,-0,102
39,031,9,526EŌłÆ2,-0,104
39,075,9,388EŌłÆ2,-0,106
39,120,9,252EŌłÆ2,-0,110
39,164,9,120EŌłÆ2,-0,113
39,209,8,978EŌłÆ2,-0,116
39,253,8,811EŌłÆ2,-0,120
39,298,8,613EŌłÆ2,-0,123
39,342,8,408EŌłÆ2,-0,126
39,387,8,177EŌłÆ2,-0,128
39,431,7,941EŌłÆ2,-0,131
39,475,7,769EŌłÆ2,-0,134
39,520,7,633EŌłÆ2,-0,137
39,564,7,537EŌłÆ2,-0,139
39,609,7,453EŌłÆ2,-0,141
39,653,7,473EŌłÆ2,-0,141
39,698,7,508EŌłÆ2,-0,141
39,742,7,636EŌłÆ2,-0,141
39,787,7,798EŌłÆ2,-0,142
39,831,7,962EŌłÆ2,-0,143
39,876,8,154EŌłÆ2,-0,146
39,920,8,375EŌłÆ2,-0,148
39,964,8,566EŌłÆ2,-0,150
40,009,8,731EŌłÆ2,-0,153
40,053,8,888EŌłÆ2,-0,156
40,098,9,042EŌłÆ2,-0,159
40,142,9,166EŌłÆ2,-0,163
40,187,9,261EŌłÆ2,-0,167
40,231,9,347EŌłÆ2,-0,171
40,276,9,444EŌłÆ2,-0,174
40,320,9,569EŌłÆ2,-0,177
40,365,9,726EŌłÆ2,-0,179
40,409,9,858EŌłÆ2,-0,180
40,453,9,987EŌłÆ2,-0,180
40,498,0,101,-0,180
