,mass A,,
t,x,y,
0,000,0,113,-0,112
0,059,0,112,-0,115
0,118,0,113,-0,110
0,177,0,112,-0,103
0,237,0,112,-0,106
0,296,0,112,-0,109
0,355,0,112,-0,107
0,414,0,112,-0,107
0,473,0,112,-0,104
0,532,0,112,-0,111
0,592,0,111,-0,112
0,651,0,111,-0,107
0,710,0,111,-0,104
0,769,0,112,-0,108
0,828,0,111,-0,109
0,887,0,112,-0,106
0,947,0,112,-0,106
1,006,0,111,-0,109
1,065,0,111,-0,110
1,124,0,112,-0,112
1,183,0,112,-0,117
1,242,0,111,-0,117
1,301,0,112,-0,112
1,361,0,113,-0,104
1,420,0,113,-0,105
1,479,0,113,-0,108
1,538,0,112,-0,108
1,597,0,112,-0,104
1,656,0,112,-0,101
1,716,0,112,-0,105
1,775,0,112,-0,107
1,834,0,112,-0,116
1,893,0,112,-0,119
1,952,0,111,-0,119
2,011,0,112,-0,117
2,070,0,112,-0,121
2,130,0,111,-0,124
2,189,0,110,-0,122
2,248,0,112,-0,109
2,307,0,112,−9,837E−2
2,366,0,113,−9,608E−2
2,425,0,113,−9,706E−2
2,485,0,113,-0,102
2,544,0,113,-0,103
2,603,0,112,−9,868E−2
2,662,0,112,−9,933E−2
2,721,0,112,-0,114
2,780,0,112,-0,118
2,840,0,111,-0,115
2,899,0,112,-0,105
2,958,0,113,-0,100
3,017,0,114,-0,105
3,076,0,113,-0,107
3,135,,
3,194,0,110,-0,105
3,254,0,110,-0,103
3,313,0,107,−9,944E−2
3,372,0,111,-0,105
3,431,0,110,-0,105
3,490,0,109,-0,102
3,549,0,110,-0,105
3,609,0,109,-0,111
3,668,0,110,-0,119
3,727,0,110,-0,128
3,786,0,109,-0,127
3,845,0,110,-0,121
3,904,0,111,-0,112
3,963,0,113,-0,105
4,023,0,113,-0,102
4,082,0,114,-0,108
4,141,0,113,-0,110
4,200,0,113,-0,108
4,259,0,114,-0,104
4,318,0,114,-0,111
4,378,0,114,-0,116
4,437,0,113,-0,116
4,496,0,114,-0,110
4,555,0,114,-0,103
4,614,0,113,−9,423E−2
4,673,0,111,−9,291E−2
4,733,0,113,-0,102
4,792,0,112,-0,104
4,851,0,112,-0,108
4,910,0,109,-0,103
4,969,0,110,−9,579E−2
5,028,0,110,−9,510E−2
5,087,0,112,-0,106
5,147,0,111,-0,106
5,206,0,110,-0,111
5,265,0,111,-0,114
5,324,0,111,-0,112
5,383,0,111,-0,109
5,442,0,110,-0,111
5,502,0,110,-0,109
5,561,0,110,-0,111
5,620,0,109,-0,109
5,679,0,110,-0,101
5,738,0,109,-0,104
5,797,0,109,-0,105
5,856,0,109,-0,103
5,916,0,111,-0,111
5,975,0,110,-0,111
6,034,0,110,-0,110
6,093,0,110,-0,109
6,152,0,110,-0,116
6,211,0,110,-0,116
6,271,0,110,-0,112
6,330,0,111,-0,107
6,389,0,111,-0,103
6,448,0,112,-0,104
6,507,0,112,-0,109
6,566,0,112,-0,110
6,626,0,112,-0,106
6,685,0,113,-0,105
6,744,0,113,-0,111
6,803,0,112,-0,112
6,862,0,112,-0,109
6,921,0,113,-0,104
6,980,0,112,-0,104
7,040,0,113,-0,100
7,099,0,113,-0,100
7,158,0,113,-0,105
7,217,0,112,-0,107
7,276,0,112,-0,104
7,335,0,111,-0,102
7,395,0,110,-0,102
7,454,0,111,-0,110
7,513,0,110,-0,113
7,572,0,109,-0,112
7,631,0,110,-0,108
7,690,0,109,-0,105
7,749,0,109,-0,105
7,809,0,109,-0,102
7,868,0,108,-0,107
7,927,0,108,-0,114
7,986,0,107,-0,118
8,045,0,107,-0,117
8,104,0,107,-0,116
8,164,0,107,-0,113
8,223,0,107,-0,108
8,282,0,108,-0,110
8,341,0,109,-0,114
8,400,0,109,-0,114
8,459,0,109,-0,118
8,519,0,109,-0,118
8,578,0,111,-0,112
8,637,0,111,-0,106
8,696,0,111,-0,104
8,755,0,112,−9,770E−2
8,814,0,112,-0,100
8,873,0,112,-0,103
8,933,0,112,−9,968E−2
8,992,0,112,−9,707E−2
9,051,0,111,−9,710E−2
9,110,0,111,-0,101
9,169,0,110,-0,102
9,228,0,109,−9,301E−2
9,288,0,110,−9,440E−2
9,347,0,110,-0,102
9,406,0,109,-0,105
9,465,0,109,-0,103
9,524,0,110,−9,966E−2
9,583,0,110,-0,102
9,642,0,110,-0,105
9,702,0,111,-0,108
9,761,0,111,-0,112
9,820,0,111,-0,122
9,879,0,111,-0,131
9,938,0,111,-0,131
9,997,0,112,-0,130
10,057,0,111,-0,129
10,116,0,112,-0,119
10,175,0,113,-0,112
10,234,0,113,-0,109
10,293,0,113,-0,101
10,352,0,113,−9,585E−2
10,412,0,113,−9,654E−2
10,471,0,113,−9,559E−2
10,530,0,112,−9,700E−2
10,589,0,111,−9,651E−2
10,648,0,112,-0,103
10,707,0,110,-0,105
10,766,0,109,-0,109
10,826,0,109,-0,116
10,885,0,108,-0,121
10,944,0,106,-0,122
11,003,0,108,-0,113
11,062,0,110,−9,324E−2
11,121,0,110,−9,765E−2
11,181,0,110,-0,101
11,240,0,109,-0,111
11,299,0,109,-0,111
11,358,0,110,-0,105
11,417,0,111,-0,105
11,476,0,111,-0,108
11,535,0,110,-0,115
11,595,0,110,-0,118
11,654,0,109,-0,114
11,713,0,111,-0,101
11,772,0,112,-0,101
11,831,0,113,-0,103
11,890,0,113,-0,106
11,950,0,113,-0,109
12,009,0,114,-0,112
12,068,0,113,-0,115
12,127,0,113,-0,117
12,186,0,112,-0,118
12,245,0,112,-0,118
12,305,0,112,-0,107
12,364,0,113,−9,607E−2
12,423,0,113,−9,275E−2
12,482,0,113,−9,473E−2
12,541,0,112,−9,414E−2
12,600,0,112,−9,763E−2
12,659,0,112,-0,106
12,719,0,113,-0,115
12,778,0,111,-0,117
12,837,0,112,-0,114
12,896,0,111,-0,113
12,955,0,111,-0,106
13,014,0,111,−9,396E−2
13,074,0,110,−9,186E−2
13,133,0,111,-0,100
13,192,0,110,-0,101
13,251,0,109,−9,924E−2
13,310,0,110,-0,102
13,369,0,109,-0,106
13,428,0,110,-0,109
13,488,0,109,-0,111
13,547,0,109,-0,116
13,606,0,109,-0,116
13,665,0,109,-0,111
13,724,0,110,-0,108
13,783,0,109,-0,107
13,843,0,109,-0,102
13,902,0,109,-0,101
13,961,0,109,-0,103
14,020,0,109,-0,108
14,079,0,108,-0,113
14,138,0,107,-0,113
14,198,0,107,-0,104
14,257,0,108,−9,916E−2
14,316,0,109,-0,103
14,375,0,108,-0,107
14,434,0,107,-0,102
14,493,0,107,-0,101
14,552,0,107,-0,107
14,612,0,107,-0,112
14,671,0,106,-0,113
14,730,0,106,-0,111
14,789,0,106,-0,108
14,848,0,107,-0,113
14,907,0,107,-0,114
14,967,0,108,-0,115
15,026,0,108,-0,115
15,085,0,109,-0,112
15,144,0,111,-0,116
15,203,0,111,-0,122
15,262,0,111,-0,123
15,321,0,110,-0,123
15,381,0,111,-0,115
15,440,0,112,-0,110
15,499,0,112,-0,109
15,558,0,112,-0,107
15,617,0,112,-0,106
15,676,0,112,-0,103
15,736,0,111,−9,886E−2
15,795,0,112,-0,105
15,854,0,111,-0,111
15,913,0,112,-0,117
15,972,0,112,-0,119
16,031,0,112,-0,117
16,091,0,112,-0,109
16,150,0,113,-0,105
16,209,0,113,-0,104
16,268,0,113,-0,105
16,327,0,112,-0,104
16,386,0,111,−9,974E−2
16,445,0,110,−9,788E−2
16,505,0,110,-0,100
16,564,0,110,-0,102
16,623,0,109,-0,101
16,682,0,108,−9,726E−2
16,741,0,109,-0,104
16,800,0,108,-0,111
16,860,0,108,-0,114
16,919,0,108,-0,116
16,978,0,108,-0,117
17,037,0,108,-0,122
17,096,0,108,-0,129
17,155,0,108,-0,130
17,214,0,109,-0,128
17,274,0,110,-0,124
17,333,0,110,-0,119
17,392,0,111,-0,112
17,451,0,112,-0,101
17,510,0,112,−9,842E−2
17,569,0,113,-0,103
17,629,0,113,-0,109
17,688,0,112,-0,111
17,747,0,112,-0,111
17,806,0,112,-0,106
17,865,0,112,-0,101
17,924,0,111,-0,102
17,984,0,110,-0,101
18,043,0,111,-0,107
18,102,0,110,-0,110
18,161,0,110,-0,112
18,220,0,110,-0,114
18,279,0,110,-0,112
18,338,0,110,-0,105
18,398,0,110,-0,105
18,457,0,110,-0,110
18,516,0,109,-0,118
18,575,0,107,-0,119
18,634,0,107,-0,111
18,693,0,110,−9,486E−2
18,753,0,108,−9,067E−2
18,812,0,108,−8,974E−2
18,871,0,108,−9,368E−2
18,930,0,110,-0,108
18,989,0,109,-0,115
19,048,0,107,-0,118
19,107,0,108,-0,114
19,167,0,108,-0,105
19,226,0,109,-0,100
19,285,0,109,−9,996E−2
19,344,0,109,-0,105
19,403,0,109,-0,109
19,462,0,109,-0,110
19,522,0,108,-0,108
19,581,0,108,-0,107
19,640,0,108,-0,109
19,699,0,108,-0,111
19,758,0,108,-0,117
19,817,0,108,-0,117
19,877,0,109,-0,113
19,936,0,110,-0,112
19,995,0,110,-0,112
20,054,0,110,-0,110
20,113,0,111,-0,112
20,172,0,111,-0,117
20,231,0,111,-0,121
20,291,0,111,-0,121
20,350,0,112,-0,116
20,409,0,113,-0,105
20,468,0,114,-0,110
20,527,0,113,-0,111
20,586,0,112,-0,109
20,646,0,112,-0,106
20,705,0,111,−9,952E−2
20,764,0,111,−9,303E−2
20,823,0,112,−9,826E−2
20,882,0,111,-0,102
20,941,0,111,-0,110
21,000,0,111,-0,112
21,060,0,111,-0,109
21,119,0,112,-0,107
21,178,0,112,-0,107
21,237,0,111,-0,107
21,296,0,111,-0,110
21,355,0,111,-0,112
21,415,0,110,-0,112
21,474,0,111,-0,104
21,533,0,111,-0,102
21,592,0,111,-0,102
21,651,0,111,-0,104
21,710,0,112,-0,107
21,770,0,112,-0,114
21,829,0,112,-0,117
21,888,0,112,-0,115
21,947,0,113,-0,111
22,006,0,113,-0,114
22,065,0,113,-0,112
22,124,0,113,-0,104
22,184,0,111,−9,744E−2
22,243,0,112,−9,429E−2
22,302,0,109,−9,370E−2
22,361,0,110,−9,463E−2
22,420,0,108,−9,598E−2
22,479,0,109,−9,717E−2
22,539,0,109,-0,102
22,598,0,109,-0,108
22,657,0,109,-0,118
22,716,0,109,-0,124
22,775,0,109,-0,126
22,834,0,109,-0,125
22,893,0,110,-0,123
22,953,0,111,-0,121
23,012,0,111,-0,119
23,071,0,112,-0,114
23,130,0,113,-0,109
23,189,0,112,−9,790E−2
23,248,0,112,−9,466E−2
23,308,0,114,-0,100
23,367,0,114,-0,108
23,426,0,113,-0,110
23,485,0,113,-0,108
23,544,0,113,-0,104
23,603,0,112,−9,990E−2
23,663,0,112,−9,957E−2
23,722,0,112,-0,104
23,781,0,112,-0,108
23,840,0,111,-0,112
23,899,0,110,-0,111
23,958,0,111,-0,103
24,017,0,110,-0,108
24,077,0,109,-0,107
24,136,0,109,−9,716E−2
24,195,0,109,−9,486E−2
24,254,0,110,-0,102
24,313,0,110,-0,108
24,372,0,109,-0,113
24,432,0,109,-0,115
24,491,0,110,-0,115
24,550,0,110,-0,113
24,609,0,110,-0,112
24,668,0,110,-0,110
24,727,0,111,-0,105
24,786,0,111,-0,115
24,846,0,111,-0,117
24,905,0,111,-0,116
24,964,0,111,-0,113
25,023,0,111,-0,106
25,082,0,111,−9,928E−2
25,141,0,111,-0,103
25,201,0,111,-0,103
25,260,0,110,-0,100
25,319,0,109,-0,105
25,378,0,109,-0,107
25,437,0,109,-0,108
25,496,0,109,-0,112
25,556,0,109,-0,113
25,615,0,108,-0,110
25,674,0,108,-0,106
25,733,0,109,-0,106
25,792,0,109,-0,111
25,851,0,108,-0,117
25,910,0,109,-0,114
25,970,0,110,-0,107
26,029,0,111,-0,107
26,088,0,111,-0,111
26,147,0,112,-0,112
26,206,0,112,-0,111
26,265,0,113,-0,110
26,325,0,112,-0,110
26,384,0,113,-0,107
26,443,0,114,-0,106
26,502,0,114,-0,106
26,561,0,114,-0,106
26,620,0,115,-0,109
26,679,0,114,-0,111
26,739,0,114,-0,111
26,798,0,114,-0,111
26,857,0,113,-0,108
26,916,0,113,-0,103
26,975,0,114,−9,870E−2
27,034,0,113,−9,908E−2
27,094,0,112,−9,941E−2
27,153,0,112,-0,101
27,212,0,111,-0,104
27,271,0,110,-0,103
27,330,0,109,−9,988E−2
27,389,0,109,-0,102
27,449,0,110,-0,108
27,508,0,109,-0,109
27,567,0,109,-0,109
27,626,0,109,-0,110
27,685,0,109,-0,112
27,744,0,108,-0,114
27,803,0,109,-0,118
27,863,0,110,-0,120
27,922,0,110,-0,121
27,981,0,110,-0,117
28,040,0,111,-0,117
28,099,0,111,-0,124
28,158,0,111,-0,133
28,218,0,111,-0,138
28,277,0,111,-0,141
28,336,0,111,-0,138
28,395,0,113,-0,128
28,454,0,114,-0,120
28,513,0,115,-0,111
28,572,0,116,-0,106
28,632,0,116,-0,100
28,691,0,115,−9,546E−2
28,750,0,114,−8,984E−2
28,809,0,113,−8,868E−2
28,868,0,113,−9,445E−2
28,927,0,114,−9,771E−2
28,987,0,114,-0,104
29,046,0,113,-0,105
29,105,0,112,-0,103
29,164,0,112,-0,104
29,223,0,112,-0,109
29,282,0,111,-0,111
29,342,0,111,-0,110
29,401,0,111,-0,105
29,460,0,111,-0,101
29,519,0,111,-0,102
29,578,0,111,-0,101
29,637,0,112,-0,103
29,696,0,111,-0,106
29,756,0,111,-0,104
29,815,0,111,-0,109
29,874,0,111,-0,109
29,933,0,111,-0,108
29,992,0,111,-0,107
30,051,0,111,-0,104
30,111,0,110,−9,929E−2
30,170,0,111,−9,927E−2
30,229,0,110,-0,102
30,288,0,109,-0,102
30,347,0,108,−9,784E−2
30,406,0,108,−9,664E−2
30,465,0,109,-0,105
30,525,0,109,-0,110
30,584,0,109,-0,108
30,643,0,110,-0,110
30,702,0,110,-0,113
30,761,0,109,-0,117
30,820,0,109,-0,115
30,880,0,110,-0,112
30,939,0,110,-0,108
30,998,0,111,-0,113
31,057,0,111,-0,121
31,116,0,112,-0,127
31,175,0,112,-0,128
31,235,0,113,-0,125
31,294,0,113,-0,122
31,353,0,113,-0,114
31,412,0,114,-0,108
31,471,0,114,−9,957E−2
31,530,0,114,−9,805E−2
31,589,0,113,−9,738E−2
31,649,0,112,−9,444E−2
31,708,0,113,−9,507E−2
31,767,0,114,-0,106
31,826,0,114,-0,114
31,885,0,113,-0,115
31,944,0,113,-0,112
32,004,0,113,-0,114
32,063,0,113,-0,109
32,122,0,113,-0,106
32,181,0,112,-0,104
32,240,0,112,-0,103
32,299,0,113,-0,106
32,358,0,112,-0,110
32,418,0,112,-0,115
32,477,0,111,-0,116
32,536,0,111,-0,110
32,595,0,111,-0,105
32,654,0,112,-0,111
32,713,0,111,-0,113
32,773,0,111,-0,112
32,832,0,111,-0,109
32,891,0,111,-0,103
32,950,0,111,-0,102
33,009,0,110,-0,101
33,068,0,111,-0,103
33,128,0,112,-0,109
33,187,0,111,-0,111
33,246,0,110,-0,110
33,305,0,111,-0,105
33,364,0,111,-0,101
33,423,0,110,-0,101
33,482,0,109,−9,768E−2
33,542,0,110,-0,103
33,601,0,109,-0,110
33,660,0,108,-0,105
33,719,0,108,−9,807E−2
33,778,0,109,−9,693E−2
33,837,0,107,-0,100
33,897,0,108,−9,826E−2
33,956,0,108,-0,105
34,015,0,109,-0,110
34,074,0,109,-0,112
34,133,0,109,-0,115
34,192,0,109,-0,119
34,251,0,109,-0,121
34,311,0,109,-0,120
34,370,0,110,-0,117
34,429,0,110,-0,113
34,488,0,111,-0,106
34,547,0,111,-0,107
34,606,0,111,-0,104
34,666,0,111,−9,922E−2
34,725,0,112,-0,109
34,784,0,111,-0,119
34,843,0,112,-0,121
34,902,0,111,-0,114
34,961,0,112,-0,110
35,021,0,112,-0,112
35,080,0,112,-0,112
35,139,0,111,-0,104
35,198,0,111,-0,102
35,257,0,110,-0,100
35,316,0,110,-0,101
35,375,0,110,-0,105
35,435,0,109,-0,107
35,494,0,109,-0,113
35,553,0,109,-0,120
35,612,0,108,-0,121
35,671,0,109,-0,114
35,730,0,110,-0,108
35,790,0,110,-0,106
35,849,0,110,-0,105
35,908,0,110,-0,105
35,967,0,110,-0,105
36,026,0,111,-0,110
36,085,0,112,-0,114
36,144,0,111,-0,116
36,204,0,111,-0,118
36,263,0,112,-0,120
36,322,0,111,-0,119
36,381,0,112,-0,111
36,440,0,111,−9,997E−2
36,499,0,112,−9,669E−2
36,559,0,112,−9,737E−2
36,618,0,111,−9,830E−2
36,677,0,111,−9,894E−2
36,736,0,112,-0,108
36,795,0,112,-0,114
36,854,0,111,-0,117
36,914,0,111,-0,118
36,973,0,110,-0,114
37,032,0,111,-0,101
37,091,0,112,−9,791E−2
37,150,0,110,−9,579E−2
37,209,0,109,−9,347E−2
37,268,0,110,−9,303E−2
37,328,0,111,-0,102
37,387,0,112,-0,110
37,446,0,112,-0,115
37,505,0,112,-0,117
37,564,0,111,-0,115
37,623,0,111,-0,113
37,683,0,111,-0,111
37,742,0,111,-0,109
37,801,0,110,-0,103
37,860,0,110,-0,102
37,919,0,110,-0,102
37,978,0,109,-0,101
38,037,0,108,−9,506E−2
38,097,0,108,−9,483E−2
38,156,0,109,-0,105
38,215,0,108,-0,108
38,274,0,108,-0,105
38,333,0,109,-0,106
38,392,0,108,-0,110
38,452,0,108,-0,109
38,511,0,109,-0,107
38,570,0,109,-0,107
38,629,0,108,-0,108
38,688,0,108,-0,102
38,747,0,108,−9,821E−2
38,807,0,109,-0,109
38,866,0,109,-0,114
38,925,0,109,-0,114
38,984,0,108,-0,112
39,043,0,108,-0,114
39,102,0,108,-0,111
39,161,0,108,-0,104
39,221,0,108,-0,102
39,280,0,109,-0,105
39,339,0,109,-0,111
39,398,0,110,-0,116
39,457,0,111,-0,120
39,516,0,111,-0,121
39,576,0,111,-0,121
39,635,0,112,-0,120
39,694,0,112,-0,122
39,753,0,112,-0,126
39,812,0,111,-0,126
39,871,0,111,-0,116
39,930,0,112,-0,102
39,990,0,109,−8,653E−2
40,049,0,110,−8,468E−2
40,108,0,110,−9,093E−2
40,167,0,111,−9,998E−2
40,226,0,112,-0,113
40,285,0,112,-0,115
40,345,0,112,-0,117
40,404,0,112,-0,115
