,mass A,,
t,x,y,
0,000,0,112,-0,102
0,058,0,111,-0,100
0,116,0,111,-0,100
0,175,0,110,-0,101
0,233,0,109,-0,100
0,291,0,108,-0,100
0,349,0,107,-0,100
0,408,0,106,ŌłÆ9,881EŌłÆ2
0,466,0,105,ŌłÆ9,810EŌłÆ2
0,524,0,104,ŌłÆ9,854EŌłÆ2
0,582,0,103,ŌłÆ9,969EŌłÆ2
0,641,0,102,-0,101
0,699,0,101,-0,103
0,757,0,100,-0,106
0,815,9,967EŌłÆ2,-0,109
0,874,9,926EŌłÆ2,-0,112
0,932,9,862EŌłÆ2,-0,114
0,990,9,759EŌłÆ2,-0,115
1,048,9,692EŌłÆ2,-0,115
1,107,9,791EŌłÆ2,-0,116
1,165,9,756EŌłÆ2,-0,117
1,223,9,750EŌłÆ2,-0,119
1,281,9,775EŌłÆ2,-0,122
1,340,9,806EŌłÆ2,-0,124
1,398,9,870EŌłÆ2,-0,125
1,456,9,904EŌłÆ2,-0,126
1,514,9,938EŌłÆ2,-0,127
1,573,0,101,-0,128
1,631,0,102,-0,130
1,689,0,104,-0,132
1,747,0,105,-0,134
1,806,0,106,-0,134
1,864,0,107,-0,133
1,922,0,108,-0,134
1,980,0,109,-0,135
2,039,0,110,-0,135
2,097,0,110,-0,135
2,155,0,111,-0,135
2,213,0,112,-0,133
2,272,0,113,-0,131
2,330,0,114,-0,129
2,388,0,114,-0,127
2,446,0,114,-0,125
2,505,0,114,-0,123
2,563,0,114,-0,120
2,621,0,114,-0,117
2,679,0,114,-0,112
2,738,0,114,-0,108
2,796,0,111,-0,101
2,854,0,110,ŌłÆ9,931EŌłÆ2
2,912,0,109,ŌłÆ9,866EŌłÆ2
2,971,0,108,ŌłÆ9,862EŌłÆ2
3,029,0,108,ŌłÆ9,924EŌłÆ2
3,087,0,107,-0,101
3,145,0,107,-0,102
3,204,0,106,-0,102
3,262,0,105,-0,103
3,320,0,104,-0,103
3,378,0,102,-0,103
3,437,0,101,-0,104
3,495,0,100,-0,105
3,553,9,971EŌłÆ2,-0,107
3,611,9,882EŌłÆ2,-0,110
3,670,9,775EŌłÆ2,-0,112
3,728,0,101,-0,115
3,786,9,987EŌłÆ2,-0,117
3,844,9,914EŌłÆ2,-0,120
3,903,9,878EŌłÆ2,-0,123
3,961,9,835EŌłÆ2,-0,124
4,019,9,832EŌłÆ2,-0,125
4,077,9,835EŌłÆ2,-0,127
4,136,9,865EŌłÆ2,-0,128
4,194,9,892EŌłÆ2,-0,130
4,252,9,924EŌłÆ2,-0,130
4,310,0,100,-0,131
4,369,0,101,-0,131
4,427,0,102,-0,132
4,485,0,104,-0,131
4,543,0,105,-0,132
4,602,0,106,-0,133
4,660,0,107,-0,134
4,718,0,108,-0,135
4,776,0,109,-0,136
4,835,0,109,-0,138
4,893,0,110,-0,138
4,951,0,111,-0,138
5,009,0,112,-0,138
5,068,0,113,-0,138
5,126,0,114,-0,136
5,184,0,115,-0,132
5,242,0,115,-0,129
5,301,0,116,-0,127
5,359,0,116,-0,125
5,417,0,115,-0,123
5,475,0,115,-0,121
5,534,0,115,-0,119
5,592,0,115,-0,117
5,650,0,115,-0,115
5,708,0,114,-0,113
5,767,0,113,-0,110
5,825,0,112,-0,107
5,883,0,108,-0,103
5,941,0,108,-0,101
6,000,0,107,ŌłÆ9,926EŌłÆ2
6,058,0,106,ŌłÆ9,827EŌłÆ2
6,116,0,105,ŌłÆ9,836EŌłÆ2
6,174,0,104,-0,101
6,233,0,104,-0,103
6,291,0,103,-0,106
6,349,0,102,-0,107
6,407,0,102,-0,109
6,466,0,100,-0,109
6,524,9,901EŌłÆ2,-0,109
6,582,9,804EŌłÆ2,-0,110
6,640,9,736EŌłÆ2,-0,111
6,698,9,738EŌłÆ2,-0,112
6,757,9,767EŌłÆ2,-0,113
6,815,9,727EŌłÆ2,-0,115
6,873,9,692EŌłÆ2,-0,118
6,931,9,682EŌłÆ2,-0,122
6,990,9,684EŌłÆ2,-0,125
7,048,9,742EŌłÆ2,-0,129
7,106,9,829EŌłÆ2,-0,132
7,164,9,892EŌłÆ2,-0,133
7,223,9,991EŌłÆ2,-0,133
7,281,0,101,-0,132
7,339,0,103,-0,131
7,397,0,104,-0,131
7,456,0,105,-0,132
7,514,0,107,-0,133
7,572,0,108,-0,134
7,630,0,109,-0,135
7,689,0,110,-0,138
7,747,0,110,-0,141
7,805,0,110,-0,143
7,863,0,110,-0,144
7,922,0,110,-0,143
7,980,0,110,-0,140
8,038,0,110,-0,134
8,096,0,111,-0,128
8,155,0,111,-0,120
8,213,0,111,-0,113
8,271,0,112,-0,108
8,329,0,112,-0,105
8,388,0,110,ŌłÆ9,889EŌłÆ2
8,446,0,109,ŌłÆ9,613EŌłÆ2
8,504,0,108,ŌłÆ9,428EŌłÆ2
8,562,0,106,ŌłÆ9,298EŌłÆ2
8,621,0,105,ŌłÆ9,264EŌłÆ2
8,679,0,104,ŌłÆ9,320EŌłÆ2
8,737,0,102,ŌłÆ9,511EŌłÆ2
8,795,0,101,ŌłÆ9,772EŌłÆ2
8,854,9,995EŌłÆ2,-0,100
8,912,9,922EŌłÆ2,-0,103
8,970,9,888EŌłÆ2,-0,106
9,028,9,851EŌłÆ2,-0,109
9,087,9,726EŌłÆ2,-0,111
9,145,9,620EŌłÆ2,-0,113
9,203,9,550EŌłÆ2,-0,115
9,261,9,547EŌłÆ2,-0,118
9,320,9,599EŌłÆ2,-0,122
9,378,9,602EŌłÆ2,-0,125
9,436,9,600EŌłÆ2,-0,127
9,494,9,653EŌłÆ2,-0,129
9,553,9,715EŌłÆ2,-0,131
9,611,9,787EŌłÆ2,-0,132
9,669,9,879EŌłÆ2,-0,135
9,727,0,100,-0,136
9,786,0,101,-0,136
9,844,0,103,-0,135
9,902,0,104,-0,134
9,960,0,105,-0,136
10,019,0,105,-0,139
10,077,0,106,-0,142
10,135,0,107,-0,145
10,193,0,108,-0,146
10,252,0,108,-0,145
10,310,0,109,-0,141
10,368,0,111,-0,135
10,426,0,112,-0,133
10,485,0,112,-0,132
10,543,0,111,-0,129
10,601,0,111,-0,125
10,659,0,110,-0,119
10,718,0,111,-0,113
10,776,0,111,-0,107
10,834,0,113,-0,103
10,892,0,113,ŌłÆ9,979EŌłÆ2
10,951,0,110,ŌłÆ9,745EŌłÆ2
11,009,0,110,ŌłÆ9,745EŌłÆ2
11,067,0,110,ŌłÆ9,836EŌłÆ2
11,125,0,108,-0,100
11,184,0,108,ŌłÆ9,944EŌłÆ2
11,242,0,107,-0,100
11,300,0,106,-0,101
11,358,0,105,-0,101
11,417,0,103,-0,101
11,475,0,102,-0,102
11,533,9,995EŌłÆ2,-0,104
11,591,9,884EŌłÆ2,-0,105
11,650,9,795EŌłÆ2,-0,107
11,708,9,724EŌłÆ2,-0,109
11,766,9,611EŌłÆ2,-0,111
11,824,9,480EŌłÆ2,-0,113
11,883,9,441EŌłÆ2,-0,115
11,941,9,341EŌłÆ2,-0,116
11,999,9,307EŌłÆ2,-0,118
12,057,9,269EŌłÆ2,-0,120
12,116,9,232EŌłÆ2,-0,124
12,174,9,227EŌłÆ2,-0,126
12,232,9,255EŌłÆ2,-0,127
12,290,9,318EŌłÆ2,-0,128
12,349,9,412EŌłÆ2,-0,129
12,407,9,540EŌłÆ2,-0,131
12,465,9,672EŌłÆ2,-0,134
12,523,9,796EŌłÆ2,-0,135
12,582,9,995EŌłÆ2,-0,136
12,640,0,101,-0,136
12,698,0,103,-0,135
12,756,0,104,-0,136
12,815,0,105,-0,138
12,873,0,106,-0,141
12,931,0,108,-0,143
12,989,0,109,-0,143
13,047,0,110,-0,144
13,106,0,111,-0,144
13,164,0,111,-0,143
13,222,0,112,-0,140
13,280,0,112,-0,137
13,339,0,113,-0,134
13,397,0,113,-0,129
13,455,0,113,-0,124
13,513,0,114,-0,118
13,572,0,113,-0,113
13,630,0,114,-0,109
13,688,0,113,-0,106
13,746,0,113,-0,102
13,805,0,113,-0,101
13,863,0,112,ŌłÆ9,982EŌłÆ2
13,921,0,110,ŌłÆ9,889EŌłÆ2
13,979,0,109,ŌłÆ9,860EŌłÆ2
14,038,0,108,ŌłÆ9,889EŌłÆ2
14,096,0,107,ŌłÆ9,920EŌłÆ2
14,154,0,105,ŌłÆ9,953EŌłÆ2
14,212,0,104,-0,101
14,271,0,103,-0,102
14,329,0,102,-0,103
14,387,0,101,-0,104
14,445,9,956EŌłÆ2,-0,106
14,504,9,867EŌłÆ2,-0,108
14,562,9,764EŌłÆ2,-0,110
14,620,9,623EŌłÆ2,-0,113
14,678,9,491EŌłÆ2,-0,116
14,737,9,386EŌłÆ2,-0,118
14,795,9,289EŌłÆ2,-0,120
14,853,9,343EŌłÆ2,-0,121
14,911,9,311EŌłÆ2,-0,122
14,970,9,279EŌłÆ2,-0,122
15,028,9,246EŌłÆ2,-0,122
15,086,9,214EŌłÆ2,-0,122
15,144,9,238EŌłÆ2,-0,124
15,203,9,303EŌłÆ2,-0,127
15,261,9,397EŌłÆ2,-0,130
15,319,9,485EŌłÆ2,-0,133
15,377,9,549EŌłÆ2,-0,134
15,436,9,647EŌłÆ2,-0,134
15,494,9,783EŌłÆ2,-0,134
15,552,9,941EŌłÆ2,-0,135
15,610,0,101,-0,138
15,669,0,103,-0,140
15,727,0,105,-0,140
15,785,0,106,-0,140
15,843,0,107,-0,140
15,902,0,108,-0,140
15,960,0,109,-0,141
16,018,0,109,-0,142
16,076,0,110,-0,142
16,135,0,110,-0,140
16,193,0,111,-0,136
16,251,0,110,-0,131
16,309,0,110,-0,126
16,368,0,111,-0,119
16,426,0,111,-0,114
16,484,0,111,-0,109
16,542,0,112,-0,106
16,601,0,109,-0,100
16,659,0,109,ŌłÆ9,739EŌłÆ2
16,717,0,108,ŌłÆ9,606EŌłÆ2
16,775,0,108,ŌłÆ9,638EŌłÆ2
16,834,0,107,ŌłÆ9,832EŌłÆ2
16,892,0,107,-0,101
16,950,0,106,-0,104
17,008,0,104,-0,104
17,067,0,103,-0,105
17,125,0,102,-0,106
17,183,0,101,-0,107
17,241,9,993EŌłÆ2,-0,106
17,300,9,869EŌłÆ2,-0,106
17,358,9,717EŌłÆ2,-0,107
17,416,9,558EŌłÆ2,-0,108
17,474,9,413EŌłÆ2,-0,110
17,533,9,303EŌłÆ2,-0,112
17,591,9,354EŌłÆ2,-0,116
17,649,9,281EŌłÆ2,-0,119
17,707,9,209EŌłÆ2,-0,121
17,766,9,144EŌłÆ2,-0,122
17,824,9,137EŌłÆ2,-0,124
17,882,9,132EŌłÆ2,-0,127
17,940,9,139EŌłÆ2,-0,128
17,999,9,199EŌłÆ2,-0,130
18,057,9,328EŌłÆ2,-0,130
18,115,9,487EŌłÆ2,-0,131
18,173,9,650EŌłÆ2,-0,131
18,232,9,787EŌłÆ2,-0,132
18,290,9,907EŌłÆ2,-0,135
18,348,0,100,-0,137
18,406,0,102,-0,140
18,465,0,103,-0,142
18,523,0,104,-0,142
18,581,0,105,-0,140
18,639,0,106,-0,138
18,698,0,108,-0,133
18,756,0,110,-0,130
18,814,0,111,-0,128
18,872,0,112,-0,127
18,931,0,112,-0,127
18,989,0,111,-0,126
19,047,0,111,-0,123
19,105,0,112,-0,119
19,164,0,112,-0,115
19,222,0,111,-0,111
19,280,0,112,-0,108
19,338,0,113,-0,105
19,397,0,110,-0,101
19,455,0,109,-0,101
19,513,0,110,-0,102
19,571,0,109,-0,101
19,629,0,109,-0,101
19,688,0,108,-0,102
19,746,0,107,-0,102
19,804,0,106,-0,102
19,862,0,105,-0,102
19,921,0,105,-0,103
19,979,0,103,-0,102
20,037,0,102,-0,102
20,095,0,101,-0,102
20,154,9,999EŌłÆ2,-0,102
20,212,9,904EŌłÆ2,-0,104
20,270,0,101,-0,107
20,328,0,101,-0,109
20,387,0,100,-0,110
20,445,9,991EŌłÆ2,-0,110
20,503,9,965EŌłÆ2,-0,112
20,561,9,987EŌłÆ2,-0,114
20,620,0,100,-0,116
20,678,0,100,-0,118
20,736,0,100,-0,120
20,794,0,100,-0,122
20,853,0,100,-0,124
20,911,0,101,-0,125
20,969,0,101,-0,126
21,027,0,103,-0,128
21,086,0,104,-0,130
21,144,0,105,-0,132
21,202,0,106,-0,132
21,260,0,106,-0,133
21,319,0,107,-0,135
21,377,0,108,-0,135
21,435,0,110,-0,133
21,493,0,112,-0,129
21,552,0,113,-0,129
21,610,0,114,-0,130
21,668,0,114,-0,131
21,726,0,114,-0,131
21,785,0,114,-0,130
21,843,0,114,-0,128
21,901,0,114,-0,126
21,959,0,115,-0,124
22,018,0,115,-0,120
22,076,0,115,-0,116
22,134,0,115,-0,113
22,192,0,115,-0,112
22,251,0,115,-0,113
22,309,0,114,-0,113
22,367,0,113,-0,111
22,425,0,110,-0,108
22,484,0,110,-0,106
22,542,0,108,-0,103
22,600,0,107,-0,100
22,658,0,106,ŌłÆ9,835EŌłÆ2
22,717,0,105,ŌłÆ9,700EŌłÆ2
22,775,0,104,ŌłÆ9,641EŌłÆ2
22,833,0,103,ŌłÆ9,693EŌłÆ2
22,891,0,102,ŌłÆ9,868EŌłÆ2
22,950,0,101,-0,101
23,008,9,994EŌłÆ2,-0,104
23,066,9,855EŌłÆ2,-0,107
23,124,9,715EŌłÆ2,-0,110
23,183,9,620EŌłÆ2,-0,113
23,241,9,566EŌłÆ2,-0,116
23,299,9,475EŌłÆ2,-0,118
23,357,9,374EŌłÆ2,-0,120
23,416,9,271EŌłÆ2,-0,120
23,474,9,177EŌłÆ2,-0,120
23,532,9,176EŌłÆ2,-0,121
23,590,9,235EŌłÆ2,-0,125
23,649,9,293EŌłÆ2,-0,129
23,707,9,315EŌłÆ2,-0,131
23,765,9,292EŌłÆ2,-0,133
23,823,9,378EŌłÆ2,-0,134
23,882,9,545EŌłÆ2,-0,135
23,940,9,740EŌłÆ2,-0,136
23,998,9,929EŌłÆ2,-0,138
24,056,0,101,-0,139
24,115,0,103,-0,138
24,173,0,104,-0,138
24,231,0,104,-0,140
24,289,0,105,-0,142
24,348,0,106,-0,145
24,406,0,107,-0,148
24,464,0,107,-0,149
24,522,0,108,-0,148
24,581,0,110,-0,145
24,639,0,110,-0,141
24,697,0,111,-0,137
24,755,0,111,-0,132
24,814,0,112,-0,127
24,872,0,112,-0,122
24,930,0,112,-0,118
24,988,0,112,-0,114
25,047,0,112,-0,110
25,105,0,112,-0,107
25,163,0,111,-0,104
25,221,0,111,-0,102
25,280,0,110,ŌłÆ9,929EŌłÆ2
25,338,0,109,ŌłÆ9,770EŌłÆ2
25,396,0,108,ŌłÆ9,702EŌłÆ2
25,454,0,106,ŌłÆ9,688EŌłÆ2
25,513,0,105,ŌłÆ9,734EŌłÆ2
25,571,0,103,ŌłÆ9,893EŌłÆ2
25,629,0,103,-0,102
25,687,0,102,-0,106
25,746,0,102,-0,108
25,804,0,100,-0,110
25,862,9,904EŌłÆ2,-0,111
25,920,9,804EŌłÆ2,-0,112
25,979,9,701EŌłÆ2,-0,113
26,037,9,877EŌłÆ2,-0,116
26,095,9,816EŌłÆ2,-0,118
26,153,9,810EŌłÆ2,-0,119
26,211,9,810EŌłÆ2,-0,120
26,270,9,777EŌłÆ2,-0,122
26,328,9,730EŌłÆ2,-0,122
26,386,9,702EŌłÆ2,-0,123
26,444,9,731EŌłÆ2,-0,123
26,503,9,840EŌłÆ2,-0,124
26,561,9,956EŌłÆ2,-0,126
26,619,0,100,-0,129
26,677,0,101,-0,131
26,736,0,102,-0,132
26,794,0,103,-0,132
26,852,0,104,-0,133
26,910,0,106,-0,134
26,969,0,107,-0,134
27,027,0,108,-0,132
27,085,0,110,-0,131
27,143,0,111,-0,131
27,202,0,112,-0,137
27,260,0,112,-0,141
27,318,0,113,-0,146
27,376,0,113,-0,148
27,435,0,113,-0,149
27,493,0,113,-0,148
27,551,0,113,-0,146
27,609,0,114,-0,142
27,668,0,114,-0,137
27,726,0,115,-0,132
27,784,0,115,-0,127
27,842,0,115,-0,122
27,901,0,115,-0,118
27,959,0,115,-0,113
28,017,0,115,-0,110
28,075,0,114,-0,107
28,134,0,114,-0,105
28,192,0,114,-0,103
28,250,0,110,-0,102
28,308,0,109,-0,100
28,367,0,108,ŌłÆ9,940EŌłÆ2
28,425,0,106,ŌłÆ9,850EŌłÆ2
28,483,0,105,ŌłÆ9,820EŌłÆ2
28,541,0,103,ŌłÆ9,808EŌłÆ2
28,600,0,102,ŌłÆ9,817EŌłÆ2
28,658,0,102,ŌłÆ9,949EŌłÆ2
28,716,0,101,-0,101
28,774,9,973EŌłÆ2,-0,102
28,833,9,824EŌłÆ2,-0,104
28,891,9,703EŌłÆ2,-0,105
28,949,9,658EŌłÆ2,-0,107
29,007,9,888EŌłÆ2,-0,110
29,066,9,851EŌłÆ2,-0,113
29,124,9,749EŌłÆ2,-0,116
29,182,9,645EŌłÆ2,-0,118
29,240,9,644EŌłÆ2,-0,120
29,299,9,667EŌłÆ2,-0,122
29,357,9,693EŌłÆ2,-0,127
29,415,9,722EŌłÆ2,-0,129
29,473,9,820EŌłÆ2,-0,130
29,532,9,981EŌłÆ2,-0,131
29,590,0,101,-0,131
29,648,0,102,-0,132
29,706,0,103,-0,134
29,765,0,105,-0,136
29,823,0,106,-0,138
29,881,0,108,-0,139
29,939,0,109,-0,138
29,998,0,111,-0,135
30,056,0,112,-0,131
30,114,0,113,-0,129
30,172,0,114,-0,129
30,231,0,114,-0,129
30,289,0,113,-0,127
30,347,0,113,-0,123
30,405,0,113,-0,119
30,464,0,113,-0,115
30,522,0,114,-0,110
30,580,0,114,-0,106
30,638,0,111,-0,101
30,697,0,110,ŌłÆ9,959EŌłÆ2
30,755,0,109,ŌłÆ9,685EŌłÆ2
30,813,0,109,ŌłÆ9,484EŌłÆ2
30,871,0,108,ŌłÆ9,383EŌłÆ2
30,930,0,107,ŌłÆ9,411EŌłÆ2
30,988,0,106,ŌłÆ9,577EŌłÆ2
31,046,0,105,ŌłÆ9,808EŌłÆ2
31,104,0,103,ŌłÆ9,984EŌłÆ2
31,163,0,102,-0,101
31,221,0,101,-0,103
31,279,9,995EŌłÆ2,-0,106
31,337,9,960EŌłÆ2,-0,109
31,396,9,860EŌłÆ2,-0,111
31,454,9,726EŌłÆ2,-0,113
31,512,9,850EŌłÆ2,-0,115
31,570,9,818EŌłÆ2,-0,116
31,629,9,844EŌłÆ2,-0,118
31,687,9,809EŌłÆ2,-0,121
31,745,9,799EŌłÆ2,-0,125
31,803,9,798EŌłÆ2,-0,128
31,862,9,856EŌłÆ2,-0,129
31,920,9,955EŌłÆ2,-0,131
31,978,0,100,-0,133
32,036,0,101,-0,136
32,095,0,102,-0,139
32,153,0,103,-0,141
32,211,0,105,-0,142
32,269,0,106,-0,141
32,328,0,108,-0,141
32,386,0,109,-0,142
32,444,0,110,-0,145
32,502,0,110,-0,146
32,560,0,111,-0,147
32,619,0,111,-0,148
32,677,0,112,-0,150
32,735,0,112,-0,149
32,793,0,113,-0,146
32,852,0,113,-0,142
32,910,0,114,-0,136
32,968,0,114,-0,129
33,026,0,114,-0,123
33,085,0,114,-0,116
33,143,0,114,-0,110
33,201,0,110,-0,103
33,259,0,109,ŌłÆ9,930EŌłÆ2
33,318,0,108,ŌłÆ9,639EŌłÆ2
33,376,0,107,ŌłÆ9,441EŌłÆ2
33,434,0,105,ŌłÆ9,308EŌłÆ2
33,492,0,104,ŌłÆ9,343EŌłÆ2
33,551,0,103,ŌłÆ9,472EŌłÆ2
33,609,0,102,ŌłÆ9,691EŌłÆ2
33,667,0,101,ŌłÆ9,962EŌłÆ2
33,725,9,937EŌłÆ2,-0,102
33,784,9,824EŌłÆ2,-0,105
33,842,9,694EŌłÆ2,-0,108
33,900,9,587EŌłÆ2,-0,112
33,958,9,545EŌłÆ2,-0,116
34,017,9,443EŌłÆ2,-0,119
34,075,9,344EŌłÆ2,-0,121
34,133,9,210EŌłÆ2,-0,123
34,191,9,281EŌłÆ2,-0,124
34,250,9,248EŌłÆ2,-0,124
34,308,9,215EŌłÆ2,-0,124
34,366,9,212EŌłÆ2,-0,125
34,424,9,241EŌłÆ2,-0,127
34,483,9,274EŌłÆ2,-0,130
34,541,9,335EŌłÆ2,-0,132
34,599,9,390EŌłÆ2,-0,134
34,657,9,494EŌłÆ2,-0,134
34,716,9,655EŌłÆ2,-0,135
34,774,9,881EŌłÆ2,-0,134
34,832,0,100,-0,134
34,890,0,102,-0,134
34,949,0,102,-0,135
35,007,0,104,-0,137
35,065,0,105,-0,139
35,123,0,106,-0,140
35,182,0,107,-0,140
35,240,0,108,-0,138
35,298,0,110,-0,134
35,356,0,111,-0,130
35,415,0,111,-0,127
35,473,0,112,-0,124
35,531,0,112,-0,121
35,589,0,111,-0,117
35,648,0,111,-0,113
35,706,0,111,-0,110
35,764,0,110,-0,104
35,822,0,109,-0,100
35,881,0,108,ŌłÆ9,595EŌłÆ2
35,939,0,107,ŌłÆ9,228EŌłÆ2
35,997,0,106,ŌłÆ9,065EŌłÆ2
36,055,0,105,ŌłÆ9,034EŌłÆ2
36,114,0,104,ŌłÆ9,150EŌłÆ2
36,172,0,103,ŌłÆ9,386EŌłÆ2
36,230,0,103,ŌłÆ9,744EŌłÆ2
36,288,0,102,-0,101
36,347,0,101,-0,105
36,405,9,982EŌłÆ2,-0,108
36,463,9,878EŌłÆ2,-0,111
36,521,9,871EŌłÆ2,-0,115
36,580,9,775EŌłÆ2,-0,118
36,638,9,609EŌłÆ2,-0,120
36,696,9,542EŌłÆ2,-0,119
36,754,9,581EŌłÆ2,-0,119
36,813,9,514EŌłÆ2,-0,120
36,871,9,456EŌłÆ2,-0,120
36,929,9,416EŌłÆ2,-0,121
36,987,9,410EŌłÆ2,-0,123
37,046,9,445EŌłÆ2,-0,124
37,104,9,508EŌłÆ2,-0,125
37,162,9,567EŌłÆ2,-0,127
37,220,9,658EŌłÆ2,-0,129
37,279,9,748EŌłÆ2,-0,131
37,337,9,853EŌłÆ2,-0,132
37,395,9,947EŌłÆ2,-0,134
37,453,0,101,-0,135
37,512,0,102,-0,135
37,570,0,104,-0,135
37,628,0,106,-0,135
37,686,0,107,-0,133
37,745,0,109,-0,133
37,803,0,109,-0,133
37,861,0,109,-0,134
37,919,0,110,-0,136
37,978,0,110,-0,136
38,036,0,110,-0,133
38,094,0,110,-0,129
38,152,0,111,-0,123
38,211,0,112,-0,118
38,269,0,112,-0,113
38,327,0,111,-0,110
38,385,0,111,-0,107
38,444,0,111,-0,104
38,502,0,110,-0,102
38,560,0,109,-0,101
38,618,0,108,ŌłÆ9,926EŌłÆ2
38,677,0,107,ŌłÆ9,690EŌłÆ2
38,735,0,106,ŌłÆ9,559EŌłÆ2
38,793,0,104,ŌłÆ9,564EŌłÆ2
38,851,0,103,ŌłÆ9,662EŌłÆ2
38,910,0,102,ŌłÆ9,781EŌłÆ2
38,968,0,100,ŌłÆ9,919EŌłÆ2
39,026,9,940EŌłÆ2,-0,101
39,084,9,804EŌłÆ2,-0,104
39,142,9,630EŌłÆ2,-0,106
39,201,9,468EŌłÆ2,-0,109
39,259,9,335EŌłÆ2,-0,112
39,317,9,207EŌłÆ2,-0,115
39,375,9,097EŌłÆ2,-0,117
39,434,9,317EŌłÆ2,-0,120
39,492,9,219EŌłÆ2,-0,121
39,550,9,148EŌłÆ2,-0,122
39,608,9,113EŌłÆ2,-0,122
39,667,9,055EŌłÆ2,-0,123
39,725,9,081EŌłÆ2,-0,126
39,783,9,169EŌłÆ2,-0,130
39,841,9,256EŌłÆ2,-0,134
39,900,9,359EŌłÆ2,-0,137
39,958,9,451EŌłÆ2,-0,138
40,016,9,573EŌłÆ2,-0,139
40,074,9,708EŌłÆ2,-0,140
40,133,9,863EŌłÆ2,-0,144
40,191,0,100,-0,147
40,249,0,102,-0,150
