,mass A,,
t,x,y,
0,000,8,998EŌłÆ2,-0,133
0,041,9,054EŌłÆ2,-0,133
0,081,9,113EŌłÆ2,-0,133
0,122,9,173EŌłÆ2,-0,133
0,162,9,220EŌłÆ2,-0,134
0,203,9,285EŌłÆ2,-0,136
0,243,9,382EŌłÆ2,-0,139
0,284,9,484EŌłÆ2,-0,141
0,324,9,600EŌłÆ2,-0,142
0,365,9,737EŌłÆ2,-0,143
0,405,9,899EŌłÆ2,-0,144
0,446,0,101,-0,145
0,486,0,102,-0,146
0,527,0,103,-0,148
0,567,0,104,-0,150
0,608,0,104,-0,152
0,648,0,105,-0,154
0,689,0,106,-0,155
0,730,0,107,-0,156
0,770,0,107,-0,157
0,811,0,108,-0,159
0,851,0,109,-0,160
0,892,0,109,-0,161
0,932,0,110,-0,162
0,973,0,110,-0,163
1,013,0,110,-0,164
1,054,0,110,-0,163
1,094,0,111,-0,162
1,135,0,111,-0,160
1,175,0,112,-0,156
1,216,0,112,-0,152
1,256,0,113,-0,148
1,297,0,113,-0,143
1,337,0,114,-0,138
1,378,0,114,-0,133
1,418,0,114,-0,128
1,459,0,115,-0,123
1,500,0,115,-0,117
1,540,0,116,-0,112
1,581,0,116,-0,108
1,621,0,115,-0,104
1,662,0,115,-0,101
1,702,0,111,ŌłÆ9,789EŌłÆ2
1,743,0,110,ŌłÆ9,597EŌłÆ2
1,783,0,109,ŌłÆ9,468EŌłÆ2
1,824,0,108,ŌłÆ9,426EŌłÆ2
1,864,0,107,ŌłÆ9,429EŌłÆ2
1,905,0,105,ŌłÆ9,457EŌłÆ2
1,945,0,105,ŌłÆ9,524EŌłÆ2
1,986,0,104,ŌłÆ9,610EŌłÆ2
2,026,0,102,ŌłÆ9,696EŌłÆ2
2,067,0,100,ŌłÆ9,797EŌłÆ2
2,107,9,857EŌłÆ2,ŌłÆ9,931EŌłÆ2
2,148,9,681EŌłÆ2,-0,101
2,189,9,534EŌłÆ2,-0,103
2,229,9,408EŌłÆ2,-0,106
2,270,9,272EŌłÆ2,-0,108
2,310,9,178EŌłÆ2,-0,111
2,351,9,115EŌłÆ2,-0,114
2,391,9,009EŌłÆ2,-0,116
2,432,8,868EŌłÆ2,-0,118
2,472,8,699EŌłÆ2,-0,119
2,513,8,912EŌłÆ2,-0,119
2,553,8,851EŌłÆ2,-0,118
2,594,8,840EŌłÆ2,-0,118
2,634,8,838EŌłÆ2,-0,120
2,675,8,830EŌłÆ2,-0,123
2,715,8,765EŌłÆ2,-0,127
2,756,8,719EŌłÆ2,-0,129
2,796,8,679EŌłÆ2,-0,131
2,837,8,675EŌłÆ2,-0,133
2,877,8,720EŌłÆ2,-0,134
2,918,8,814EŌłÆ2,-0,135
2,959,8,942EŌłÆ2,-0,137
2,999,9,075EŌłÆ2,-0,139
3,040,9,155EŌłÆ2,-0,141
3,080,9,229EŌłÆ2,-0,144
3,121,9,320EŌłÆ2,-0,146
3,161,9,479EŌłÆ2,-0,147
3,202,9,644EŌłÆ2,-0,148
3,242,9,805EŌłÆ2,-0,149
3,283,9,966EŌłÆ2,-0,150
3,323,0,101,-0,151
3,364,0,103,-0,153
3,404,0,103,-0,156
3,445,0,104,-0,161
3,485,0,104,-0,165
3,526,0,103,-0,169
3,566,0,103,-0,173
3,607,0,104,-0,175
3,648,0,105,-0,177
3,688,0,105,-0,178
3,729,0,106,-0,179
3,769,0,107,-0,180
3,810,0,107,-0,181
3,850,0,107,-0,181
3,891,0,107,-0,182
3,931,0,108,-0,182
3,972,0,108,-0,181
4,012,0,108,-0,180
4,053,0,108,-0,178
4,093,0,108,-0,175
4,134,0,108,-0,171
4,174,0,108,-0,166
4,215,0,108,-0,160
4,255,0,109,-0,155
4,296,0,111,-0,147
4,336,0,113,-0,140
4,377,0,114,-0,133
4,418,0,115,-0,126
4,458,0,115,-0,119
4,499,0,116,-0,114
4,539,0,116,-0,108
4,580,0,116,-0,104
4,620,0,116,-0,101
4,661,0,115,ŌłÆ9,947EŌłÆ2
4,701,0,114,ŌłÆ9,845EŌłÆ2
4,742,0,113,ŌłÆ9,785EŌłÆ2
4,782,0,108,ŌłÆ9,841EŌłÆ2
4,823,0,107,ŌłÆ9,882EŌłÆ2
4,863,0,106,ŌłÆ9,967EŌłÆ2
4,904,0,105,-0,101
4,944,0,104,-0,103
4,985,0,103,-0,105
5,025,0,102,-0,106
5,066,0,101,-0,107
5,107,9,991EŌłÆ2,-0,109
5,147,9,885EŌłÆ2,-0,110
5,188,9,763EŌłÆ2,-0,111
5,228,9,634EŌłÆ2,-0,113
5,269,9,519EŌłÆ2,-0,114
5,309,9,413EŌłÆ2,-0,115
5,350,9,311EŌłÆ2,-0,116
5,390,9,214EŌłÆ2,-0,117
5,431,9,135EŌłÆ2,-0,117
5,471,9,412EŌłÆ2,-0,117
5,512,9,314EŌłÆ2,-0,117
5,552,9,242EŌłÆ2,-0,119
5,593,9,177EŌłÆ2,-0,122
5,633,9,137EŌłÆ2,-0,124
5,674,9,129EŌłÆ2,-0,127
5,714,9,128EŌłÆ2,-0,129
5,755,9,125EŌłÆ2,-0,131
5,796,9,150EŌłÆ2,-0,132
5,836,9,130EŌłÆ2,-0,134
5,877,9,114EŌłÆ2,-0,135
5,917,9,126EŌłÆ2,-0,136
5,958,9,182EŌłÆ2,-0,137
5,998,9,278EŌłÆ2,-0,138
6,039,9,416EŌłÆ2,-0,138
6,079,9,607EŌłÆ2,-0,138
6,120,9,720EŌłÆ2,-0,140
6,160,9,806EŌłÆ2,-0,142
6,201,9,915EŌłÆ2,-0,143
6,241,0,101,-0,143
6,282,0,102,-0,142
6,322,0,104,-0,142
6,363,0,105,-0,142
6,403,0,106,-0,143
6,444,0,108,-0,145
6,484,0,109,-0,148
6,525,0,109,-0,151
6,566,0,110,-0,153
6,606,0,111,-0,154
6,647,0,112,-0,154
6,687,0,113,-0,153
6,728,0,114,-0,153
6,768,0,114,-0,152
6,809,0,114,-0,151
6,849,0,114,-0,150
6,890,0,114,-0,148
6,930,0,114,-0,145
6,971,0,114,-0,141
7,011,0,114,-0,137
7,052,0,114,-0,132
7,092,0,114,-0,126
7,133,0,114,-0,121
7,173,0,115,-0,115
7,214,0,115,-0,110
7,255,0,115,-0,105
7,295,0,110,-0,101
7,336,0,110,ŌłÆ9,816EŌłÆ2
7,376,0,109,ŌłÆ9,627EŌłÆ2
7,417,0,109,ŌłÆ9,527EŌłÆ2
7,457,0,108,ŌłÆ9,485EŌłÆ2
7,498,0,107,ŌłÆ9,490EŌłÆ2
7,538,0,106,ŌłÆ9,555EŌłÆ2
7,579,0,105,ŌłÆ9,709EŌłÆ2
7,619,0,104,-0,100
7,660,0,104,-0,103
7,700,0,103,-0,106
7,741,0,102,-0,108
7,781,0,101,-0,109
7,822,9,944EŌłÆ2,-0,111
7,862,9,840EŌłÆ2,-0,113
7,903,9,734EŌłÆ2,-0,114
7,943,9,606EŌłÆ2,-0,114
7,984,9,474EŌłÆ2,-0,114
8,025,9,376EŌłÆ2,-0,114
8,065,9,282EŌłÆ2,-0,114
8,106,9,619EŌłÆ2,-0,113
8,146,9,552EŌłÆ2,-0,115
8,187,9,482EŌłÆ2,-0,118
8,227,9,412EŌłÆ2,-0,120
8,268,9,344EŌłÆ2,-0,121
8,308,9,279EŌłÆ2,-0,122
8,349,9,243EŌłÆ2,-0,122
8,389,9,182EŌłÆ2,-0,122
8,430,9,148EŌłÆ2,-0,122
8,470,9,144EŌłÆ2,-0,123
8,511,9,147EŌłÆ2,-0,124
8,551,9,144EŌłÆ2,-0,125
8,592,9,169EŌłÆ2,-0,127
8,632,9,195EŌłÆ2,-0,130
8,673,9,225EŌłÆ2,-0,132
8,714,9,287EŌłÆ2,-0,134
8,754,9,352EŌłÆ2,-0,136
8,795,9,441EŌłÆ2,-0,138
8,835,9,509EŌłÆ2,-0,140
8,876,9,582EŌłÆ2,-0,142
8,916,9,671EŌłÆ2,-0,144
8,957,9,763EŌłÆ2,-0,145
8,997,9,885EŌłÆ2,-0,147
9,038,9,991EŌłÆ2,-0,148
9,078,0,101,-0,150
9,119,0,102,-0,152
9,159,0,103,-0,155
9,200,0,104,-0,159
9,240,0,104,-0,163
9,281,0,104,-0,167
9,321,0,104,-0,171
9,362,0,104,-0,174
9,402,0,104,-0,177
9,443,0,105,-0,179
9,484,0,105,-0,181
9,524,0,105,-0,182
9,565,0,105,-0,183
9,605,0,106,-0,182
9,646,0,107,-0,181
9,686,0,108,-0,179
9,727,0,109,-0,178
9,767,0,110,-0,175
9,808,0,111,-0,172
9,848,0,112,-0,169
9,889,0,112,-0,165
9,929,0,112,-0,160
9,970,0,113,-0,156
10,010,0,114,-0,150
10,051,0,115,-0,144
10,091,0,115,-0,138
10,132,0,116,-0,132
10,173,0,116,-0,126
10,213,0,116,-0,120
10,254,0,117,-0,114
10,294,0,117,-0,110
10,335,0,117,-0,106
10,375,0,117,-0,103
10,416,0,116,-0,100
10,456,0,115,ŌłÆ9,805EŌłÆ2
10,497,0,114,ŌłÆ9,674EŌłÆ2
10,537,0,114,ŌłÆ9,606EŌłÆ2
10,578,0,113,ŌłÆ9,506EŌłÆ2
10,618,0,111,ŌłÆ9,472EŌłÆ2
10,659,0,110,ŌłÆ9,510EŌłÆ2
10,699,0,108,ŌłÆ9,696EŌłÆ2
10,740,0,106,ŌłÆ9,858EŌłÆ2
10,780,0,105,-0,100
10,821,0,104,-0,102
10,861,0,102,-0,105
10,902,0,101,-0,107
10,943,9,947EŌłÆ2,-0,109
10,983,9,823EŌłÆ2,-0,112
11,024,9,677EŌłÆ2,-0,114
11,064,9,554EŌłÆ2,-0,116
11,105,9,415EŌłÆ2,-0,117
11,145,9,251EŌłÆ2,-0,119
11,186,9,085EŌłÆ2,-0,119
11,226,8,957EŌłÆ2,-0,119
11,267,8,860EŌłÆ2,-0,119
11,307,8,825EŌłÆ2,-0,119
11,348,8,789EŌłÆ2,-0,120
11,388,8,754EŌłÆ2,-0,122
11,429,8,747EŌłÆ2,-0,124
11,469,8,716EŌłÆ2,-0,127
11,510,8,713EŌłÆ2,-0,130
11,550,8,735EŌłÆ2,-0,132
11,591,8,765EŌłÆ2,-0,134
11,632,8,798EŌłÆ2,-0,136
11,672,8,863EŌłÆ2,-0,139
11,713,8,952EŌłÆ2,-0,141
11,753,9,040EŌłÆ2,-0,142
11,794,9,147EŌłÆ2,-0,143
11,834,9,243EŌłÆ2,-0,144
11,875,9,344EŌłÆ2,-0,145
11,915,9,469EŌłÆ2,-0,146
11,956,9,620EŌłÆ2,-0,148
11,996,9,726EŌłÆ2,-0,150
12,037,9,811EŌłÆ2,-0,153
12,077,9,894EŌłÆ2,-0,157
12,118,9,992EŌłÆ2,-0,160
12,158,0,101,-0,162
12,199,0,102,-0,165
12,239,0,103,-0,167
12,280,0,104,-0,169
12,321,0,105,-0,170
12,361,0,107,-0,172
12,402,0,107,-0,174
12,442,0,108,-0,176
12,483,0,107,-0,178
12,523,0,107,-0,181
12,564,0,107,-0,182
12,604,0,107,-0,184
12,645,0,107,-0,184
12,685,0,107,-0,182
12,726,0,107,-0,179
12,766,0,108,-0,174
12,807,0,109,-0,168
12,847,0,110,-0,161
12,888,0,112,-0,154
12,928,0,113,-0,147
12,969,0,114,-0,140
13,009,0,116,-0,133
13,050,0,117,-0,126
13,091,0,118,-0,119
13,131,0,118,-0,114
13,172,0,118,-0,109
13,212,0,117,-0,104
13,253,0,116,-0,101
13,293,0,116,ŌłÆ9,842EŌłÆ2
13,334,0,115,ŌłÆ9,640EŌłÆ2
13,374,0,113,ŌłÆ9,445EŌłÆ2
13,415,0,112,ŌłÆ9,339EŌłÆ2
13,455,0,111,ŌłÆ9,251EŌłÆ2
13,496,0,109,ŌłÆ9,214EŌłÆ2
13,536,0,108,ŌłÆ9,241EŌłÆ2
13,577,0,107,ŌłÆ9,335EŌłÆ2
13,617,0,105,ŌłÆ9,536EŌłÆ2
13,658,0,103,ŌłÆ9,753EŌłÆ2
13,698,0,102,-0,100
13,739,0,100,-0,102
13,780,9,935EŌłÆ2,-0,105
13,820,9,791EŌłÆ2,-0,109
13,861,9,685EŌłÆ2,-0,111
13,901,9,564EŌłÆ2,-0,113
13,942,9,414EŌłÆ2,-0,114
13,982,9,248EŌłÆ2,-0,116
14,023,9,095EŌłÆ2,-0,117
14,063,8,927EŌłÆ2,-0,117
14,104,8,399EŌłÆ2,-0,118
14,144,8,656EŌłÆ2,-0,118
14,185,8,525EŌłÆ2,-0,119
14,225,8,448EŌłÆ2,-0,121
14,266,8,354EŌłÆ2,-0,123
14,306,8,259EŌłÆ2,-0,124
14,347,8,208EŌłÆ2,-0,125
14,387,8,192EŌłÆ2,-0,124
14,428,8,215EŌłÆ2,-0,123
14,468,8,284EŌłÆ2,-0,122
14,509,8,326EŌłÆ2,-0,123
14,550,8,373EŌłÆ2,-0,125
14,590,8,409EŌłÆ2,-0,127
14,631,8,493EŌłÆ2,-0,129
14,671,8,595EŌłÆ2,-0,131
14,712,8,697EŌłÆ2,-0,133
14,752,8,823EŌłÆ2,-0,134
14,793,8,950EŌłÆ2,-0,136
14,833,9,103EŌłÆ2,-0,139
14,874,9,198EŌłÆ2,-0,141
14,914,9,282EŌłÆ2,-0,145
14,955,9,341EŌłÆ2,-0,148
14,995,9,388EŌłÆ2,-0,151
15,036,9,475EŌłÆ2,-0,154
15,076,9,597EŌłÆ2,-0,155
15,117,9,761EŌłÆ2,-0,156
15,157,9,957EŌłÆ2,-0,157
15,198,0,101,-0,159
15,239,0,102,-0,160
15,279,0,104,-0,161
15,320,0,105,-0,162
15,360,0,106,-0,163
15,401,0,107,-0,164
15,441,0,108,-0,166
15,482,0,108,-0,168
15,522,0,108,-0,171
15,563,0,108,-0,173
15,603,0,108,-0,175
15,644,0,108,-0,177
15,684,0,108,-0,178
15,725,0,108,-0,178
15,765,0,108,-0,177
15,806,0,108,-0,176
15,846,0,109,-0,172
15,887,0,109,-0,168
15,927,0,111,-0,163
15,968,0,112,-0,158
16,009,0,114,-0,152
16,049,0,115,-0,148
16,090,0,116,-0,142
16,130,0,116,-0,138
16,171,0,116,-0,133
16,211,0,116,-0,128
16,252,0,116,-0,124
16,292,0,116,-0,119
16,333,0,116,-0,114
16,373,0,116,-0,109
16,414,0,116,-0,105
16,454,0,116,-0,103
16,495,0,111,-0,101
16,535,0,110,ŌłÆ9,798EŌłÆ2
16,576,0,109,ŌłÆ9,513EŌłÆ2
16,616,0,108,ŌłÆ9,303EŌłÆ2
16,657,0,107,ŌłÆ9,202EŌłÆ2
16,698,0,105,ŌłÆ9,201EŌłÆ2
16,738,0,103,ŌłÆ9,279EŌłÆ2
16,779,0,102,ŌłÆ9,420EŌłÆ2
16,819,0,100,ŌłÆ9,682EŌłÆ2
16,860,9,900EŌłÆ2,-0,100
16,900,9,790EŌłÆ2,-0,103
16,941,9,661EŌłÆ2,-0,106
16,981,9,521EŌłÆ2,-0,108
17,022,9,395EŌłÆ2,-0,110
17,062,9,265EŌłÆ2,-0,112
17,103,9,116EŌłÆ2,-0,113
17,143,8,961EŌłÆ2,-0,114
17,184,8,826EŌłÆ2,-0,115
17,224,8,698EŌłÆ2,-0,116
17,265,8,593EŌłÆ2,-0,118
17,305,8,908EŌłÆ2,-0,121
17,346,8,835EŌłÆ2,-0,124
17,387,8,735EŌłÆ2,-0,125
17,427,8,636EŌłÆ2,-0,126
17,468,8,573EŌłÆ2,-0,126
17,508,8,539EŌłÆ2,-0,125
17,549,8,545EŌłÆ2,-0,125
17,589,8,608EŌłÆ2,-0,125
17,630,8,697EŌłÆ2,-0,126
17,670,8,767EŌłÆ2,-0,129
17,711,8,821EŌłÆ2,-0,132
17,751,8,887EŌłÆ2,-0,135
17,792,8,949EŌłÆ2,-0,138
17,832,9,014EŌłÆ2,-0,141
17,873,9,108EŌłÆ2,-0,143
17,913,9,181EŌłÆ2,-0,145
17,954,9,254EŌłÆ2,-0,147
17,994,9,312EŌłÆ2,-0,150
18,035,9,382EŌłÆ2,-0,152
18,075,9,470EŌłÆ2,-0,155
18,116,9,557EŌłÆ2,-0,158
18,157,9,635EŌłÆ2,-0,162
18,197,9,684EŌłÆ2,-0,165
18,238,9,713EŌłÆ2,-0,168
18,278,9,773EŌłÆ2,-0,171
18,319,9,869EŌłÆ2,-0,173
18,359,9,997EŌłÆ2,-0,173
18,400,0,102,-0,174
18,440,0,104,-0,174
18,481,0,106,-0,175
18,521,0,108,-0,175
18,562,0,108,-0,176
18,602,0,109,-0,178
18,643,0,109,-0,180
18,683,0,109,-0,182
18,724,0,108,-0,183
18,764,0,108,-0,185
18,805,0,107,-0,185
18,846,0,106,-0,185
18,886,0,105,-0,183
18,927,0,105,-0,180
18,967,0,105,-0,175
19,008,0,106,-0,169
19,048,0,106,-0,162
19,089,0,108,-0,154
19,129,0,109,-0,146
19,170,0,111,-0,138
19,210,0,113,-0,130
19,251,0,114,-0,123
19,291,0,115,-0,116
19,332,0,116,-0,110
19,372,0,116,-0,105
19,413,0,116,-0,101
19,453,0,115,ŌłÆ9,792EŌłÆ2
19,494,0,114,ŌłÆ9,593EŌłÆ2
19,534,0,110,ŌłÆ9,567EŌłÆ2
19,575,0,109,ŌłÆ9,554EŌłÆ2
19,616,0,108,ŌłÆ9,609EŌłÆ2
19,656,0,106,ŌłÆ9,683EŌłÆ2
19,697,0,105,ŌłÆ9,798EŌłÆ2
19,737,0,104,ŌłÆ9,961EŌłÆ2
19,778,0,103,-0,102
19,818,0,102,-0,103
19,859,0,100,-0,105
19,899,9,909EŌłÆ2,-0,108
19,940,9,787EŌłÆ2,-0,110
19,980,9,688EŌłÆ2,-0,112
20,021,9,577EŌłÆ2,-0,114
20,061,9,479EŌłÆ2,-0,117
20,102,9,312EŌłÆ2,-0,119
20,142,9,142EŌłÆ2,-0,121
20,183,9,474EŌłÆ2,-0,123
20,223,9,375EŌłÆ2,-0,124
20,264,9,306EŌłÆ2,-0,125
20,305,9,242EŌłÆ2,-0,125
20,345,9,175EŌłÆ2,-0,125
20,386,9,142EŌłÆ2,-0,126
20,426,9,111EŌłÆ2,-0,127
20,467,9,130EŌłÆ2,-0,130
20,507,9,137EŌłÆ2,-0,133
20,548,9,157EŌłÆ2,-0,136
20,588,9,190EŌłÆ2,-0,138
20,629,9,278EŌłÆ2,-0,139
20,669,9,382EŌłÆ2,-0,140
20,710,9,542EŌłÆ2,-0,140
20,750,9,736EŌłÆ2,-0,140
20,791,9,942EŌłÆ2,-0,141
20,831,0,101,-0,143
20,872,0,101,-0,145
20,912,0,102,-0,147
20,953,0,104,-0,148
20,993,0,105,-0,150
21,034,0,106,-0,152
21,075,0,107,-0,154
21,115,0,107,-0,155
21,156,0,108,-0,155
21,196,0,110,-0,155
21,237,0,111,-0,154
21,277,0,112,-0,153
21,318,0,113,-0,152
21,358,0,114,-0,150
21,399,0,114,-0,149
21,439,0,114,-0,146
21,480,0,115,-0,142
21,520,0,116,-0,139
21,561,0,116,-0,136
21,601,0,116,-0,133
21,642,0,116,-0,128
21,682,0,116,-0,124
21,723,0,116,-0,119
21,764,0,116,-0,113
21,804,0,116,-0,109
21,845,0,116,-0,104
21,885,0,111,ŌłÆ9,938EŌłÆ2
21,926,0,111,ŌłÆ9,542EŌłÆ2
21,966,0,111,ŌłÆ9,219EŌłÆ2
22,007,0,110,ŌłÆ8,927EŌłÆ2
22,047,0,109,ŌłÆ8,788EŌłÆ2
22,088,0,108,ŌłÆ8,751EŌłÆ2
22,128,0,107,ŌłÆ8,817EŌłÆ2
22,169,0,106,ŌłÆ9,010EŌłÆ2
22,209,0,105,ŌłÆ9,335EŌłÆ2
22,250,0,104,ŌłÆ9,632EŌłÆ2
22,290,0,104,-0,100
22,331,0,103,-0,102
22,371,0,102,-0,104
22,412,0,101,-0,106
22,453,0,100,-0,108
22,493,9,920EŌłÆ2,-0,109
22,534,9,785EŌłÆ2,-0,111
22,574,9,620EŌłÆ2,-0,112
22,615,9,488EŌłÆ2,-0,112
22,655,9,361EŌłÆ2,-0,113
22,696,9,229EŌłÆ2,-0,113
22,736,9,509EŌłÆ2,-0,113
22,777,9,438EŌłÆ2,-0,115
22,817,9,342EŌłÆ2,-0,116
22,858,9,269EŌłÆ2,-0,118
22,898,9,197EŌłÆ2,-0,120
22,939,9,132EŌłÆ2,-0,121
22,979,9,099EŌłÆ2,-0,122
23,020,9,091EŌłÆ2,-0,123
23,060,9,092EŌłÆ2,-0,125
23,101,9,095EŌłÆ2,-0,126
23,141,9,114EŌłÆ2,-0,128
23,182,9,150EŌłÆ2,-0,129
23,223,9,191EŌłÆ2,-0,131
23,263,9,244EŌłÆ2,-0,132
23,304,9,312EŌłÆ2,-0,134
23,344,9,402EŌłÆ2,-0,135
23,385,9,496EŌłÆ2,-0,137
23,425,9,612EŌłÆ2,-0,138
23,466,9,728EŌłÆ2,-0,140
23,506,9,821EŌłÆ2,-0,142
23,547,9,887EŌłÆ2,-0,146
23,587,9,931EŌłÆ2,-0,150
23,628,9,957EŌłÆ2,-0,153
23,668,0,100,-0,156
23,709,0,101,-0,158
23,749,0,102,-0,160
23,790,0,103,-0,161
23,830,0,104,-0,163
23,871,0,105,-0,165
23,912,0,106,-0,168
23,952,0,106,-0,170
23,993,0,106,-0,173
24,033,0,107,-0,175
24,074,0,107,-0,176
24,114,0,107,-0,177
24,155,0,108,-0,178
24,195,0,108,-0,178
24,236,0,109,-0,177
24,276,0,109,-0,175
24,317,0,110,-0,173
24,357,0,110,-0,170
24,398,0,111,-0,166
24,438,0,111,-0,161
24,479,0,112,-0,156
24,519,0,113,-0,150
24,560,0,114,-0,143
24,600,0,114,-0,136
24,641,0,114,-0,130
24,682,0,115,-0,123
24,722,0,115,-0,118
24,763,0,116,-0,111
24,803,0,116,-0,106
24,844,0,116,-0,101
24,884,0,111,ŌłÆ9,588EŌłÆ2
24,925,0,110,ŌłÆ9,334EŌłÆ2
24,965,0,109,ŌłÆ9,129EŌłÆ2
25,006,0,108,ŌłÆ8,961EŌłÆ2
25,046,0,107,ŌłÆ8,895EŌłÆ2
25,087,0,105,ŌłÆ8,920EŌłÆ2
25,127,0,103,ŌłÆ8,994EŌłÆ2
25,168,0,102,ŌłÆ9,143EŌłÆ2
25,208,0,101,ŌłÆ9,336EŌłÆ2
25,249,9,994EŌłÆ2,ŌłÆ9,557EŌłÆ2
25,289,9,904EŌłÆ2,ŌłÆ9,789EŌłÆ2
25,330,9,824EŌłÆ2,-0,100
25,371,9,706EŌłÆ2,-0,103
25,411,9,566EŌłÆ2,-0,106
25,452,9,428EŌłÆ2,-0,108
25,492,9,321EŌłÆ2,-0,110
25,533,9,198EŌłÆ2,-0,112
25,573,9,088EŌłÆ2,-0,114
25,614,8,984EŌłÆ2,-0,117
25,654,8,854EŌłÆ2,-0,118
25,695,9,152EŌłÆ2,-0,118
25,735,9,054EŌłÆ2,-0,118
25,776,9,019EŌłÆ2,-0,118
25,816,8,874EŌłÆ2,-0,120
25,857,8,857EŌłÆ2,-0,121
25,897,8,863EŌłÆ2,-0,123
25,938,8,830EŌłÆ2,-0,126
25,978,8,785EŌłÆ2,-0,130
26,019,8,759EŌłÆ2,-0,134
26,059,8,772EŌłÆ2,-0,137
26,100,8,785EŌłÆ2,-0,140
26,141,8,797EŌłÆ2,-0,142
26,181,8,823EŌłÆ2,-0,144
26,222,8,888EŌłÆ2,-0,145
26,262,9,000EŌłÆ2,-0,146
26,303,9,160EŌłÆ2,-0,146
26,343,9,354EŌłÆ2,-0,146
26,384,9,539EŌłÆ2,-0,148
26,424,9,667EŌłÆ2,-0,149
26,465,9,767EŌłÆ2,-0,151
26,505,9,868EŌłÆ2,-0,153
26,546,9,994EŌłÆ2,-0,154
26,586,0,102,-0,154
26,627,0,103,-0,154
26,667,0,105,-0,155
26,708,0,106,-0,156
26,748,0,107,-0,158
26,789,0,108,-0,159
26,830,0,109,-0,162
26,870,0,109,-0,164
26,911,0,109,-0,165
26,951,0,110,-0,167
26,992,0,110,-0,168
27,032,0,110,-0,169
27,073,0,111,-0,170
27,113,0,111,-0,170
27,154,0,111,-0,170
27,194,0,111,-0,169
27,235,0,112,-0,166
27,275,0,112,-0,163
27,316,0,113,-0,159
27,356,0,113,-0,155
27,397,0,114,-0,151
27,437,0,114,-0,146
27,478,0,114,-0,141
27,519,0,114,-0,135
27,559,0,115,-0,129
27,600,0,115,-0,123
27,640,0,116,-0,118
27,681,0,115,-0,113
27,721,0,115,-0,109
27,762,0,115,-0,104
27,802,0,110,ŌłÆ9,954EŌłÆ2
27,843,0,110,ŌłÆ9,624EŌłÆ2
27,883,0,109,ŌłÆ9,397EŌłÆ2
27,924,0,108,ŌłÆ9,292EŌłÆ2
27,964,0,106,ŌłÆ9,257EŌłÆ2
28,005,0,105,ŌłÆ9,292EŌłÆ2
28,045,0,104,ŌłÆ9,412EŌłÆ2
28,086,0,102,ŌłÆ9,555EŌłÆ2
28,126,0,101,ŌłÆ9,802EŌłÆ2
28,167,0,100,-0,100
28,207,9,865EŌłÆ2,-0,103
28,248,9,701EŌłÆ2,-0,106
28,289,9,552EŌłÆ2,-0,108
28,329,9,419EŌłÆ2,-0,111
28,370,9,320EŌłÆ2,-0,113
28,410,9,198EŌłÆ2,-0,116
28,451,9,099EŌłÆ2,-0,118
28,491,9,012EŌłÆ2,-0,120
28,532,8,890EŌłÆ2,-0,121
28,572,8,727EŌłÆ2,-0,121
28,613,8,982EŌłÆ2,-0,121
28,653,8,884EŌłÆ2,-0,120
28,694,8,818EŌłÆ2,-0,120
28,734,8,761EŌłÆ2,-0,120
28,775,8,717EŌłÆ2,-0,121
28,815,8,680EŌłÆ2,-0,124
28,856,8,668EŌłÆ2,-0,126
28,896,8,664EŌłÆ2,-0,129
28,937,8,667EŌłÆ2,-0,131
28,978,8,671EŌłÆ2,-0,133
29,018,8,702EŌłÆ2,-0,135
29,059,8,786EŌłÆ2,-0,136
29,099,8,885EŌłÆ2,-0,138
29,140,9,014EŌłÆ2,-0,140
29,180,9,151EŌłÆ2,-0,142
29,221,9,242EŌłÆ2,-0,145
29,261,9,334EŌłÆ2,-0,147
29,302,9,399EŌłÆ2,-0,150
29,342,9,508EŌłÆ2,-0,152
29,383,9,648EŌłÆ2,-0,153
29,423,9,781EŌłÆ2,-0,154
29,464,9,916EŌłÆ2,-0,156
29,504,0,100,-0,158
29,545,0,102,-0,160
29,585,0,103,-0,162
29,626,0,104,-0,164
29,666,0,104,-0,167
29,707,0,104,-0,170
29,748,0,105,-0,172
29,788,0,105,-0,174
29,829,0,106,-0,176
29,869,0,106,-0,177
29,910,0,107,-0,178
29,950,0,107,-0,178
29,991,0,107,-0,178
30,031,0,108,-0,177
30,072,0,109,-0,174
30,112,0,110,-0,171
30,153,0,111,-0,167
30,193,0,111,-0,162
30,234,0,112,-0,157
30,274,0,113,-0,151
30,315,0,113,-0,145
30,355,0,114,-0,139
30,396,0,114,-0,132
30,437,0,115,-0,125
30,477,0,115,-0,119
30,518,0,115,-0,113
30,558,0,116,-0,108
30,599,0,116,-0,102
30,639,0,111,ŌłÆ9,756EŌłÆ2
30,680,0,111,ŌłÆ9,432EŌłÆ2
30,720,0,110,ŌłÆ9,163EŌłÆ2
30,761,0,109,ŌłÆ8,965EŌłÆ2
30,801,0,108,ŌłÆ8,840EŌłÆ2
30,842,0,106,ŌłÆ8,774EŌłÆ2
30,882,0,105,ŌłÆ8,800EŌłÆ2
30,923,0,104,ŌłÆ8,922EŌłÆ2
30,963,0,102,ŌłÆ9,083EŌłÆ2
31,004,0,101,ŌłÆ9,274EŌłÆ2
31,044,0,100,ŌłÆ9,484EŌłÆ2
31,085,9,940EŌłÆ2,ŌłÆ9,737EŌłÆ2
31,125,9,844EŌłÆ2,-0,100
31,166,9,745EŌłÆ2,-0,104
31,207,9,625EŌłÆ2,-0,107
31,247,9,504EŌłÆ2,-0,109
31,288,9,380EŌłÆ2,-0,112
31,328,9,268EŌłÆ2,-0,114
31,369,9,191EŌłÆ2,-0,116
31,409,9,102EŌłÆ2,-0,118
31,450,8,963EŌłÆ2,-0,119
31,490,9,282EŌłÆ2,-0,120
31,531,9,154EŌłÆ2,-0,121
31,571,9,019EŌłÆ2,-0,122
31,612,8,921EŌłÆ2,-0,121
31,652,8,888EŌłÆ2,-0,120
31,693,8,849EŌłÆ2,-0,120
31,733,8,854EŌłÆ2,-0,121
31,774,8,815EŌłÆ2,-0,124
31,814,8,776EŌłÆ2,-0,126
31,855,8,761EŌłÆ2,-0,129
31,896,8,751EŌłÆ2,-0,131
31,936,8,773EŌłÆ2,-0,132
31,977,8,860EŌłÆ2,-0,134
32,017,8,985EŌłÆ2,-0,136
32,058,9,106EŌłÆ2,-0,138
32,098,9,245EŌłÆ2,-0,140
32,139,9,435EŌłÆ2,-0,141
32,179,9,656EŌłÆ2,-0,143
32,220,9,780EŌłÆ2,-0,145
32,260,9,887EŌłÆ2,-0,148
32,301,0,100,-0,150
32,341,0,102,-0,152
32,382,0,103,-0,153
32,422,0,104,-0,154
32,463,0,105,-0,156
32,503,0,106,-0,158
32,544,0,106,-0,159
32,584,0,107,-0,160
32,625,0,108,-0,160
32,666,0,109,-0,158
32,706,0,111,-0,156
32,747,0,112,-0,154
32,787,0,113,-0,152
32,828,0,114,-0,152
32,868,0,115,-0,152
32,909,0,115,-0,154
32,949,0,115,-0,156
32,990,0,114,-0,158
33,030,0,114,-0,160
33,071,0,113,-0,161
33,111,0,113,-0,160
33,152,0,112,-0,157
33,192,0,112,-0,153
33,233,0,113,-0,148
33,273,0,114,-0,142
33,314,0,115,-0,137
33,355,0,115,-0,131
33,395,0,116,-0,126
33,436,0,116,-0,122
33,476,0,116,-0,118
33,517,0,116,-0,114
33,557,0,116,-0,110
33,598,0,116,-0,107
33,638,0,115,-0,104
33,679,0,115,-0,102
33,719,0,110,ŌłÆ9,919EŌłÆ2
33,760,0,109,ŌłÆ9,715EŌłÆ2
33,800,0,108,ŌłÆ9,522EŌłÆ2
33,841,0,107,ŌłÆ9,381EŌłÆ2
33,881,0,106,ŌłÆ9,258EŌłÆ2
33,922,0,104,ŌłÆ9,218EŌłÆ2
33,962,0,103,ŌłÆ9,253EŌłÆ2
34,003,0,102,ŌłÆ9,409EŌłÆ2
34,044,0,101,ŌłÆ9,635EŌłÆ2
34,084,9,985EŌłÆ2,ŌłÆ9,962EŌłÆ2
34,125,9,910EŌłÆ2,-0,103
34,165,9,788EŌłÆ2,-0,106
34,206,9,652EŌłÆ2,-0,108
34,246,9,508EŌłÆ2,-0,110
34,287,9,403EŌłÆ2,-0,112
34,327,9,303EŌłÆ2,-0,113
34,368,9,177EŌłÆ2,-0,114
34,408,9,010EŌłÆ2,-0,115
34,449,9,288EŌłÆ2,-0,117
34,489,9,156EŌłÆ2,-0,119
34,530,9,055EŌłÆ2,-0,120
34,570,8,987EŌłÆ2,-0,121
34,611,8,956EŌłÆ2,-0,121
34,651,8,919EŌłÆ2,-0,121
34,692,8,884EŌłÆ2,-0,121
34,732,8,854EŌłÆ2,-0,122
34,773,8,827EŌłÆ2,-0,124
34,814,8,828EŌłÆ2,-0,125
34,854,8,850EŌłÆ2,-0,126
34,895,8,910EŌłÆ2,-0,127
34,935,8,977EŌłÆ2,-0,128
34,976,9,046EŌłÆ2,-0,129
35,016,9,156EŌłÆ2,-0,129
35,057,9,254EŌłÆ2,-0,131
35,097,9,354EŌłÆ2,-0,133
35,138,9,419EŌłÆ2,-0,137
35,178,9,512EŌłÆ2,-0,141
35,219,9,563EŌłÆ2,-0,144
35,259,9,663EŌłÆ2,-0,146
35,300,9,787EŌłÆ2,-0,148
35,340,9,895EŌłÆ2,-0,149
35,381,9,975EŌłÆ2,-0,151
35,421,0,101,-0,153
35,462,0,102,-0,155
35,503,0,103,-0,157
35,543,0,104,-0,158
35,584,0,104,-0,159
35,624,0,105,-0,161
35,665,0,106,-0,162
35,705,0,107,-0,163
35,746,0,107,-0,164
35,786,0,108,-0,166
35,827,0,108,-0,167
35,867,0,109,-0,168
35,908,0,109,-0,167
35,948,0,110,-0,166
35,989,0,111,-0,164
36,029,0,112,-0,161
36,070,0,113,-0,158
36,110,0,114,-0,155
36,151,0,114,-0,152
36,191,0,115,-0,149
36,232,0,115,-0,145
36,273,0,115,-0,141
36,313,0,115,-0,136
36,354,0,115,-0,131
36,394,0,115,-0,126
36,435,0,115,-0,122
36,475,0,115,-0,116
36,516,0,116,-0,112
36,556,0,116,-0,107
36,597,0,116,-0,104
36,637,0,115,-0,101
36,678,0,115,ŌłÆ9,899EŌłÆ2
36,718,0,115,ŌłÆ9,740EŌłÆ2
36,759,0,114,ŌłÆ9,641EŌłÆ2
36,799,0,114,ŌłÆ9,576EŌłÆ2
36,840,0,113,ŌłÆ9,576EŌłÆ2
36,880,0,112,ŌłÆ9,673EŌłÆ2
36,921,0,112,ŌłÆ9,832EŌłÆ2
36,962,0,111,-0,100
37,002,0,110,-0,101
37,043,0,109,-0,103
37,083,0,108,-0,104
37,124,0,106,-0,106
37,164,0,105,-0,107
37,205,0,104,-0,108
37,245,0,103,-0,109
37,286,0,102,-0,110
37,326,0,100,-0,111
37,367,9,927EŌłÆ2,-0,112
37,407,9,818EŌłÆ2,-0,114
37,448,9,457EŌłÆ2,-0,115
37,488,9,359EŌłÆ2,-0,116
37,529,9,223EŌłÆ2,-0,117
37,569,9,594EŌłÆ2,-0,119
37,610,9,526EŌłÆ2,-0,120
37,650,9,463EŌłÆ2,-0,121
37,691,9,423EŌłÆ2,-0,121
37,732,9,363EŌłÆ2,-0,122
37,772,9,358EŌłÆ2,-0,122
37,813,9,388EŌłÆ2,-0,122
37,853,9,418EŌłÆ2,-0,124
37,894,9,415EŌłÆ2,-0,127
37,934,9,386EŌłÆ2,-0,129
37,975,9,399EŌłÆ2,-0,131
38,015,9,439EŌłÆ2,-0,133
38,056,9,521EŌłÆ2,-0,134
38,096,9,586EŌłÆ2,-0,135
38,137,9,670EŌłÆ2,-0,136
38,177,9,735EŌłÆ2,-0,138
38,218,9,782EŌłÆ2,-0,140
38,258,9,834EŌłÆ2,-0,142
38,299,9,882EŌłÆ2,-0,145
38,339,9,959EŌłÆ2,-0,147
38,380,0,101,-0,149
38,421,0,102,-0,151
38,461,0,103,-0,151
38,502,0,104,-0,152
38,542,0,105,-0,154
38,583,0,105,-0,155
38,623,0,106,-0,157
38,664,0,106,-0,158
38,704,0,107,-0,158
38,745,0,108,-0,158
38,785,0,109,-0,158
38,826,0,110,-0,158
38,866,0,111,-0,158
38,907,0,112,-0,158
38,947,0,112,-0,158
38,988,0,112,-0,157
39,028,0,113,-0,156
39,069,0,113,-0,154
39,110,0,113,-0,150
39,150,0,114,-0,145
39,191,0,115,-0,140
39,231,0,116,-0,135
39,272,0,117,-0,131
39,312,0,117,-0,126
39,353,0,117,-0,123
39,393,0,118,-0,119
39,434,0,118,-0,116
39,474,0,117,-0,114
39,515,0,117,-0,111
39,555,0,116,-0,108
39,596,0,115,-0,106
39,636,0,115,-0,105
39,677,0,115,-0,103
39,717,0,114,-0,102
39,758,0,109,-0,102
39,798,0,108,-0,101
39,839,0,107,-0,101
39,880,0,106,-0,101
39,920,0,104,-0,100
39,961,0,103,ŌłÆ9,967EŌłÆ2
40,001,0,102,ŌłÆ9,964EŌłÆ2
40,042,0,101,-0,100
40,082,9,949EŌłÆ2,-0,101
40,123,9,870EŌłÆ2,-0,102
40,163,9,744EŌłÆ2,-0,105
40,204,9,664EŌłÆ2,-0,108
40,244,9,528EŌłÆ2,-0,111
40,285,9,424EŌłÆ2,-0,112
40,325,9,329EŌłÆ2,-0,113
40,366,9,561EŌłÆ2,-0,114
40,406,9,494EŌłÆ2,-0,116
40,447,9,424EŌłÆ2,-0,119
40,487,9,354EŌłÆ2,-0,120
40,528,9,287EŌłÆ2,-0,121
