,mass A,,
t,x,y,
0,000,0,114,-0,109
0,043,0,113,-0,109
0,085,0,113,ŌłÆ9,940EŌłÆ2
0,128,0,114,ŌłÆ9,281EŌłÆ2
0,171,0,115,ŌłÆ9,866EŌłÆ2
0,214,0,114,-0,111
0,256,0,113,-0,109
0,299,0,115,-0,101
0,342,0,114,-0,107
0,384,0,116,-0,115
0,427,0,115,-0,111
0,470,0,115,-0,111
0,513,0,115,-0,118
0,555,0,113,-0,117
0,598,0,113,-0,109
0,641,0,114,ŌłÆ9,318EŌłÆ2
0,683,0,116,ŌłÆ8,661EŌłÆ2
0,726,0,118,ŌłÆ9,086EŌłÆ2
0,769,0,117,ŌłÆ9,471EŌłÆ2
0,812,0,114,ŌłÆ9,373EŌłÆ2
0,854,0,113,ŌłÆ8,435EŌłÆ2
0,897,0,114,ŌłÆ8,326EŌłÆ2
0,940,0,116,ŌłÆ9,927EŌłÆ2
0,982,0,115,ŌłÆ9,963EŌłÆ2
1,025,0,115,ŌłÆ9,412EŌłÆ2
1,068,0,115,-0,102
1,110,0,114,-0,108
1,153,0,113,-0,107
1,196,0,115,-0,101
1,239,0,115,ŌłÆ9,963EŌłÆ2
1,281,0,112,ŌłÆ9,517EŌłÆ2
1,324,0,113,ŌłÆ9,132EŌłÆ2
1,367,0,114,-0,109
1,409,0,116,-0,120
1,452,0,116,-0,124
1,495,0,116,-0,118
1,538,0,117,-0,112
1,580,0,116,-0,115
1,623,0,116,-0,111
1,666,0,116,-0,104
1,708,0,116,-0,106
1,751,0,116,-0,107
1,794,0,115,-0,107
1,837,0,113,-0,101
1,879,0,115,ŌłÆ9,082EŌłÆ2
1,922,0,116,ŌłÆ9,358EŌłÆ2
1,965,0,113,ŌłÆ8,472EŌłÆ2
2,007,0,112,ŌłÆ8,030EŌłÆ2
2,050,0,111,ŌłÆ8,450EŌłÆ2
2,093,0,115,ŌłÆ9,962EŌłÆ2
2,136,0,116,ŌłÆ9,835EŌłÆ2
2,178,0,115,-0,106
2,221,0,116,-0,113
2,264,0,114,-0,113
2,306,0,113,ŌłÆ9,776EŌłÆ2
2,349,0,114,ŌłÆ8,546EŌłÆ2
2,392,0,112,ŌłÆ8,416EŌłÆ2
2,435,0,117,-0,113
2,477,0,118,-0,119
2,520,0,116,-0,112
2,563,0,117,ŌłÆ9,818EŌłÆ2
2,605,0,117,-0,103
2,648,0,116,-0,105
2,691,0,117,ŌłÆ9,910EŌłÆ2
2,733,0,113,ŌłÆ7,884EŌłÆ2
2,776,0,112,ŌłÆ7,717EŌłÆ2
2,819,0,115,ŌłÆ9,338EŌłÆ2
2,862,0,117,-0,115
2,904,0,118,-0,120
2,947,0,116,-0,119
2,990,0,115,-0,110
3,032,0,115,ŌłÆ9,816EŌłÆ2
3,075,0,115,ŌłÆ8,162EŌłÆ2
3,118,0,114,ŌłÆ7,923EŌłÆ2
3,161,0,117,ŌłÆ9,709EŌłÆ2
3,203,0,118,-0,104
3,246,0,117,-0,103
3,289,0,116,-0,100
3,331,0,117,ŌłÆ9,415EŌłÆ2
3,374,0,116,ŌłÆ9,946EŌłÆ2
3,417,0,116,-0,108
3,460,0,117,-0,106
3,502,0,116,-0,102
3,545,0,114,ŌłÆ9,980EŌłÆ2
3,588,0,115,-0,112
3,630,0,113,-0,122
3,673,0,112,-0,121
3,716,0,113,-0,103
3,759,0,119,ŌłÆ9,106EŌłÆ2
3,801,0,119,ŌłÆ9,933EŌłÆ2
3,844,0,115,-0,101
3,887,0,114,ŌłÆ9,392EŌłÆ2
3,929,0,115,ŌłÆ8,879EŌłÆ2
3,972,0,113,ŌłÆ9,647EŌłÆ2
4,015,0,115,ŌłÆ9,080EŌłÆ2
4,058,0,115,ŌłÆ8,934EŌłÆ2
4,100,0,116,ŌłÆ9,817EŌłÆ2
4,143,0,114,ŌłÆ9,723EŌłÆ2
4,186,0,113,ŌłÆ9,096EŌłÆ2
4,228,0,115,ŌłÆ9,320EŌłÆ2
4,271,0,116,-0,109
4,314,0,115,-0,113
4,357,0,115,-0,107
4,399,0,114,ŌłÆ9,980EŌłÆ2
4,442,0,113,ŌłÆ9,592EŌłÆ2
4,485,0,112,ŌłÆ9,021EŌłÆ2
4,527,0,114,ŌłÆ8,602EŌłÆ2
4,570,0,112,ŌłÆ9,076EŌłÆ2
4,613,0,111,ŌłÆ8,211EŌłÆ2
4,655,0,111,ŌłÆ8,357EŌłÆ2
4,698,0,114,-0,109
4,741,0,113,-0,113
4,784,0,114,-0,109
4,826,0,113,-0,103
4,869,0,115,-0,101
4,912,0,114,-0,106
4,954,0,114,-0,114
4,997,0,112,-0,124
5,040,0,107,-0,122
5,083,0,111,-0,100
5,125,0,114,ŌłÆ8,712EŌłÆ2
5,168,0,114,ŌłÆ9,758EŌłÆ2
5,211,0,112,-0,103
5,253,0,115,ŌłÆ8,915EŌłÆ2
5,296,0,114,ŌłÆ8,584EŌłÆ2
5,339,0,114,ŌłÆ9,281EŌłÆ2
5,382,0,114,ŌłÆ9,465EŌłÆ2
5,424,0,115,-0,102
5,467,0,114,-0,106
5,510,0,115,-0,108
5,552,0,114,-0,111
5,595,0,114,-0,117
5,638,0,112,-0,118
5,681,0,113,-0,116
5,723,0,110,-0,127
5,766,0,109,-0,133
5,809,0,105,-0,127
5,851,0,109,-0,103
5,894,0,113,ŌłÆ8,729EŌłÆ2
5,937,0,115,ŌłÆ8,861EŌłÆ2
5,980,0,113,-0,105
6,022,0,109,-0,106
6,065,0,111,ŌłÆ8,927EŌłÆ2
6,108,0,111,ŌłÆ7,862EŌłÆ2
6,150,0,114,ŌłÆ8,895EŌłÆ2
6,193,0,115,-0,102
6,236,0,115,ŌłÆ9,301EŌłÆ2
6,278,0,114,ŌłÆ8,950EŌłÆ2
6,321,0,116,-0,106
6,364,0,117,-0,113
6,407,0,118,-0,115
6,449,0,116,-0,115
6,492,0,118,-0,105
6,535,0,117,-0,100
6,577,0,118,ŌłÆ9,380EŌłÆ2
6,620,0,116,ŌłÆ9,028EŌłÆ2
6,663,0,115,ŌłÆ8,310EŌłÆ2
6,706,0,115,ŌłÆ8,126EŌłÆ2
6,748,0,118,ŌłÆ9,674EŌłÆ2
6,791,0,118,-0,105
6,834,0,119,ŌłÆ9,859EŌłÆ2
6,876,0,117,ŌłÆ9,746EŌłÆ2
6,919,0,116,-0,109
6,962,0,116,-0,108
7,005,0,115,-0,102
7,047,0,114,-0,118
7,090,0,113,-0,120
7,133,0,114,-0,110
7,175,0,114,ŌłÆ9,613EŌłÆ2
7,218,0,114,-0,104
7,261,0,114,ŌłÆ9,447EŌłÆ2
7,304,0,114,-0,103
7,346,0,113,-0,115
7,389,0,111,-0,116
7,432,0,111,-0,103
7,474,0,114,ŌłÆ8,767EŌłÆ2
7,517,0,115,ŌłÆ9,632EŌłÆ2
7,560,0,115,-0,108
7,603,0,115,-0,104
7,645,0,113,ŌłÆ9,501EŌłÆ2
7,688,0,113,ŌłÆ9,996EŌłÆ2
7,731,0,112,-0,115
7,773,0,111,-0,123
7,816,0,108,-0,116
7,859,0,110,ŌłÆ9,347EŌłÆ2
7,902,0,112,ŌłÆ8,342EŌłÆ2
7,944,0,114,ŌłÆ9,538EŌłÆ2
7,987,0,114,-0,115
8,030,0,114,-0,120
8,072,0,113,-0,113
8,115,0,115,ŌłÆ9,743EŌłÆ2
8,158,0,116,ŌłÆ9,688EŌłÆ2
8,200,0,113,ŌłÆ9,812EŌłÆ2
8,243,0,113,ŌłÆ8,985EŌłÆ2
8,286,0,112,ŌłÆ8,066EŌłÆ2
8,329,0,113,ŌłÆ9,042EŌłÆ2
8,371,0,113,ŌłÆ9,720EŌłÆ2
8,414,0,111,ŌłÆ9,037EŌłÆ2
8,457,0,109,ŌłÆ7,730EŌłÆ2
8,499,0,113,ŌłÆ8,821EŌłÆ2
8,542,0,112,ŌłÆ9,774EŌłÆ2
8,585,0,112,ŌłÆ9,774EŌłÆ2
8,628,0,111,ŌłÆ8,982EŌłÆ2
8,670,0,112,-0,102
8,713,0,112,-0,120
8,756,0,111,-0,122
8,798,0,112,-0,104
8,841,0,115,ŌłÆ9,136EŌłÆ2
8,884,0,115,-0,102
8,927,0,114,-0,102
8,969,0,114,ŌłÆ9,227EŌłÆ2
9,012,0,114,ŌłÆ8,859EŌłÆ2
9,055,0,111,ŌłÆ7,661EŌłÆ2
9,097,0,111,ŌłÆ7,439EŌłÆ2
9,140,0,114,ŌłÆ8,566EŌłÆ2
9,183,0,113,ŌłÆ9,151EŌłÆ2
9,226,0,112,ŌłÆ9,057EŌłÆ2
9,268,0,113,ŌłÆ8,673EŌłÆ2
9,311,0,113,ŌłÆ9,335EŌłÆ2
9,354,0,112,ŌłÆ8,929EŌłÆ2
9,396,0,113,ŌłÆ9,205EŌłÆ2
9,439,0,113,-0,101
9,482,0,113,-0,107
9,525,0,112,-0,112
9,567,0,112,-0,118
9,610,0,110,-0,115
9,653,0,110,-0,104
9,695,0,112,-0,102
9,738,0,113,-0,103
9,781,0,111,ŌłÆ9,478EŌłÆ2
9,823,0,113,ŌłÆ8,141EŌłÆ2
9,866,0,115,ŌłÆ8,842EŌłÆ2
9,909,0,117,ŌłÆ9,892EŌłÆ2
9,952,0,116,-0,109
9,994,0,114,-0,111
10,037,0,113,-0,106
10,080,0,112,-0,114
10,122,0,112,-0,109
10,165,0,110,ŌłÆ9,200EŌłÆ2
10,208,0,112,ŌłÆ8,488EŌłÆ2
10,251,0,113,ŌłÆ9,151EŌłÆ2
10,293,0,113,-0,105
10,336,0,112,-0,104
10,379,0,112,ŌłÆ8,837EŌłÆ2
10,421,0,112,ŌłÆ9,498EŌłÆ2
10,464,0,112,-0,108
10,507,0,110,-0,106
10,550,0,111,ŌłÆ8,211EŌłÆ2
10,592,0,110,ŌłÆ8,375EŌłÆ2
10,635,0,114,-0,106
10,678,0,113,-0,107
10,720,0,113,-0,103
10,763,0,113,ŌłÆ9,831EŌłÆ2
10,806,0,115,ŌłÆ8,970EŌłÆ2
10,849,0,113,ŌłÆ8,655EŌłÆ2
10,891,0,114,ŌłÆ9,629EŌłÆ2
10,934,0,115,-0,110
10,977,0,115,-0,109
11,019,0,116,-0,116
11,062,0,114,-0,120
11,105,0,113,-0,111
11,148,0,114,-0,101
11,190,0,114,ŌłÆ9,556EŌłÆ2
11,233,0,114,ŌłÆ9,556EŌłÆ2
11,276,0,113,ŌłÆ8,544EŌłÆ2
11,318,0,111,ŌłÆ8,285EŌłÆ2
11,361,0,114,ŌłÆ9,079EŌłÆ2
11,404,0,116,-0,104
11,447,0,114,-0,120
11,489,0,114,-0,124
11,532,0,113,-0,117
11,575,0,113,-0,103
11,617,0,115,ŌłÆ8,842EŌłÆ2
11,660,0,114,ŌłÆ8,309EŌłÆ2
11,703,0,114,ŌłÆ9,446EŌłÆ2
11,745,0,112,ŌłÆ9,755EŌłÆ2
11,788,0,110,ŌłÆ8,888EŌłÆ2
11,831,0,106,ŌłÆ6,826EŌłÆ2
11,874,0,108,ŌłÆ7,710EŌłÆ2
11,916,0,115,-0,101
11,959,0,114,-0,115
12,002,0,111,-0,114
12,044,0,114,ŌłÆ9,428EŌłÆ2
12,087,0,113,ŌłÆ8,252EŌłÆ2
12,130,0,115,ŌłÆ9,614EŌłÆ2
12,173,0,116,-0,117
12,215,0,114,-0,121
12,258,0,114,-0,120
12,301,0,114,-0,110
12,343,0,115,-0,100
12,386,0,115,ŌłÆ9,063EŌłÆ2
12,429,0,114,ŌłÆ8,161EŌłÆ2
12,472,0,115,ŌłÆ9,118EŌłÆ2
12,514,0,118,-0,108
12,557,0,117,-0,112
12,600,0,117,-0,112
12,642,0,117,-0,112
12,685,0,117,-0,112
12,728,0,114,-0,104
12,771,0,115,-0,103
12,813,0,112,ŌłÆ9,498EŌłÆ2
12,856,0,112,ŌłÆ8,525EŌłÆ2
12,899,0,117,ŌłÆ9,763EŌłÆ2
12,941,0,118,-0,107
12,984,0,116,-0,109
13,027,0,116,-0,110
13,070,0,116,-0,107
13,112,0,116,ŌłÆ9,689EŌłÆ2
13,155,0,117,-0,107
13,198,0,117,-0,112
13,240,0,116,-0,105
13,283,0,117,ŌłÆ9,672EŌłÆ2
13,326,0,117,ŌłÆ9,047EŌłÆ2
13,368,0,116,ŌłÆ9,340EŌłÆ2
13,411,0,116,ŌłÆ9,486EŌłÆ2
13,454,0,117,-0,108
13,497,0,117,-0,111
13,539,0,116,-0,107
13,582,0,117,-0,103
13,625,0,117,-0,108
13,667,0,116,ŌłÆ9,651EŌłÆ2
13,710,0,117,ŌłÆ9,323EŌłÆ2
13,753,0,117,-0,103
13,796,0,119,-0,106
13,838,0,118,-0,116
13,881,0,118,-0,119
13,924,0,116,-0,117
13,966,0,117,-0,104
14,009,0,117,-0,108
14,052,0,116,-0,107
14,095,0,116,ŌłÆ9,983EŌłÆ2
14,137,0,116,ŌłÆ9,963EŌłÆ2
14,180,0,113,ŌłÆ9,354EŌłÆ2
14,223,0,113,ŌłÆ8,049EŌłÆ2
14,265,0,113,ŌłÆ8,178EŌłÆ2
14,308,0,115,ŌłÆ9,190EŌłÆ2
14,351,0,115,-0,102
14,394,0,115,-0,107
14,436,0,114,-0,113
14,479,0,112,-0,117
14,522,0,113,-0,111
14,564,0,113,ŌłÆ9,244EŌłÆ2
14,607,0,116,ŌłÆ9,083EŌłÆ2
14,650,0,115,ŌłÆ9,926EŌłÆ2
14,693,0,112,ŌłÆ9,057EŌłÆ2
14,735,0,112,ŌłÆ8,359EŌłÆ2
14,778,0,114,ŌłÆ8,785EŌłÆ2
14,821,0,116,-0,101
14,863,0,115,-0,103
14,906,0,115,-0,119
14,949,0,116,-0,128
14,992,0,114,-0,131
15,034,0,114,-0,128
15,077,0,113,-0,117
15,120,0,116,-0,103
15,162,0,115,-0,101
15,205,0,114,ŌłÆ8,730EŌłÆ2
15,248,0,115,ŌłÆ8,292EŌłÆ2
15,290,0,116,ŌłÆ8,513EŌłÆ2
15,333,0,114,ŌłÆ8,620EŌłÆ2
15,376,0,113,ŌłÆ8,361EŌłÆ2
15,419,0,113,ŌłÆ8,784EŌłÆ2
15,461,0,116,ŌłÆ9,853EŌłÆ2
15,504,0,117,-0,113
15,547,0,116,-0,119
15,589,0,116,-0,119
15,632,0,116,-0,121
15,675,0,116,-0,125
15,718,0,116,-0,125
15,760,0,115,-0,117
15,803,0,115,-0,106
15,846,0,116,-0,120
15,888,0,115,-0,123
15,931,0,113,-0,115
15,974,0,115,ŌłÆ9,430EŌłÆ2
16,017,0,116,ŌłÆ8,881EŌłÆ2
16,059,0,117,-0,102
16,102,0,114,-0,104
16,145,0,111,-0,100
16,187,0,113,ŌłÆ8,250EŌłÆ2
16,230,0,111,ŌłÆ8,303EŌłÆ2
16,273,0,115,ŌłÆ9,907EŌłÆ2
16,316,0,116,-0,105
16,358,0,115,ŌłÆ9,962EŌłÆ2
16,401,0,116,-0,106
16,444,0,115,-0,116
16,486,0,115,-0,115
16,529,0,115,-0,113
16,572,0,117,-0,105
16,615,0,115,-0,111
16,657,0,116,-0,101
16,700,0,116,ŌłÆ9,743EŌłÆ2
16,743,0,114,ŌłÆ9,134EŌłÆ2
16,785,0,113,ŌłÆ8,251EŌłÆ2
16,828,0,113,ŌłÆ7,793EŌłÆ2
16,871,0,114,ŌłÆ8,619EŌłÆ2
16,913,0,111,ŌłÆ9,387EŌłÆ2
16,956,0,110,ŌłÆ7,769EŌłÆ2
16,999,0,111,ŌłÆ7,183EŌłÆ2
17,042,0,113,ŌłÆ7,847EŌłÆ2
17,084,0,115,ŌłÆ9,062EŌłÆ2
17,127,0,115,ŌłÆ9,264EŌłÆ2
17,170,0,111,ŌłÆ9,552EŌłÆ2
17,212,0,113,ŌłÆ9,701EŌłÆ2
17,255,0,112,ŌłÆ9,535EŌłÆ2
17,298,0,111,ŌłÆ8,248EŌłÆ2
17,341,0,109,ŌłÆ7,823EŌłÆ2
17,383,0,112,ŌłÆ8,506EŌłÆ2
17,426,0,112,ŌłÆ9,278EŌłÆ2
17,469,0,111,ŌłÆ9,203EŌłÆ2
17,511,0,112,ŌłÆ9,773EŌłÆ2
17,554,0,112,-0,108
17,597,0,112,-0,111
17,640,0,111,-0,106
17,682,0,112,ŌłÆ9,571EŌłÆ2
17,725,0,113,-0,101
17,768,0,114,-0,112
17,810,0,114,-0,113
17,853,0,114,-0,108
17,896,0,115,-0,101
17,939,0,116,-0,114
17,981,0,115,-0,114
18,024,0,115,-0,112
18,067,0,113,-0,105
18,109,0,112,ŌłÆ9,039EŌłÆ2
18,152,0,113,ŌłÆ7,829EŌłÆ2
18,195,0,114,ŌłÆ8,474EŌłÆ2
18,238,0,112,ŌłÆ9,040EŌłÆ2
18,280,0,113,ŌłÆ8,141EŌłÆ2
18,323,0,112,ŌłÆ7,809EŌłÆ2
18,366,0,111,ŌłÆ8,578EŌłÆ2
18,408,0,113,ŌłÆ9,664EŌłÆ2
18,451,0,113,-0,105
18,494,0,114,-0,109
18,537,0,113,-0,106
18,579,0,112,ŌłÆ9,590EŌłÆ2
18,622,0,112,ŌłÆ8,928EŌłÆ2
18,665,0,113,-0,106
18,707,0,113,-0,117
18,750,0,113,-0,119
18,793,0,113,-0,110
18,835,0,115,-0,102
18,878,0,115,-0,109
18,921,0,115,-0,111
18,964,0,113,-0,107
19,006,0,115,ŌłÆ9,632EŌłÆ2
19,049,0,113,ŌłÆ8,766EŌłÆ2
19,092,0,112,ŌłÆ8,084EŌłÆ2
19,134,0,115,ŌłÆ8,768EŌłÆ2
19,177,0,114,ŌłÆ9,649EŌłÆ2
19,220,0,115,-0,101
19,263,0,115,-0,103
19,305,0,114,ŌłÆ9,943EŌłÆ2
19,348,0,114,-0,101
19,391,0,114,-0,101
19,433,0,114,-0,113
19,476,0,115,-0,113
19,519,0,115,-0,113
19,562,0,114,-0,117
19,604,0,115,-0,124
19,647,0,115,-0,124
19,690,0,115,-0,119
19,732,0,115,-0,111
19,775,0,117,-0,104
19,818,0,114,-0,103
19,861,0,116,ŌłÆ8,642EŌłÆ2
19,903,0,114,ŌłÆ8,162EŌłÆ2
19,946,0,116,ŌłÆ9,211EŌłÆ2
19,989,0,113,ŌłÆ9,684EŌłÆ2
20,031,0,111,ŌłÆ9,129EŌłÆ2
20,074,0,110,ŌłÆ7,841EŌłÆ2
20,117,0,109,ŌłÆ7,932EŌłÆ2
20,160,0,114,ŌłÆ9,979EŌłÆ2
20,202,0,113,-0,101
20,245,0,112,ŌłÆ9,554EŌłÆ2
20,288,0,113,ŌłÆ9,152EŌłÆ2
20,330,0,114,ŌłÆ9,391EŌłÆ2
20,373,0,114,ŌłÆ9,704EŌłÆ2
20,416,0,113,-0,109
20,458,0,114,-0,110
20,501,0,113,-0,102
20,544,0,114,ŌłÆ9,282EŌłÆ2
20,587,0,115,-0,102
20,629,0,114,-0,104
20,672,0,115,-0,102
20,715,0,115,-0,102
20,757,0,115,-0,101
20,800,0,115,-0,100
20,843,0,113,-0,104
20,886,0,112,-0,103
20,928,0,113,ŌłÆ9,335EŌłÆ2
20,971,0,112,ŌłÆ8,929EŌłÆ2
21,014,0,113,-0,101
21,056,0,111,-0,102
21,099,0,109,ŌłÆ8,741EŌłÆ2
21,142,0,108,ŌłÆ8,133EŌłÆ2
21,185,0,108,ŌłÆ8,756EŌłÆ2
21,227,0,109,-0,103
21,270,0,108,-0,115
21,313,0,106,-0,113
21,355,0,106,ŌłÆ8,589EŌłÆ2
21,398,0,110,ŌłÆ7,604EŌłÆ2
21,441,0,117,ŌłÆ9,434EŌłÆ2
21,484,0,116,-0,104
21,526,0,115,-0,106
21,569,0,114,-0,101
21,612,0,115,-0,101
21,654,0,115,-0,107
21,697,0,114,-0,103
21,740,0,114,ŌłÆ9,960EŌłÆ2
21,783,0,116,-0,117
21,825,0,114,-0,131
21,868,0,112,-0,131
21,911,0,113,-0,111
21,953,0,118,-0,102
21,996,0,117,-0,105
22,039,0,115,-0,114
22,082,0,114,-0,113
22,124,0,113,ŌłÆ9,647EŌłÆ2
22,167,0,114,ŌłÆ7,959EŌłÆ2
22,210,0,116,ŌłÆ9,946EŌłÆ2
22,252,0,114,-0,102
22,295,0,113,ŌłÆ8,784EŌłÆ2
22,338,0,110,ŌłÆ8,302EŌłÆ2
22,380,0,111,ŌłÆ9,258EŌłÆ2
22,423,0,113,-0,112
22,466,0,113,-0,106
22,509,0,114,ŌłÆ8,804EŌłÆ2
22,551,0,115,ŌłÆ8,915EŌłÆ2
22,594,0,115,ŌłÆ9,394EŌłÆ2
22,637,0,115,ŌłÆ9,136EŌłÆ2
22,679,0,115,ŌłÆ9,778EŌłÆ2
22,722,0,114,-0,107
22,765,0,114,ŌłÆ9,832EŌłÆ2
22,808,0,114,-0,103
22,850,0,111,-0,108
22,893,0,111,ŌłÆ9,552EŌłÆ2
22,936,0,111,ŌłÆ7,917EŌłÆ2
22,978,0,114,ŌłÆ8,491EŌłÆ2
23,021,0,113,ŌłÆ8,324EŌłÆ2
23,064,0,111,ŌłÆ8,359EŌłÆ2
23,107,0,111,ŌłÆ8,854EŌłÆ2
23,149,0,112,-0,106
23,192,0,112,-0,112
23,235,0,111,-0,110
23,277,0,111,ŌłÆ9,130EŌłÆ2
23,320,0,113,ŌłÆ9,022EŌłÆ2
23,363,0,116,-0,108
23,406,0,114,-0,106
23,448,0,113,-0,102
23,491,0,115,-0,113
23,534,0,115,-0,116
23,576,0,113,-0,104
23,619,0,115,ŌłÆ9,467EŌłÆ2
23,662,0,116,-0,102
23,705,0,115,-0,105
23,747,0,114,ŌłÆ9,649EŌłÆ2
23,790,0,115,-0,100
23,833,0,115,ŌłÆ9,798EŌłÆ2
23,875,0,115,-0,103
23,918,0,113,-0,107
23,961,0,112,ŌłÆ9,663EŌłÆ2
24,003,0,111,ŌłÆ8,835EŌłÆ2
24,046,0,113,-0,106
24,089,0,114,-0,118
24,132,0,112,-0,117
24,174,0,114,-0,109
24,217,0,115,-0,117
24,260,0,116,-0,128
24,302,0,115,-0,128
24,345,0,116,-0,119
24,388,0,118,-0,105
24,431,0,118,-0,100
24,473,0,118,ŌłÆ9,563EŌłÆ2
24,516,0,116,ŌłÆ8,716EŌłÆ2
24,559,0,116,ŌłÆ9,193EŌłÆ2
24,601,0,116,ŌłÆ9,853EŌłÆ2
24,644,0,115,ŌłÆ9,908EŌłÆ2
24,687,0,112,ŌłÆ8,599EŌłÆ2
24,730,0,114,-0,102
24,772,0,115,-0,116
24,815,0,114,-0,118
24,858,0,114,-0,107
24,900,0,116,ŌłÆ9,212EŌłÆ2
24,943,0,116,ŌłÆ9,321EŌłÆ2
24,986,0,113,ŌłÆ9,812EŌłÆ2
25,029,0,112,ŌłÆ8,470EŌłÆ2
25,071,0,112,ŌłÆ8,120EŌłÆ2
25,114,0,112,ŌłÆ9,333EŌłÆ2
25,157,0,111,ŌłÆ8,908EŌłÆ2
25,199,0,111,ŌłÆ8,926EŌłÆ2
25,242,0,112,-0,101
25,285,0,112,-0,106
25,328,0,111,ŌłÆ9,863EŌłÆ2
25,370,0,111,ŌłÆ8,652EŌłÆ2
25,413,0,112,ŌłÆ8,856EŌłÆ2
25,456,0,114,ŌłÆ9,666EŌłÆ2
25,498,0,114,-0,101
25,541,0,114,ŌłÆ9,869EŌłÆ2
25,584,0,113,ŌłÆ8,912EŌłÆ2
25,627,0,115,ŌłÆ8,933EŌłÆ2
25,669,0,113,ŌłÆ9,297EŌłÆ2
25,712,0,110,ŌłÆ8,393EŌłÆ2
25,755,0,108,ŌłÆ8,096EŌłÆ2
25,797,0,112,ŌłÆ9,646EŌłÆ2
25,840,0,113,-0,103
25,883,0,112,ŌłÆ9,186EŌłÆ2
25,925,0,112,ŌłÆ8,286EŌłÆ2
25,968,0,116,-0,103
26,011,0,114,-0,104
26,054,0,114,ŌłÆ9,501EŌłÆ2
26,096,0,116,ŌłÆ8,936EŌłÆ2
26,139,0,116,ŌłÆ9,175EŌłÆ2
26,182,0,116,ŌłÆ9,175EŌłÆ2
26,224,0,117,ŌłÆ9,250EŌłÆ2
26,267,0,116,ŌłÆ9,174EŌłÆ2
26,310,0,115,ŌłÆ9,118EŌłÆ2
26,353,0,115,ŌłÆ9,173EŌłÆ2
26,395,0,115,ŌłÆ9,724EŌłÆ2
26,438,0,116,-0,104
26,481,0,116,-0,112
26,523,0,116,-0,118
26,566,0,114,-0,115
26,609,0,114,-0,111
26,652,0,116,-0,107
26,694,0,118,-0,112
26,737,0,118,-0,108
26,780,0,118,-0,105
26,822,0,118,-0,109
26,865,0,118,-0,110
26,908,0,118,-0,108
26,951,0,118,-0,104
26,993,0,117,-0,102
27,036,0,117,ŌłÆ9,414EŌłÆ2
27,079,0,117,ŌłÆ9,305EŌłÆ2
27,121,0,118,ŌłÆ9,619EŌłÆ2
27,164,0,117,ŌłÆ9,690EŌłÆ2
27,207,0,116,ŌłÆ9,836EŌłÆ2
27,250,0,115,ŌłÆ9,668EŌłÆ2
27,292,0,115,ŌłÆ9,154EŌłÆ2
27,335,0,115,ŌłÆ9,467EŌłÆ2
27,378,0,115,ŌłÆ9,723EŌłÆ2
27,420,0,115,ŌłÆ9,999EŌłÆ2
27,463,0,115,-0,100
27,506,0,116,-0,104
27,548,0,115,-0,106
27,591,0,115,-0,111
27,634,0,116,-0,119
27,677,0,115,-0,113
27,719,0,114,-0,108
27,762,0,115,-0,113
27,805,0,113,-0,109
27,847,0,114,ŌłÆ8,988EŌłÆ2
27,890,0,115,ŌłÆ9,227EŌłÆ2
27,933,0,115,-0,103
27,976,0,116,-0,110
28,018,0,116,-0,115
28,061,0,115,-0,108
28,104,0,116,-0,110
28,146,0,115,-0,118
28,189,0,114,-0,118
28,232,0,114,-0,112
28,275,0,115,ŌłÆ9,576EŌłÆ2
28,317,0,115,ŌłÆ8,237EŌłÆ2
28,360,0,115,ŌłÆ8,733EŌłÆ2
28,403,0,116,ŌłÆ9,818EŌłÆ2
28,445,0,116,-0,105
28,488,0,116,-0,103
28,531,0,117,-0,105
28,574,0,117,-0,109
28,616,0,117,-0,103
28,659,0,117,ŌłÆ9,653EŌłÆ2
28,702,0,116,ŌłÆ9,139EŌłÆ2
28,744,0,116,ŌłÆ8,844EŌłÆ2
28,787,0,115,ŌłÆ8,512EŌłÆ2
28,830,0,118,ŌłÆ9,821EŌłÆ2
28,873,0,117,-0,100
28,915,0,115,ŌłÆ9,301EŌłÆ2
28,958,0,115,ŌłÆ8,200EŌłÆ2
29,001,0,115,ŌłÆ8,806EŌłÆ2
29,043,0,115,ŌłÆ9,375EŌłÆ2
29,086,0,117,ŌłÆ9,524EŌłÆ2
29,129,0,116,ŌłÆ9,817EŌłÆ2
29,172,0,115,ŌłÆ9,669EŌłÆ2
29,214,0,116,-0,101
29,257,0,117,-0,111
29,300,0,116,-0,112
29,342,0,115,-0,102
29,385,0,116,-0,102
29,428,0,115,-0,108
29,470,0,116,-0,102
29,513,0,116,ŌłÆ9,064EŌłÆ2
29,556,0,116,ŌłÆ8,330EŌłÆ2
29,599,0,116,ŌłÆ9,101EŌłÆ2
29,641,0,116,ŌłÆ9,927EŌłÆ2
29,684,0,115,-0,102
29,727,0,114,ŌłÆ9,207EŌłÆ2
29,769,0,115,ŌłÆ8,548EŌłÆ2
29,812,0,115,ŌłÆ9,338EŌłÆ2
29,855,0,116,ŌłÆ9,835EŌłÆ2
29,898,0,115,ŌłÆ9,577EŌłÆ2
29,940,0,114,ŌłÆ8,877EŌłÆ2
29,983,0,114,ŌłÆ8,583EŌłÆ2
30,026,0,115,ŌłÆ9,741EŌłÆ2
30,068,0,115,-0,103
30,111,0,113,ŌłÆ9,959EŌłÆ2
30,154,0,112,ŌłÆ8,893EŌłÆ2
30,197,0,115,ŌłÆ9,301EŌłÆ2
30,239,0,114,-0,101
30,282,0,114,-0,107
30,325,0,112,-0,109
30,367,0,113,-0,100
30,410,0,112,ŌłÆ9,021EŌłÆ2
30,453,0,112,ŌłÆ8,744EŌłÆ2
30,496,0,115,-0,108
30,538,0,115,-0,112
30,581,0,116,-0,103
30,624,0,117,-0,102
30,666,0,115,-0,110
30,709,0,115,-0,112
30,752,0,114,-0,111
30,795,0,114,-0,102
30,837,0,113,ŌłÆ8,876EŌłÆ2
30,880,0,114,ŌłÆ8,491EŌłÆ2
30,923,0,115,ŌłÆ9,724EŌłÆ2
30,965,0,114,ŌłÆ9,832EŌłÆ2
31,008,0,113,ŌłÆ8,876EŌłÆ2
31,051,0,114,-0,101
31,093,0,116,-0,112
31,136,0,115,-0,119
31,179,0,114,-0,114
31,222,0,115,-0,105
31,264,0,116,-0,107
31,307,0,117,-0,110
31,350,0,117,-0,109
31,392,0,117,-0,108
31,435,0,117,-0,115
31,478,0,115,-0,115
31,521,0,115,-0,105
31,563,0,116,ŌłÆ9,431EŌłÆ2
31,606,0,115,-0,105
31,649,0,115,-0,111
31,691,0,114,-0,105
31,734,0,114,ŌłÆ9,337EŌłÆ2
31,777,0,115,ŌłÆ8,934EŌłÆ2
31,820,0,117,-0,100
31,862,0,116,-0,109
31,905,0,115,-0,107
31,948,0,115,-0,103
31,990,0,116,-0,113
32,033,0,115,-0,118
32,076,0,116,-0,108
32,119,0,115,ŌłÆ9,723EŌłÆ2
32,161,0,115,ŌłÆ9,118EŌłÆ2
32,204,0,116,ŌłÆ9,890EŌłÆ2
32,247,0,115,-0,102
32,289,0,114,ŌłÆ8,822EŌłÆ2
32,332,0,113,ŌłÆ8,839EŌłÆ2
32,375,0,115,-0,100
32,418,0,116,-0,108
32,460,0,115,-0,118
32,503,0,114,-0,124
32,546,0,114,-0,126
32,588,0,113,-0,124
32,631,0,115,-0,113
32,674,0,117,-0,105
32,717,0,117,ŌłÆ9,928EŌłÆ2
32,759,0,117,ŌłÆ9,599EŌłÆ2
32,802,0,118,ŌłÆ9,857EŌłÆ2
32,845,0,118,ŌłÆ9,600EŌłÆ2
32,887,0,116,ŌłÆ9,469EŌłÆ2
32,930,0,118,-0,104
32,973,0,116,-0,110
33,015,0,115,-0,114
33,058,0,114,-0,106
33,101,0,113,ŌłÆ9,317EŌłÆ2
33,144,0,114,ŌłÆ8,437EŌłÆ2
33,186,0,115,ŌłÆ9,779EŌłÆ2
33,229,0,117,-0,110
33,272,0,117,-0,110
33,314,0,116,-0,106
33,357,0,115,ŌłÆ9,503EŌłÆ2
33,400,0,116,ŌłÆ9,633EŌłÆ2
33,443,0,115,-0,105
33,485,0,114,ŌłÆ9,795EŌłÆ2
33,528,0,114,ŌłÆ8,969EŌłÆ2
33,571,0,114,ŌłÆ8,657EŌłÆ2
33,613,0,115,ŌłÆ8,879EŌłÆ2
33,656,0,113,ŌłÆ8,968EŌłÆ2
33,699,0,112,ŌłÆ9,480EŌłÆ2
33,742,0,111,ŌłÆ9,442EŌłÆ2
33,784,0,108,ŌłÆ8,225EŌłÆ2
33,827,0,111,ŌłÆ8,009EŌłÆ2
33,870,0,113,ŌłÆ9,188EŌłÆ2
33,912,0,113,ŌłÆ9,647EŌłÆ2
33,955,0,111,ŌłÆ9,148EŌłÆ2
33,998,0,111,ŌłÆ8,981EŌłÆ2
34,041,0,113,ŌłÆ9,297EŌłÆ2
34,083,0,114,ŌłÆ9,923EŌłÆ2
34,126,0,113,-0,103
34,169,0,113,-0,102
34,211,0,113,-0,105
34,254,0,113,-0,105
34,297,0,114,-0,103
34,340,0,114,ŌłÆ9,868EŌłÆ2
34,382,0,114,-0,111
34,425,0,112,-0,111
34,468,0,112,-0,100
34,510,0,114,ŌłÆ8,748EŌłÆ2
34,553,0,116,ŌłÆ9,321EŌłÆ2
34,596,0,114,ŌłÆ9,648EŌłÆ2
34,638,0,112,ŌłÆ8,562EŌłÆ2
34,681,0,114,ŌłÆ8,124EŌłÆ2
34,724,0,115,ŌłÆ9,119EŌłÆ2
34,767,0,115,ŌłÆ9,705EŌłÆ2
34,809,0,116,-0,113
34,852,0,115,-0,124
34,895,0,115,-0,125
34,937,0,115,-0,120
34,980,0,115,-0,108
35,023,0,116,ŌłÆ9,798EŌłÆ2
35,066,0,113,ŌłÆ9,683EŌłÆ2
35,108,0,113,ŌłÆ7,535EŌłÆ2
35,151,0,114,ŌłÆ7,316EŌłÆ2
35,194,0,116,ŌłÆ9,413EŌłÆ2
35,236,0,113,ŌłÆ9,702EŌłÆ2
35,279,0,113,ŌłÆ9,372EŌłÆ2
35,322,0,115,-0,112
35,365,0,113,-0,116
35,407,0,112,-0,113
35,450,0,113,ŌłÆ9,243EŌłÆ2
35,493,0,115,ŌłÆ9,247EŌłÆ2
35,535,0,113,ŌłÆ9,316EŌłÆ2
35,578,0,113,ŌłÆ8,361EŌłÆ2
35,621,0,113,ŌłÆ8,252EŌłÆ2
35,664,0,115,ŌłÆ9,080EŌłÆ2
35,706,0,117,-0,105
35,749,0,116,-0,111
35,792,0,116,-0,114
35,834,0,116,-0,110
35,877,0,116,-0,107
35,920,0,115,-0,103
35,963,0,115,ŌłÆ9,980EŌłÆ2
36,005,0,116,-0,101
36,048,0,115,-0,102
36,091,0,115,-0,102
36,133,0,113,-0,110
36,176,0,112,-0,110
36,219,0,112,-0,102
36,261,0,115,ŌłÆ9,614EŌłÆ2
36,304,0,115,-0,103
36,347,0,115,-0,106
36,390,0,115,-0,102
36,432,0,115,-0,106
36,475,0,114,-0,106
36,518,0,114,-0,103
36,560,0,114,-0,102
36,603,0,115,-0,113
36,646,0,115,-0,115
36,689,0,114,-0,110
36,731,0,116,-0,102
36,774,0,116,-0,106
36,817,0,114,-0,109
36,859,0,114,-0,104
36,902,0,113,ŌłÆ9,078EŌłÆ2
36,945,0,115,ŌłÆ9,265EŌłÆ2
36,988,0,115,-0,101
37,030,0,115,-0,111
37,073,0,113,-0,107
37,116,0,113,-0,101
37,158,0,115,ŌłÆ9,577EŌłÆ2
37,201,0,115,ŌłÆ9,668EŌłÆ2
37,244,0,113,ŌłÆ9,831EŌłÆ2
37,287,0,113,ŌłÆ9,775EŌłÆ2
37,329,0,110,ŌłÆ9,641EŌłÆ2
37,372,0,111,ŌłÆ9,110EŌłÆ2
37,415,0,111,ŌłÆ7,788EŌłÆ2
37,457,0,111,ŌłÆ7,807EŌłÆ2
37,500,0,114,ŌłÆ9,886EŌłÆ2
37,543,0,114,ŌłÆ9,979EŌłÆ2
37,586,0,114,ŌłÆ9,703EŌłÆ2
37,628,0,114,-0,102
37,671,0,114,-0,108
37,714,0,114,-0,104
37,756,0,115,ŌłÆ9,870EŌłÆ2
37,799,0,114,ŌłÆ9,869EŌłÆ2
37,842,0,114,ŌłÆ9,888EŌłÆ2
37,885,0,114,ŌłÆ9,648EŌłÆ2
37,927,0,112,ŌłÆ9,756EŌłÆ2
37,970,0,111,ŌłÆ9,331EŌłÆ2
38,013,0,113,ŌłÆ8,563EŌłÆ2
38,055,0,114,ŌłÆ9,759EŌłÆ2
38,098,0,113,-0,102
38,141,0,113,-0,101
38,183,0,113,-0,103
38,226,0,112,-0,103
38,269,0,112,ŌłÆ9,517EŌłÆ2
38,312,0,112,ŌłÆ8,856EŌłÆ2
38,354,0,114,ŌłÆ9,685EŌłÆ2
38,397,0,112,-0,102
38,440,0,111,ŌłÆ9,753EŌłÆ2
38,482,0,111,ŌłÆ8,836EŌłÆ2
38,525,0,111,ŌłÆ8,304EŌłÆ2
38,568,0,111,ŌłÆ8,891EŌłÆ2
38,611,0,112,ŌłÆ9,480EŌłÆ2
38,653,0,114,-0,107
38,696,0,113,-0,115
38,739,0,114,-0,116
38,781,0,114,-0,115
38,824,0,114,-0,117
38,867,0,113,-0,116
38,910,0,114,-0,109
38,952,0,116,-0,102
38,995,0,116,-0,108
39,038,0,114,-0,107
39,080,0,115,ŌłÆ9,412EŌłÆ2
39,123,0,115,ŌłÆ9,246EŌłÆ2
39,166,0,114,-0,100
39,209,0,115,-0,101
39,251,0,116,-0,111
39,294,0,114,-0,118
39,337,0,112,-0,116
39,379,0,113,-0,109
39,422,0,115,-0,102
39,465,0,113,ŌłÆ9,647EŌłÆ2
39,508,0,110,ŌłÆ8,559EŌłÆ2
39,550,0,113,ŌłÆ8,399EŌłÆ2
39,593,0,114,ŌłÆ9,924EŌłÆ2
39,636,0,112,-0,101
39,678,0,113,ŌłÆ9,315EŌłÆ2
39,721,0,114,-0,102
39,764,0,114,-0,106
39,806,0,112,-0,107
39,849,0,112,-0,114
39,892,0,112,-0,119
39,935,0,111,-0,117
39,977,0,112,-0,106
40,020,0,115,ŌłÆ9,356EŌłÆ2
40,063,0,115,ŌłÆ9,742EŌłÆ2
40,105,0,115,-0,103
40,148,0,114,-0,113
40,191,0,112,-0,113
40,234,0,113,-0,100
40,276,0,115,ŌłÆ9,264EŌłÆ2
40,319,0,113,ŌłÆ8,765EŌłÆ2
